5.993293706973388 1.5067375114683537
2.1169704573228665 1.6361701407509261
8.868193482302708 3.994147223513124
5.565296785415262 4.502879837683277
2.8618212371541123 2.320351955365881
36.95632966683807 73.35452275307874
8.51765362973288 2.697215170966601
3.17130319857701 5.332379904152295
3.990113373292565 6.840924712156761
2.370803095894831 3.1037029201435895
1.555481840718437 2.9250670345567946
5.726813865905782 2.1448245702169664
5.030509882053681 1.57222761203888
0.829211468853951 0.825505743524575
77.57981794942626 8.297541196176933
inf inf
23.512636245524057 149.3156232322426
nan 5.445625870726254
10.591216328342407 1.5405406259339938
60.53928503931563 75.26973596607472
5.510797753961051 1.580908606929282
71.31670600839635 1.8548046344026148
3.0818369352468316 1.4264232167821722
5.95057027648805 1.0633089161384948
16.23569315047265 1.9902940221999186
6.22224792985343 0.6869521485102446
34.910574203847624 4.093825833382565
57.346911767512466 3.264507686686331
21.414718004994825 1.5370947014474856
69.37528894607675 10.295207665494607
6.292424687919272 0.44501693791018365
7.52991066365703 0.5789652686322676
6.436986337566852 1.4367218140496278
9.661167398317511 3.689207611268445
2.1756258335113294 0.8099659334675522
0.7002757451944125 0.5067922493122768
82.43204901948262 133.4232900343691
66.59337484371463 39.42070598669583
15.998998488453054 176.89740921048406
14.37992067713617 179.47880693719094
1.5367108830903193 0.6169614268394655
21.64092254016697 174.56884642739885
7.922681844214133 0.6148620264277634
63.36671360843155 6.941331838976672
11.604913538370223 0.9357417993342624
80.88604685514544 53.61531809451912
6.509507492709526 2.141017693078895
59.858556145939886 144.2959895984642
77.79265356228564 151.76244557339447
45.93285400969433 30.115577691535698
49.045103017287325 154.60124333505453
43.82370027387711 92.59532882291859
58.93007949743862 111.64115351578891
74.6753741358419 178.41102399256698
60.777638710606766 103.84062086598523
39.573212976523536 11.666427960221766
31.786662111457105 5.692341153100177
52.60330354655224 4.067435932781572
10.347742584378715 0.6372088337327214
8.267403407579469 2.2970378857381895
56.42874186457867 30.340947763274023
47.26020225721909 16.019354629253993
50.17029583527645 170.23901595953117
44.29940839661188 43.13537635348045
36.926237236761324 167.88389112379127
53.48967940098592 77.82416623443106
79.7973737639309 139.68913730896543
34.84264269208808 113.24118851970995
75.93875924321274 161.42213800988387
83.15445005520876 46.35909814688305
75.80695654243726 67.8162905865985
86.6112426013829 11.651009200847481
24.187543629002075 9.319728038280939
53.06878217745306 21.778119093061186
inf inf
6.43654857475499 1.8734877481658503
77.23760155151356 177.37630392923953
17.029218699333455 14.399481779836828
15.636535074925352 6.843610109152328
inf inf
52.05817926116397 137.06418765823892
85.54843947819849 173.1106971941123
70.40975803316243 134.3459731932204
4.960209774936023 3.204614493962394
42.703277720087364 137.70964676417734
73.46207033221154 162.1143347570748
23.902391343819534 2.2697271328115365
86.83924573943317 36.82035382330625
21.74708462697232 6.996441776019977
32.12297008927967 2.947308938147041
76.92407606778556 28.204650128062404
73.9121742288212 161.97492025848234
75.08587740776329 115.95305695779156
75.79162059130488 166.5511023644148
inf inf
39.93491649678002 162.6712753885726
inf inf
19.249280291779485 154.0724746883954
16.752835219355006 1.667304354283583
38.44421482580722 178.82262687386776
70.92949414700671 146.14063731277184
13.751414027977347 11.427599067064826
inf inf
36.088655413559465 26.773334032016404
49.19939124712805 1.0042560056710936
1.4781947356209109 0.7218198653892636
53.925481004004595 179.014139686403
72.75637395614677 175.8583335658282
inf inf
84.07724902730024 171.90776443652342
37.63821098563401 63.86997754717171
44.675217206587604 123.30229814042596
46.6129322625265 162.36893306458202
54.128478454324984 110.27924567916821
inf inf
84.55750888867578 141.99715712640847
67.70474120319798 150.28155292188669
11.80234505075094 1.0540059610296943
inf inf
71.46199494621624 165.97341545872177
14.628773026361145 1.287323640338194
inf inf
inf inf
66.10790559017553 15.095075472221431
26.99576170527351 58.315689624774215
28.412088949758544 3.6969343045762972
82.71914106735092 35.196939183661506
62.960554255400886 116.57452901176313
43.284030394165256 130.27589911361767
54.48338401378676 42.30400547649259
35.86634978882253 172.11625626881357
79.11119994236279 51.73341822337248
39.730413484714155 1.1922305703578042
43.340355413747005 4.8988786703527785
50.94762340325474 146.45063420859051
25.638281188728097 6.8141637756159765
33.41606650675917 142.6584176847465
39.82393999137838 38.44482414071445
nan 21.726702739377483
33.44261662736146 110.00372195922701
8.54099338092418 1.3565468650844819
2.583879604416774 0.32783991808080476
1.702587326732792 0.6519698132366045
6.7541680112565246 148.27714476123714
60.43564248874411 7.41686045863847
66.69807972235238 66.18932560399375
14.619253073780097 0.9678959240450226
7.0573003163857075 1.7279363196079691
84.34793520099426 13.132162826906788
6.214624336859941 159.89642197592562
4.308046908054596 0.5248487308310056
14.497966476618016 5.643260357508003
12.812330967125149 48.53306736290803
14.07600484284569 0.38569545523883814
6.377024618643621 2.4089283243555046
3.585650386644141 0.9662438566204606
3.538303781682418 1.450779748248526
63.468886092619115 94.59915991143295
75.45776239670072 99.5942203959134
21.57630032493653 0.9206342884501152
22.804914527208805 4.390858567101912
23.959276003927982 97.18353302244635
9.554184668637062 1.909571451176463
10.837460397403213 3.3042235545405036
16.957484128283372 0.29744701677318275
27.98046721214854 152.15523219524414
26.68585858425041 132.353863008004
16.452465646984912 7.00386229565043
13.069363859797733 145.4933685806304
30.92136898744792 27.917867209503687
86.21539464154232 6.4356901058154286
71.27208582490181 28.080386576933627
41.69410274497244 24.340977524778996
24.562359240672702 1.5336589803113654
15.036765560331347 1.8589674878628504
13.272655951491556 1.660103018110175
45.033821731816886 162.59487812795555
14.97781578331498 146.94503494710253
63.25030938555914 3.38438658108568
60.129986312859046 15.186218026331282
76.05860042767974 7.384245269695592
61.42394722005422 105.26095323148279
7.990461348295644 2.171518297515862
4.673374131296649 0.7724884838000676
21.03681789662592 3.4415113099327934
53.57859316031243 10.848226441770867
14.634225077964235 2.590204395376635
5.4255350655855015 1.617699159635218
40.60727616172363 20.20882716334645
14.373306940265078 4.063582146587173
32.93367500845443 66.45187591341806
6.18886122475322 1.750673453558069
25.835548096889568 159.42635972321048
1.6230702526994125 0.6243011786155125
83.01817678798197 8.17471814728404
34.06747006776647 3.7711684764772264
45.425209346847616 113.88198704696718
43.923315371130315 154.42595004194223
23.479287854278645 2.115461883036829
27.634892674314678 6.393904468180606
84.5201288968323 118.00585880009412
41.52464124969305 3.155135823999905
48.541180262472764 52.72183306047766
83.0689298850364 135.9313925494181
63.55382329453381 100.1374670803184
27.133387569615884 5.3584325561374655
71.29369866387303 160.44130997485797
34.711353253186246 153.24900640852488
85.07278474575804 137.61039086159911
nan 46.66499761932124
40.925561937938944 177.87088159951892
9.036796214723768 2.4852788427233605
81.50384773702075 73.05340240989098
76.9132600886549 16.20244573675947
inf inf
inf inf
36.56397117190763 147.5230705409024
81.13858051745233 98.79168353604679
72.15726938903921 151.86123489697982
53.676413715677356 164.2512559590354
inf inf
inf inf
61.28294472473535 12.69515366696854
33.513926116429985 157.78467257557293
25.711839802632653 158.87231121551247
89.2496700995097 53.78969804872815
5.501260553274946 2.0838704415853466
77.16983485781225 71.68693065496863
30.247957004201425 110.96405844007236
79.20881988404389 164.56869611625496
42.44970632010844 139.86003036733345
37.00104079090603 24.75625315291558
28.5577786536982 5.222588853560693
11.498375301560767 4.168054629449889
2.094646670124781 0.9203011847363093
70.48292546265877 27.568368848040617
61.39483429580021 22.455447456999128
75.56047177499653 2.025599868696341
50.25622309760524 145.33474045424805
inf inf
5.347790177034241 3.3088035405921845
1.4148102326892695 0.2670169985817957
23.44586638951995 3.807483320968402
3.9313735379233834 1.8456052439513657
10.267815513301978 0.8945200923417699
7.394505404383666 161.7583476209344
0.32514462669452265 1.354481932568749
27.73182946431612 33.767600165847675
84.13374439635793 32.7536121679226
1.6538147528598406 0.9765924574236294
46.57248659766674 111.88532566556374
inf inf
inf inf
34.41515635695768 120.1538800572736
12.671734298711543 2.6859943368845505
29.56530358035866 178.89011447254262
inf inf
78.4649622449223 69.45615579144948
1.6438299842343258 1.937352941501837
26.407749686679892 139.2669709411615
10.611995041440196 5.61246443429087
78.51160764214478 134.8715974309768
56.1446343426648 169.0064829655663
45.19397579110159 50.83097929135335
14.735391323989267 131.73768844765
8.73827018344269 1.3082020044359435
67.00613321415925 104.56387843594176
inf inf
5.540938147219748 0.8764519943682962
13.057914285722374 2.0156966918726575
42.61064612253774 8.547596779522
23.032658147203886 3.8476113082352605
49.75401967921627 99.63859361103658
inf inf
inf inf
79.662045748334 77.61010631078766
72.40081275414579 10.03855125614611
inf inf
inf inf
inf inf
10.922929994070737 2.852536122371265
31.92361519580155 65.69762732023153
10.592820019167718 116.66920688223179
12.783637525386464 5.059536544480037
35.993258105085864 13.267956363831566
71.37864701817205 157.04504704152504
75.44048573967234 167.74873349710018
59.81225339406306 152.25760428269203
58.567790137121335 44.62165281448951
75.3730889062431 173.73893799116118
37.23279013407025 17.124129646820887
48.9682350298861 110.80835365615935
47.80476223078066 33.76391192242761
3.4808382719385147 1.2580455278710843
55.15619683144499 141.1064234256535
22.94920923322769 154.6011893657408
76.71082254496662 13.635455467673847
17.450613194435906 170.60314160999633
78.08801103986731 6.571526805406367
4.853912288428913 0.9936946321757613
60.01919054461855 167.58357002876073
40.22746011071834 92.66793942905144
inf inf
50.831477299259035 134.24438092669905
35.791211642095945 4.725080123417463
39.43964664163816 49.20077558567169
17.35194081237765 1.476824763686813
14.080770429137745 2.2622653668816572
47.06388218846094 155.91681608066557
16.938654078458526 169.78502101250476
2.8487718079530913 1.6489010448425887
67.9747720022918 172.19799523286912
21.802631880953797 13.48660309028609
10.695337452944857 14.454474060603788
20.67816610713801 96.7268308437974
5.500267370517614 2.7770031533418806
14.921115060598538 176.67213321924865
6.373124432427895 2.8696366700282403
17.10529352164673 163.19146674327908
17.674143559298646 2.3824386236310886
20.251276068352908 1.3213250725241696
71.39751826915278 30.284415373027567
5.168308457555393 1.4436021656741442
89.81216894376206 5.550718994580347
4.005860718344819 1.1419630243537866
inf inf
inf inf
70.85421199074064 163.9601956604865
inf inf
42.47460116781093 5.553518704782197
13.442677757598794 1.8193439419025157
10.991929600601438 2.0761540580494846
23.938548186667095 13.545000611887303
4.428159152566478 2.7683183580572868
75.12105156326182 164.6590959866107
42.155944467932954 177.66692404159542
76.15475225574039 127.22204953312772
38.97991742194742 97.66716784471211
8.603493722290375 2.7424305133226046
76.01184297396725 170.6284128151014
inf inf
inf inf
8.510512020785598 2.5358684392006823
10.269824068330974 1.2309475632777622
inf inf
66.70673958024389 111.4028008443311
51.19115622833485 136.74778537522818
8.423574183332866 4.952780829453721
59.58090912935079 131.24981828989405
47.89330902670051 77.52382423790469
14.120488846691643 126.90329218524249
2.480121618075305 0.7782463121657388
84.64700722107034 127.95897885647568
nan 95.84919936777155
inf inf
inf inf
inf inf
60.03486315762579 57.852815315954295
27.445057914785284 2.3028101279968403
25.84611283821955 1.7654578086224786
14.980108731855239 146.6021622026114
29.693596864535266 128.61558892299405
48.727288752886516 6.001220277377344
inf inf
42.796098068170636 136.203815268748
81.84900085047887 111.67080831998751
58.48857932776997 115.46874255966524
22.994134979670772 154.96631536275905
72.89094370553653 84.35066315657015
inf inf
53.04732270388195 4.396138140446505
21.90467910180432 165.43245747668843
68.58397213039228 154.54217241052186
56.353300876865966 1.5378505932600997
60.36128932438488 9.063761326430386
49.38135206353579 51.08877973851013
56.33330059294023 116.86858493814628
48.05646715417586 133.22423156713268
18.745666295461305 154.55923040784646
4.968476413018487 0.5052711186831155
8.42117001386967 0.6871261575218174
36.30050171039784 117.19006002188125
63.5447966826206 122.29061793452068
47.19726014090718 119.88075178639617
68.07292485352514 161.30398403568827
56.33543367608215 26.360263543045555
28.03935777281491 170.17365496610287
61.59258399917887 130.6152501973375
81.97881377387682 125.04490923635288
39.191911019761534 107.21314243687695
22.596597068304362 164.98544691533897
16.90629213008104 5.3201643476373315
5.6371327442477375 6.480688806980075
inf inf
58.18331577737089 148.57179378343668
37.475383600906454 5.81831692554153
44.85584615224027 22.67401659436879
22.793994118699416 3.099827542692874
78.21416402864175 141.32705370497533
0.6963872762912647 0.607578956167189
9.297927491188474 0.8115197761405056
54.80884020241144 40.92982711025473
75.89800634067711 14.904076843616862
72.61932474055604 173.49866242285418
inf inf
30.0504826346166 109.4115250149639
28.34174702482278 140.47937622480168
nan 12.586986513826979
inf inf
78.88473008952984 40.27962345786869
65.29685904603171 158.8094686905166
35.12962989807929 79.82326800570989
37.20051544629746 169.19901724271173
inf inf
77.02426158571897 155.13286789586363
32.83040041923783 166.12756102447918
inf inf
41.118806969070256 6.198879934655908
67.80728015831886 36.74705034610009
50.772205629938554 140.15992757554133
52.728219672017374 6.147475813410641
22.61265907680803 4.774608922506616
81.79677819705809 155.80533753236625
26.66691454676123 2.2043885255612565
41.9814301928248 18.105642704909112
71.36019798658651 39.56065162012774
23.59659134121357 12.218691824973465
18.99853327595169 6.860802300165462
30.261433281548545 22.97869810143517
66.44889388155781 11.00421012777557
inf inf
49.299071242325596 119.03199792482816
inf inf
70.16895496138277 148.42067383946477
35.497281838097 113.48650195913956
85.63359065441796 174.5819004299523
16.573636391917734 2.174771384873014
70.49722943585301 168.62364522732938
60.38406573593227 22.610671705247857
78.56238166614939 166.10879682446057
79.93527882836698 167.25306912864252
7.24561229646711 67.08706179531026
3.7975396611519363 1.8430455374131125
63.947800809190895 174.9595701459375
inf inf
28.65105601565034 165.47188369762588
78.796383528111 151.2160965434268
84.01929558143136 133.70735835885787
84.99946546642931 152.4607558083387
67.62824318618247 100.03584289146379
60.90309698761254 169.49448478929074
72.57697304606965 134.15542059537452
62.996641907380116 132.84980225931963
inf inf
76.18750751186961 115.57442663865025
49.824640958330946 56.163774890966025
39.781762704078005 163.7018424490908
47.87870157084237 29.25414184955842
39.25265482867272 169.58970115836905
50.34690034364732 88.52899994569842
inf inf
59.362619374538326 25.363674926989262
60.6586681063967 92.05575456620699
inf inf
13.244706909069594 1.29195719286033
29.76054793694949 1.265200325181295
88.7659281055364 115.69867989314996
nan 39.417684328622
61.79433586887352 124.92437176189678
1.14995397969429 0.4063753985462691
29.902806663648953 6.539424693283216
77.44307960746536 161.06104074544444
16.02319711037761 2.031231994445937
60.195088740021404 38.611459603866244
51.82331986206396 60.82536433072289
40.766326161341375 95.64111077081594
64.8816288982764 130.5353128066586
44.22608852087427 6.693769282437062
28.578723873475457 30.40329694964509
23.29530934808191 9.16734323871977
inf inf
5.534997740916261 1.7042567573688845
56.17322104307439 67.04795474806797
9.84066358758226 2.1791039019854317
43.3337063673556 3.1537993278496237
55.2493151125935 125.83859624474204
1.6510108543519593 0.7980900701346696
5.574899586682856 2.259965543106052
3.4163158594007554 1.2709021189969392
72.34160733507359 178.10815889853077
55.90125495062042 29.092335780150222
64.823217448643 145.29866348401447
4.891544696123137 0.881321598222551
12.003557629140166 1.6845167647852441
18.72099369364383 5.891533582980196
inf inf
45.99614953528548 68.4541379440154
3.4307030980185638 0.7526027886899305
39.11709114988909 100.65488844139466
47.797658103161474 42.36798029709729
inf inf
65.36112399721078 159.9310684711863
51.18772946013558 173.25584678127453
88.11075913427864 88.76239673149504
12.523650366684421 118.10780287954844
56.83799679587645 129.8607447403787
36.97349185152939 162.99560138664305
73.35347919699312 48.816556840853366
38.545577486149405 13.0126036581646
7.852176338010625 6.183643466624111
57.53470281711996 123.77422987045867
53.433629324712456 101.04196966888587
60.545102261233495 107.51650974194646
30.38297025585432 0.5861106537855602
57.38622751832259 11.604118266288843
75.93415918118112 105.06229351824831
74.35614762929326 176.56514118076078
8.950369376127538 67.60332831531143
35.17107732663356 16.91769421838783
inf inf
inf inf
inf inf
53.96779548747483 148.9337034135126
84.73699859075361 6.869912366220163
83.63918946374893 14.757330989208462
5.630271826225858 0.431337724878095
52.48172795888581 101.50542607803841
71.97738988741847 27.502405332480336
85.27110641249891 24.03267060949208
5.982224221976786 1.7292472582425864
8.132139863106511 2.524539684887073
41.4678873468171 7.967872983893897
37.50451653565409 5.9914798620455505
16.73472910557421 4.350245225566407
7.20170790566399 2.5929634257455114
inf inf
45.10839952472478 4.497974649723024
13.087100978365388 4.404995510843485
31.858858731658316 22.80187716218997
62.52816325088581 8.41761199369989
36.00489653088261 153.57773426120096
8.05099541862261 0.8095921626153507
55.1475008485927 140.44787038199405
27.34959768292643 113.23077652788423
81.44293615495233 110.40697714845209
40.775211308295916 90.00990159394063
10.891756675988953 1.3377032054472222
2.287131307213808 0.6342928370968454
43.44580019694506 122.39822160330105
11.929182473492668 9.02444550116777
3.704189752598632 1.6247299506294928
3.779435131726133 1.852093030538843
17.329135855894602 3.4934501929141133
64.24825254652306 155.8790437347901
22.53000670238685 3.7194044232511274
21.931924438073388 31.028092622046017
42.84853675025592 156.48001959242012
85.04972605802165 100.91126475753572
73.01813579856231 100.07363531192907
47.56090474295192 178.21870338799204
55.35120043658627 83.58996943312025
55.53002374831917 114.73570421290981
85.01188518152021 119.91106256477825
53.48872225384764 4.222573791170782
56.603987954741534 125.80632609055323
43.31096323116802 159.19570810689206
49.23724545550496 177.57157110584455
29.991869841312 52.99654898989276
7.357762204114036 0.48742880564461416
2.610097197019335 0.39859812037281267
1.5614226515723277 3.6247840667224254
7.420095325839685 0.47943412497010934
1.4848298631267431 0.9602153018118366
8.155056235005349 1.341481470638886
75.15139818477569 106.1695202602322
77.41213963884948 152.60729763827473
78.85195994082727 58.60979187258684
6.954569285215537 1.5195426941484904
80.84801285165764 73.40118116935373
19.40403547650693 20.152793785014758
4.1220318298202026 2.455604679991496
0.8510162004424758 1.7549362349374822
3.1860338567793405 0.9069356679477968
1.6636899750474063 0.4858718322588088
37.76703509211684 55.77854624031696
20.250773915311356 179.54066701188313
33.02393384897388 88.44882982905405
64.44271213163728 138.62300755010082
19.473108254835438 118.5051088641434
35.03714033408884 124.77287514650256
52.637662997166785 158.6577022021765
37.950719030765214 129.9624807585979
85.32913116946756 157.3270506778446
42.04880479163867 177.80508116399122
65.90001017350791 174.8490443889553
74.94485468161339 115.94004577119026
66.5122563342271 153.98888892527665
inf inf
57.98220785678916 148.24144710984984
inf inf
81.24833078849466 142.05689752315024
13.919510041163704 93.79811937318402
50.79435242677272 107.5843779191113
62.64815951290094 177.91308792771423
29.685204243410766 154.98273807027888
47.1987156841779 161.21943469591028
82.45799561678318 65.98077960324854
60.66531072834799 120.75041375005942
75.91035330813281 13.055015842657832
66.52825577848719 168.85242934263636
61.4891202506564 166.43317997045068
37.54434320009163 62.6785733045353
78.18152609245944 1.6755456778877227
77.9912862302796 140.20023693446993
33.98624003097968 44.75238041206614
58.21559135783427 83.18872159724881
inf inf
65.27748642895537 112.95633165560267
inf inf
70.87124449205098 128.2130323913971
51.971033984465464 128.67508604366864
86.83652414397368 11.022282772151991
66.2433726708314 130.67068483907278
25.707562258147707 4.26453586547985
29.40738552640127 154.6004467256485
39.85303241388429 82.65091603342545
62.80525554114166 154.64185770549994
54.38803128940893 164.1984404976244
43.311020492516825 99.3487801644022
inf inf
35.174398091115165 33.85270444228182
14.622413596648153 14.544878689803566
7.250303885200108 0.9409847778566672
42.767364208104574 119.31021750863194
inf inf
28.834177563910362 68.47804630259733
80.82524535845668 44.66077069062002
31.29473852352791 15.702882691265351
84.63647786515678 123.83124643253859
10.829709073519314 0.8218852469464852
63.3269500240245 28.64412929703179
40.63532075974113 98.46312187342306
70.62497370976973 176.04071142322806
14.036718292460467 5.605286479936937
66.20363336671191 165.37037293441077
84.93592156849046 141.69005608211285
11.923158481571987 7.132914546994078
85.54099926778689 21.97102478815141
76.72927147284388 126.76566366455512
41.037555411729386 58.72940294515037
inf inf
21.79157365707188 3.104873002030379
46.9896301841547 1.968478580746013
43.023225166840184 99.91320257406366
56.320882995613516 139.89183519250466
3.2660466313902865 0.6306351438536767
34.60101129450833 67.47046960472272
75.88575878623735 154.2914969021642
15.361100464160437 4.781382006342204
79.98789060532779 102.08884363200923
75.7300345851535 139.2030142750604
68.97717000061905 150.09769763408823
24.79837826903048 6.878796128430799
5.785282692759053 7.583433253712105
80.65371646748008 177.8257877698209
inf inf
nan 69.05359048655099
54.289838732605304 167.9696640197656
inf inf
inf inf
inf inf
inf inf
30.293538986039028 0.5137891010909407
88.7075409988661 113.44271804889192
86.04299432409691 63.97429700881442
inf inf
27.406069724126695 164.30953559784257
27.867154621782937 1.4438209240838267
35.08475479072551 75.55668921564693
46.35542050631847 113.52789783748949
77.92028225112388 174.1085139901841
13.276468063250718 21.712726199162898
79.2917319985172 90.01263624035403
66.10750134087533 20.09847744103071
73.53057774881655 133.77402096225086
74.68440457283918 20.046704323095845
5.322787899796499 1.247451702101477
12.154605859039421 159.80508777412692
39.71865144142517 61.20811119076873
51.42475818874922 104.54802028146528
18.270054059713317 157.43002339190144
19.01485005007621 158.15601080501696
45.4723080462624 38.99871573604124
71.69822562016878 117.45708863272127
46.03149647708281 96.51922762367613
43.9963419728914 60.79561560680641
65.80333423870411 28.648023820605943
41.34739609382002 6.238107194623684
88.83550859441605 109.83131397063617
43.269849828419396 149.03511511685775
16.465867966903566 20.342995486364693
35.40754659476269 175.5076879226699
59.70827203293125 93.50617928367137
71.36593273998251 10.974588365207284
19.290314831755104 8.73163489358087
9.85334823581945 123.47391053636844
45.81755024704267 23.78367151519481
55.82887555456703 29.662149373655705
88.84005528346488 57.3388596294555
7.998700530193379 0.44598135699563113
21.076820159332012 4.004586037770712
78.83914052606292 156.31108836985172
30.176370003813215 3.098454635580015
19.54448978771239 2.1028327846482435
46.03975067732453 13.849931887916279
29.98223990840234 9.608081644222294
16.11437708774621 3.601637009025241
46.62691621948318 56.49941672208124
9.695159652828528 6.108511677775791
28.93283516780412 3.6095151890220194
inf inf
85.87270016641769 16.397378129986592
7.337197939468666 38.33135269892364
33.37964060729033 91.93664454108662
46.20760417054146 153.34491250111077
59.984592374740586 143.87124432486965
52.6661223984443 152.3057760600567
15.825456647096777 146.83042048446583
nan 72.52442542399712
50.36035212496512 8.451365751553388
70.19276500043277 83.39373543447121
64.00753268957112 173.41085036593807
6.108365880968197 2.139268226257775
76.03415015860837 77.1228886275797
59.823261648240404 8.362085100586258
56.33991511195249 38.70409927409922
20.847991115271327 5.701081304215848
40.97930253764826 9.511904950445818
54.17289090254487 100.91132436826291
8.67412796956917 3.1219107934731047
78.96418699538111 155.6215876552794
26.363243704991348 152.3865196469694
2.451174418447308 1.2232669719156846
10.496371024887907 1.7424869483729628
16.430209942420728 171.37825701744157
83.55970003782822 177.8527238208018
8.903004390184321 128.48884417123483
34.68583823421116 87.43215776391285
57.81322083295189 18.559671026577828
32.93913298722896 14.898572705381843
4.320634721495776 3.0961478073096047
5.6595574053184245 6.5016934746976505
46.4355744438793 1.0752152022778694
64.09020629282203 162.92565486336036
20.681965907007424 111.84833984521254
13.522681905328701 18.410532917082882
19.845007410117976 1.937084348747459
81.83856381372047 48.38157942412193
49.438962478677794 65.96910312664224
8.01711978207401 1.3040258365899795
82.13031308543468 172.19606736144
23.534612167400393 54.71030177751716
10.659111914146258 3.9664145866935283
6.766366559546518 4.213516764072539
28.716956405783186 3.5045407725740896
6.649721375988102 2.3556002211051705
3.8191465814568457 0.6716121255602727
63.96673060439531 31.895525456347833
66.0146462530603 31.120937921772505
22.96659426024745 50.35458845993917
4.01295281524377 12.015259063265246
53.00225149607921 130.34154579868206
42.63912944297306 46.59653236247525
1.9140790547831232 1.248324901650316
23.149450823738423 6.663539865036732
3.74821583609964 0.38323533580849095
7.035201716710438 7.174638965530544
52.01097169335092 24.797470598112284
3.0833028986645825 1.3141421172752972
23.3516495837969 146.19584669547135
9.174976884536418 15.640700713898061
55.77215346435128 6.711117726500504
36.54214482924708 3.477429412101133
24.434186192979258 2.4614739055467085
26.579903949113028 53.114726102128586
27.41876591703158 10.372597155208291
74.63245581179606 57.50235117699411
53.27571481488931 21.997621643986218
61.711664552466644 179.2850048112624
55.85988212448045 130.9393793424092
64.61318602267667 8.15105888576606
27.10494499213405 12.288489727789612
3.6388309575587208 1.1746266794056148
inf inf
49.38262546627902 114.18601281923591
21.814103505571246 52.39698586128394
53.052973246301114 11.751755891038792
84.37318835321946 101.30331295917021
57.38315841937266 162.77764247453553
65.59285273281151 145.90114295098272
31.922571342545712 84.28944806682054
56.25944831118536 134.3741882828106
61.08962035696823 152.99763562337705
25.587225450802425 138.2685230162448
47.63344549440541 81.15383247783586
48.358705701572404 6.492097581554439
57.538669085119494 12.459227160465913
40.486750448827934 146.64020550356662
83.74462400372907 8.789810970846364
22.541358934481018 46.13639822553163
24.881973163927952 1.5342999382614602
inf inf
61.507706929817246 176.6615102689974
27.708008651195577 12.15987174410653
10.3028742618597 163.83512247604892
inf inf
75.40372478607837 141.3232434342993
9.957643886984059 0.41121535087206545
inf inf
8.355090226237191 1.413682482993234
47.59282599276107 73.26631663063411
24.388062580091514 178.09244193638082
inf inf
inf inf
13.566259125556371 57.57553631831013
8.631341808407754 1.2698085800774503
3.5527354625660648 2.115491208543588
24.18350655485706 109.33759985984051
56.632449156489564 5.727823699810881
61.64798878643409 38.690120094503925
1.0730759408772763 0.4285194228881104
1.444464973121347 0.3515186432282195
64.69034418562737 104.0186844506304
8.923909311265554 4.896393425594689
42.584204991712575 18.10711939620086
7.57679607939412 1.4771051957700787
4.170199864136465 2.490223610208472
10.856298274133135 2.2599410630797685
12.86652917495787 1.8234452162232861
4.800274115456077 1.0819248480317332
25.78741377700397 10.392068987146477
51.10386251326801 24.659084695663193
5.889137390713476 1.655928248258385
26.34089312821476 158.77574801328296
37.05385767490296 13.385078728072719
5.689612169226833 2.00156839254741
16.883268326098623 4.37389984710263
5.786820378697067 0.5218540188759984
76.92952699419119 66.9966494611656
60.16458685470299 124.91255155879
9.551224979439354 143.74016611953283
76.51627475962991 10.271154402505282
4.093422312351673 2.616911416497063
32.46690280482491 126.56502571322423
3.6877919548246205 0.6113244961057752
20.58398781693822 172.73365373529597
74.83951865761416 67.22418279237995
20.14114353789867 141.67161476936877
11.773991182358117 124.10776184911674
48.68743980457441 114.08002717861604
inf inf
inf inf
inf inf
52.48558119148598 72.0457059471954
33.52915486068622 85.5915208669723
11.8716635252484 142.38751650378552
40.2647720829677 52.99804566918721
45.80284252433134 147.13494634689067
44.4581191213077 24.763497586459824
57.27809771346623 3.629866245144988
56.03174830558835 69.58689579943969
inf inf
inf inf
inf inf
89.09218286543938 152.7524499545986
87.59905024684032 49.87400155186031
15.63481822468975 2.1470569981854943
61.88729229153185 153.3317992514256
2.007723234105862 2.5013226554157435
41.36557748940859 170.74759345600816
22.6246801660345 122.92289413773558
41.17551936384227 144.7495637493993
14.686354453652129 12.163540372648736
69.06879477511396 20.830320495456842
1.4007076013851019 1.4194150204229439
42.45856560862498 18.156684480790776
65.77562978841651 127.70829767246084
51.78048529706957 138.50220658383893
33.39095427201707 160.81655640526535
44.246357133764974 158.03526946187603
17.892440154333322 1.6680059888459402
38.35242928866186 156.37762582353955
inf inf
47.385340422478656 34.52286362317616
70.65180337140924 162.96210061410042
66.53147241488186 95.59530509342443
59.16788096279484 33.84799384063098
77.36060929200467 96.07617733837856
79.04449175259101 140.79522340629126
8.272040563989863 1.1530662046106523
28.188344214788913 160.75218279577976
18.398471398464295 155.50375830685059
69.3449237029855 112.72724768716832
44.473816043938 124.28315057078528
61.12742619158894 60.36194004725731
28.94848060691433 90.00997249276544
9.180017698571453 4.158021508199564
37.455980397422195 47.413263336560775
76.9344261448943 154.97861312123692
22.27194489943122 152.4021511235794
63.06064531229424 130.8365215638974
89.9804451773455 94.64473807491416
29.47231403760344 160.96906960102928
77.80734008574238 27.178663955145453
inf inf
inf inf
inf inf
inf inf
53.24861577240767 158.28768878381044
9.703141667811321 12.856048142154357
86.10253717558493 142.686240565855
inf inf
inf inf
34.18927012350102 52.44086123661747
30.444671891022523 141.36812061473185
49.85476584005366 110.85455119980574
67.75784566205087 75.25127508318738
52.262832629110605 3.086980461213952
inf inf
80.5266703188912 2.928805148638206
72.37049392711502 45.71612744237829
inf inf
57.71236892008356 139.63393974003048
nan 25.57364256556525
78.57369830206818 129.86031829192308
6.1817047140982355 5.640848317665867
25.45963461064604 39.51573991329729
10.024943314329091 7.626870107823212
24.325904284751186 156.80102602505272
3.1327851811431935 0.8822073276151697
36.66018187789129 26.3430665540796
16.379068737607927 2.2275428024949364
9.77502690738241 1.87661690349163
2.2851427311646253 0.9296174040344105
79.94848515405225 18.049569357452327
51.116524568501426 6.373411074134131
15.962169187186703 3.9758697132597973
18.81891677077141 11.717282076470658
52.43700579697952 96.778944489075
62.844101364873275 163.91855657846364
7.875225343050458 3.5212343183011825
48.007615845503416 159.71231725418335
74.77137494760949 126.85203132547541
4.18170668882986 1.450942230040659
27.91362996581827 54.315684493633825
50.345933804963124 91.57626143573931
11.604964798745087 3.1565088346993364
4.235423317691958 17.438341694617183
13.269797057533246 2.085756485367923
3.1190031686762048 0.2120081395699573
47.99887963774239 30.89685248653868
49.47647859796464 145.57113987223659
42.22526423743352 132.37281386498623
33.13641876016783 149.2059643368646
70.33694310531027 22.56318333317395
61.78745134092528 152.98987072594866
34.402218210588245 156.0263085153374
89.10344490613454 70.85313642766626
2.7808970929823977 0.6209676256520053
4.9745071724367955 0.5745914598455212
75.82391804825436 28.965702556076312
47.257313583858924 12.425142686699008
78.95823595193544 41.52152395124268
32.16456220403179 67.06352228410225
34.443474800345236 3.9104283125625066
65.25672644209726 7.107786215788062
18.271540070830216 174.93848653124425
35.79545253650066 1.8101207864100266
3.873030573262587 0.4102189252631382
61.22401915804387 20.733776378619567
13.251390894240785 3.0695275191787883
83.47869697086465 27.105936110505123
66.77253065364607 91.59963528869159
75.87825892251762 6.678831937903541
inf inf
inf inf
inf inf
73.19993647122624 151.82283341915726
42.3478768592759 57.80894692261272
33.269614332754664 61.06567996505967
2.7660047883551644 0.4240174135895186
27.781549905006468 33.723686937100496
30.928778682696592 6.7355110785145405
1.3042149857690393 4.011394184599526
33.37327704323174 45.751868802489675
49.649986359919104 129.8059188430624
9.493251532664567 1.4309148555859625
inf inf
inf inf
inf inf
inf inf
inf inf
65.74682301182325 139.65173412115715
49.81622742862413 100.95160719810553
31.373929442381126 7.799903449675133
77.19709441205804 162.47438649906246
4.93243156727451 0.8123271828480447
57.55990608275566 66.1019537456986
27.70735161391164 25.487144753025017
38.18117873286193 4.972751779512578
77.33464027156869 124.84126425352065
47.924901039094124 148.11311083197532
inf inf
42.037463364302084 4.173883466800943
14.464514796318356 43.503118017381084
24.385545660834907 171.88091406915393
23.230427953113008 167.79840517759405
67.92705819104712 80.31158745257561
14.79062793246267 5.699579318795458
59.592370364299356 2.1887935493521895
2.8563545383360722 1.56340806540239
5.076099810907981 2.494466833288913
44.6532451842752 12.467953048952504
66.88301052519893 130.71839400389138
61.341287043928986 16.019904766366533
10.941766431503167 24.512213445275133
69.9237727065475 8.69734130066001
62.33135521680664 36.29054709708433
64.25639597795791 178.91185356644033
12.844617780651202 5.779657294330714
nan 19.23518047663577
inf inf
inf inf
30.025385233064185 129.279149622086
73.32301275344211 7.3562639459075845
38.93604098447802 2.2366418014129996
12.286262800078692 6.297741752826131
9.924782357385741 3.855201743811322
15.529215004132471 1.4543117956169909
6.590123729210349 2.7903378525724043
44.276882476798036 3.6224990749907753
48.626273982931934 168.40481987510066
65.4487079627958 31.06589130063091
82.50488176986424 75.99661777635905
15.571426209635828 5.985558981509926
15.739054714353244 179.10933078015447
49.20538971993273 142.39810368825547
29.69714810697885 55.795468014418816
70.15928064898479 122.41618157485392
38.7779246124625 114.0750522516032
17.763010705554198 3.826405385634414
76.09783469182103 113.15796442825943
54.020051737578186 158.20375462252537
10.448161073808889 5.211191460983307
59.83385712779676 71.13396833838137
16.702194869689038 131.98508987218548
22.99477208891568 171.5064445292203
inf inf
89.91658014697393 137.4074746036734
inf inf
22.822542697107444 50.18021949030883
29.699184935504565 11.495277288882766
10.21052779832028 3.0435072330173822
39.49399768208632 3.3980525530391215
inf inf
3.8626509784871024 2.3060980269704707
4.7523491878861615 1.3615561709122999
32.65139027797002 139.75907791267647
5.372705233291166 1.422738493521062
16.775991229239285 2.366016639738667
64.22095656187736 29.185143157603523
9.360669935054176 1.7684844858544853
27.128678929054438 2.7102746381318625
44.10039578480567 6.460578047843247
30.931191753924118 3.3283661230723385
48.95560619806017 165.35372111529128
79.33409579494288 157.2285780363969
12.87899104162963 0.8575463655306224
inf inf
inf inf
46.903391638671465 174.89128798648196
17.151067421502155 5.186586269220151
75.27057075179289 13.769546010972535
72.54681220258269 101.2651908080831
65.9989826633066 96.94461991160696
79.23324279273677 141.00628309818208
52.876699422504544 35.10950665831709
inf inf
inf inf
nan 32.46073158979346
20.357251323210125 2.1986667020909008
69.3769679609296 114.10917891926736
75.59471057373682 24.770936519110986
64.66193497377115 9.222791994322858
25.424971024375925 13.514084465023771
8.590950499888992 1.2782464226045942
4.247292908107202 1.7737642501708852
9.691640129082435 2.446457881542311
8.879687115371667 7.368978248393893
17.75867502671477 13.732664678685593
29.732953749839645 6.506964241957227
6.979575756978816 2.7052556473321734
10.093112465399498 2.708202149228652
57.211849102329225 107.85538523629329
10.606730798319054 0.8434063824257872
nan 71.70595524715561
66.669512378513 145.9915390355737
9.012293101221106 1.5626430576776522
86.12749061219108 151.29418509740444
7.036244445837998 1.4869210417543297
87.936709634865 6.758438409637427
79.57354028324586 1.230853593713594
3.8001068612240174 1.9262334646691663
47.788958089615434 17.82297926942977
37.34845710545659 135.92112652388204
17.759420100431676 1.976583011669571
86.06161180723198 165.28344102622142
7.747260653420353 3.136352829560869
74.14257057472041 166.15125827355635
30.795238703455453 4.600986546639134
8.98696534241079 3.2467550402896768
13.229728079282125 50.40500639702504
36.34970064968607 21.612371122802557
43.31801316755915 23.133846770341606
7.306991159755465 2.8496663297636373
5.2514949952776115 1.2365590451173119
4.1990936116295 1.452007627869476
21.528366598766063 10.39886370195283
10.095820222300585 3.0055831577873193
59.49032443211982 19.53562308379445
52.0157339719672 94.26107502114064
49.03734866307025 102.7481722029132
8.23445452365065 4.505809167761346
55.97776947852148 78.09355393159952
54.65870049959925 132.91575703137607
50.590718012336396 130.46576945889987
22.430785544394894 98.6615919191445
inf inf
87.85887351614231 3.7555801990961752
9.508031062727657 2.073028049328154
39.55528912332908 178.53181320521003
10.496610504791292 6.8571103928188135
4.764697846082611 3.3679912018236937
39.62763649554191 63.49278207371871
58.465479258622864 103.08267609694143
48.31961353657796 151.61984151986272
39.35739661032922 2.591134245720314
69.41575110959629 46.30755322637826
4.4555105038932625 7.185343721218829
33.3459196739466 41.427855584445005
3.222374046395057 5.589175450139014
68.98647100819727 136.30388215559523
59.60903240767884 13.525736954050192
5.0970401945220205 6.609369662757299
41.78076998492728 10.88097360438695
37.49571973159726 145.17960587225127
inf inf
inf inf
inf inf
inf inf
3.7663463450335346 0.7012728095913077
35.73863983731263 133.60459608862618
19.105673026647615 5.382827425559307
9.913338198944336 145.08618098963692
45.557026639463054 21.295419450717315
7.657453168542638 1.000225114592788
50.97860402569657 3.057302343509842
89.90391301820874 99.81283224926842
33.01623683855581 1.8205673435365999
48.03552682590291 4.537232122491509
1.9005740988403796 0.525220104840057
8.455194312362984 1.5454835244290375
24.03165906162184 1.338108752837344
78.00020303904166 61.84233546608744
43.24769402248076 174.40610943984905
37.88267848297954 103.64482724082386
6.724386685008455 2.708656551867175
84.48349400491554 128.8397154179284
1.0941786451188016 0.9408279739523601
81.4787312479882 24.219016348679
2.584760044775378 0.5293774267262042
77.86683388892409 139.2523641837621
59.99525049629712 95.53321948448374
33.12447853746826 158.59686382755933
3.6750496063213673 0.8594938759885896
4.070327967296318 2.1989467249100025
32.99725198787513 126.29526123414796
57.16695462703609 1.4690179682945073
4.776896182984814 5.664830000991994
18.037254259425556 6.375855559599719
27.815380669530054 112.85598202908714
32.139580147269946 10.129625565561788
inf inf
14.034417578909217 27.629118144191594
38.02193642432789 113.74617897416955
43.183688785812755 8.988318304339446
69.09647636663205 168.38514352140862
inf inf
inf inf
inf inf
4.59792140586841 13.005542911752187
27.616826996025242 13.112642002788599
17.019224129097097 161.65089442073173
78.05925733967675 145.56442788336028
18.052170689112824 40.508315105417786
17.33676695519455 29.242619983802197
77.61167076456688 8.612853978887069
57.77067097165552 8.785664300285323
7.396967153890145 2.324115028232511
39.078857204710935 118.38583213604477
86.1437590266127 108.03735401755691
51.2394379365671 151.16028330679265
2.233045106250932 0.8044432212564387
61.892951044664855 5.09090504585545
9.058246597134708 11.538143670064015
13.19012968850019 0.9932922367422593
36.53052548496605 22.493583528905503
84.42032802847196 135.1478847656214
56.80581054080886 153.7857029107753
67.65130774225028 28.98277236022957
43.51877032726148 54.0113862644208
35.077202132131305 18.521548697043848
50.52617143347296 113.99129373630988
20.34591476096205 161.9566566285949
10.5716610194538 5.495812031938349
33.88269594279027 9.50064596239125
11.0737428226074 66.06378032180021
75.5239942641258 95.99230080491647
36.256583496496916 70.08585560451685
64.94905005873368 166.77722955725048
8.515559394938807 3.2366223492956383
5.05540392706142 1.6393191820359405
9.1411196456023 1.8338842797698158
4.702142598018012 0.8164392626162661
2.694186365395806 0.913309053057034
16.45975864258162 144.82208016615843
4.147873871342087 0.6894570066854216
6.078776874815975 2.239587479274475
40.72944897826588 93.9684007778313
2.9987213878990624 5.2440347955362245
68.75616467145586 64.0598708429005
2.729069949193062 2.4300639383093765
0.626050265661917 1.190650916228028
55.121832753354724 124.34480186345523
1.390523938244096 0.47795129890290783
18.201002835044637 2.746573943532094
23.862180825973528 4.164147450358047
78.2855383183172 3.147002744742071
40.67494551000116 2.324141987125284
3.0580786093407877 3.5532288324085637
17.841863367929545 7.011712017882752
9.020579171320135 2.7025600791355857
67.4527317867646 6.813984376865689
12.582637214592419 1.860327927973113
5.780017358657409 0.9107092598406823
13.946009898325693 9.48858739594941
12.914032232351845 5.8481161041496
9.598325628736188 3.5301419590444585
77.04723836649656 166.685452034096
2.4570356840818337 1.526108710058646
56.528511684114676 159.08747061460033
35.229069408113894 16.890977991059714
10.360268939601793 22.80486294064132
18.286640594634854 1.3789594544386332
19.085472834556906 3.316535798223038
10.059070702216083 2.277147546687708
34.31644225448637 138.7001715562701
16.953831859478907 6.465983661839371
11.645456674943318 176.82994713523615
26.87318497653802 41.962362043274524
76.43733734234192 74.72635812341937
13.973609716312188 4.60236818603639
17.16289101196222 6.700217212537966
22.621047569155735 29.800447569439484
20.14817808617426 15.342835997391601
57.28853552189943 139.61566210973865
63.41025335872449 103.80393414070355
83.64108048573515 7.911747456403759
69.08109303470204 34.28469366727146
70.16477519176318 22.415653355917303
9.737078782388354 1.917836676420728
5.735879830944256 1.7019618069248093
22.66537271878063 143.76353037889214
55.26081009372498 148.63652526056458
82.53431543498377 104.7980256669164
77.78824669975567 136.77215142971716
85.73094350048167 39.67499063157309
76.74409158615595 18.859656023883307
75.84757193304428 16.049938699954254
57.60573733774007 5.7770050673850335
25.45890223923649 16.610207642751735
5.841622740040348 2.560552117751963
81.49233254682049 158.5415949916097
14.725850548625278 1.3232132361581104
14.357531729175445 40.17197958315187
13.677617312022951 10.560378639506045
6.263912969625757 1.774826897638143
3.0819447557490856 1.7127004198384341
3.2436361500329642 1.7661755382098392
3.1846758301031555 3.3954854210539365
33.33844169263412 135.93298847316177
28.986119157304156 2.947916595978979
1.9211588513879445 2.558362107000952
13.297190856339558 4.118052508157524
4.547357133114343 1.7130524480609461
0.6553152896986452 0.6705086313690245
22.92508324224289 105.8195457956119
10.621671068565787 10.749903007563354
75.80333319598121 64.73720623340344
65.01076228581151 148.8395567564101
57.88033712250616 2.5804944747616
77.68263392503458 90.48556951785595
84.66297982847045 134.41411907984286
28.91325190801896 27.069549900904374
27.566123665255116 139.395060640798
43.500952438699706 74.55018078615542
88.05230109833623 94.11812172050294
88.2793426775819 13.553996042892203
63.875117749837926 155.10178402912234
4.803770218519951 1.6032134012497412
43.363415942476706 137.50348654304747
4.267827977547693 0.7107540416258512
78.32378810137305 129.1530243389182
88.85264628027394 145.00800971848693
67.89854209609075 115.1023841865586
56.47281755081754 15.298516261241534
43.926525863301684 172.25617321424556
4.918306229474111 1.707420874730865
66.59601770145974 126.71734844810945
60.626113448694426 125.82755529018092
4.1822016183339015 1.3170641932934268
54.97782933116797 33.57959276916987
66.13983942254691 70.71595100647971
87.92480597422947 153.01860778530212
68.17757543135173 151.389780524106
36.589671745358366 2.7538341471402146
72.93491386836912 87.90914571043372
78.53411422522183 36.5032611233041
83.27169994681803 64.66025549227187
47.453055947450906 123.49690280998755
47.420216522826706 128.76373396562855
57.029354849565955 8.296220665904157
79.88477791831791 138.42338281037473
87.03803034068183 134.83913665850525
82.05871244048105 101.77312667667994
80.1409280372935 43.396672523495205
84.71868669489993 152.27816767867984
12.307946051563164 2.3142358010026465
85.21077670243776 150.96907474372966
1.7877117503753561 0.31229017321498104
25.227942480027355 2.147331056187245
6.701232710450293 1.4065616988629521
28.86591503003991 1.2537647067122435
11.821731900378381 162.17422439206513
64.44680852820895 160.32723364281787
72.91538970723221 96.64159340762475
36.74660161751396 10.530690041390802
38.92419116640549 148.94051251160766
70.36545792211682 75.31078193638932
31.04990573139537 23.177268066080252
5.371643147766579 2.141057550049809
88.479286387427 64.1210282660072
37.09883277117559 7.02403447441766
63.401176888137854 138.92302784096256
14.163605347797645 3.2949975053481477
20.855272103525795 112.77063421258427
4.788922003451953 1.629505522374473
1.7789938346717518 2.6683481415854926
41.62424615564202 86.57915072266968
8.019217875182823 2.7468069670819046
54.82649856012358 10.121173293095346
24.75749654634436 13.39779250142059
12.63708492562941 5.245720768980442
85.27025275080688 36.00626659283376
88.36114826830807 4.222628009845211
26.69138310114348 24.956000183902347
49.393983994050835 88.11932263973465
15.869166758186811 2.8968067360297325
4.117806139485236 4.57842621730351
17.548029059733757 2.1206332589486863
6.329235338916554 1.4906344395489894
45.94940319406757 36.49248491392807
36.71776121076588 14.162448538924652
43.17974554881411 64.85737156839768
10.28279907069706 0.7332268547906465
5.915130838927771 1.2733843638430635
4.8374132883014775 1.300632125483072
2.712293894081002 0.473598122737441
15.016174180320236 1.7263641652052766
5.027599123577413 1.1232731844849575
1.8050378986463405 0.7358574489368825
2.2050801034463623 0.6995129067398764
2.8596831506583578 0.7370671075682579
33.16915205224968 10.907643010152952
9.52330226213166 2.7677543711446404
2.606574742584984 1.249352541580166
15.661998007544828 7.259104922307588
2.1579158572601194 0.3336286226979178
6.202432878434582 0.7332334045726999
3.020486003019177 1.140169010057667
30.115440410345567 2.4552874504446387
46.65847584808033 6.364473069571218
6.851410270057168 3.7062561394867934
9.187973416859027 1.8690307860704432
5.227186782398163 1.6330837153722075
7.787201750007756 0.39966567087080623
0.6957118456747202 0.6322133189236169
75.15111197732266 10.963631877560639
8.110052374577295 1.1262797672647087
37.4042134776883 1.1159302597023795
53.918937411906306 13.419017608659193
33.61493108560427 1.350487659544156
47.720790905265375 44.65948825047718
inf inf
31.371571083200568 18.804767754623207
73.1247288087267 178.0392596673298
68.02076356457236 131.98902650860327
80.9695879077218 110.5287186249617
86.21532815488328 87.20443173602176
67.686932481216 117.5881061977806
80.74506991472927 95.70837620876502
58.538568072496005 122.47526823475168
77.64920112442223 170.57963205843095
0.9083125789846872 2.328682175533848
21.210877687978986 3.991998463399114
11.905475108309302 170.8867023766774
60.58350924468573 168.47106347826661
37.262085669026305 97.80215271317324
42.28405662361081 108.23978253769569
23.749483952021926 2.3170050096025223
45.03208988766335 121.29189703329256
75.69012343014892 140.12585450273312
61.53976245732804 159.40267630715948
42.53377575064575 168.65272438624802
56.0876917114417 176.0055847802114
71.88983823745097 173.33875896855946
86.26836076926746 68.47150557677686
63.70468459547706 146.1859150325354
82.10861190353128 55.30692407034716
75.64404380717892 138.87339953699964
82.55518331571912 17.16518137415664
51.01000931943797 10.84238679429417
14.773242346883023 167.23240992333265
88.45345379415392 135.24946013709604
13.313973253376439 16.003833226704717
38.0600318609661 0.7371667361074865
50.329997552197696 6.407039384663612
2.824892996382951 1.3677105841235901
68.18296036862678 85.71432751263264
86.16311230098904 4.896557670269192
30.32617502404773 12.244969128844085
27.212783212047498 98.5752082731179
14.342369660241667 0.5478527363977734
67.83668655661742 151.39168825829194
inf inf
18.99099764319355 4.635496384289552
2.3221262093600874 0.9379153528917504
23.342762264963792 5.2235127820925795
12.516073660573422 2.651417493067276
19.056922139785428 6.747931259743703
59.416028029881744 77.03123363125927
83.25605332829312 160.37724921306724
9.954476852284236 1.0397285428896852
18.785855301869983 2.503270740432223
50.63529528741526 8.23527365093629
7.7512001384207 0.6055507873560974
62.32672225254565 4.0396000450421985
86.41409266386029 16.0405014807235
32.55784920452166 164.89534522368623
63.48039212806462 61.05354058877582
inf inf
inf inf
77.03020361210697 55.24348138505743
40.31359197002678 87.85879240920904
88.83485348430011 37.29264744762033
65.72483379229418 135.9235582467955
77.2818437476705 122.92727457159506
80.70670914786737 108.10985603214974
inf inf
40.179070163934256 70.17673262425954
33.75607170256444 154.11079837996252
30.060087120431188 2.7326853461282394
64.64884028067281 3.9671192907977297
82.72483029792662 150.90384831171548
inf inf
26.969351012906767 48.47148959723019
51.503391536155306 128.12957960094448
8.954794734139938 126.66013356119409
63.001194948177144 107.94567310924975
28.43724572849547 156.07795394612748
inf inf
50.456392244097025 153.9102402412107
17.526439883759117 68.74251223866086
26.137108966799524 31.375975602939977
43.03501308260814 79.89568777552316
47.78541791935113 62.865524440460305
inf inf
39.320974530537455 142.75081502841027
15.963372203485902 14.88353929163923
11.435835719234188 12.01238044047851
