4.417913134555303 1.0957218171577459
2.6694847003186353 1.9241855945014434
4.547953506447617 1.2283585134552382
1.8254622239951268 1.3086351186115661
2.299223877452914 1.7206560981219041
5.88757675368588 8.928867614472823
32.58362531586441 2.3221906803691645
3.8011571896562444 5.141598406719205
2.8979991777372 2.9124836395083302
3.7536247942382457 4.564014349188062
1.0522295942283528 2.4746985588935
10.17602155719517 3.1027777006646917
4.928666896062264 0.5010722119344941
1.4165198640838101 0.32220926448482845
46.29468345843023 2.613839388994534
inf inf
23.512636245524057 149.3156232322426
nan 5.445625870726254
49.219126382975446 19.67297631399584
47.35522780433581 126.76612569499582
34.04760666186444 9.121304071680193
65.284710975368 1.6893134147019597
1.9577893057298625 1.1517357645804092
7.89730978616469 1.3927444293134108
3.58916591329614 0.5558249664054838
8.118920013709294 0.8255206200762815
4.619770774439592 0.4383404343794811
18.793412111862757 1.4638614649541102
32.53473758064615 1.2787738504908814
6.032428055925657 1.2661225155696958
4.646391308002389 1.129451538259987
8.269800338020204 0.75712294931751
6.635246446460214 1.4358463535594324
8.240762446542778 3.3219749910224574
0.2687633067531322 0.46046760454876506
1.4038164444574783 0.9400056876991307
54.210749533420284 105.18285251108622
2.8568505237518247 1.2198898730725685
15.812679645262307 176.9158060764696
14.355815677747756 179.46865100112498
3.4968310961695037 1.0528875826373603
15.823196185545441 95.49446407418411
8.61188554675302 0.5106922044676003
59.814545684607864 32.08809618858197
11.06553694169478 0.9490081934105294
81.67414035429722 56.83677700116503
2.9485245530843374 1.334538335794337
27.08071830793158 74.46552614542473
77.80806508883926 155.48505895504678
1.7538461102445422 1.0411833844894438
23.566278284587412 98.33538264269731
71.68478742344988 122.58987375739913
45.59057331531513 14.305412855073163
72.77850936092243 97.51174100659384
52.089716025536006 109.68711960611292
72.50456108090633 14.660161791118226
31.74463598251725 4.7581070744930445
9.457644293475877 0.46434520061299395
45.661724793889114 3.1620393452142093
0.8821597918801095 0.6940404939853637
31.65482232798272 24.54613568670829
68.2612116330382 26.89397355702059
55.17471182847822 109.3417907793404
45.37449118370088 42.98448883584449
36.926235017748354 167.88393818523895
9.027816025798648 27.387012696608746
61.076696149855536 135.167023912714
34.87313615337297 113.47548204930939
74.265372319166 156.03418703435793
73.9225066709472 108.05657415187424
54.91123345884488 19.896800574200388
71.17876623982959 12.560851631657796
79.85607089328823 100.41126390407496
85.2643305833747 106.87229137302775
inf inf
3.1870786616219617 0.752562352794421
77.23760155151356 177.37630392923953
15.181275782524054 11.854178800877843
1.7973293444801763 0.6044502357827711
inf inf
33.87733410456667 177.85848378840956
85.54843947819849 173.1106971941123
68.50457669367154 142.7080719054899
3.882538463372736 2.4139502706012146
51.46663477181352 118.34959789076655
35.73120148164207 52.59105623596941
34.489834047105944 3.7607461805251337
21.29357315074026 35.71419460288368
18.939758441628943 6.1499319169623785
72.84084302157004 11.757286205074145
78.70495116843594 75.13761085394417
73.91332971646912 162.0264826089452
75.08607361404773 115.9517490539741
37.19658504437479 74.9527803798284
inf inf
39.86411818147871 162.62486169393563
inf inf
29.304961164832207 169.00984070739875
87.59386998068875 9.946767910793463
38.44421482580722 178.82262687386776
65.80335710230413 151.90361189433926
17.053959862250455 9.225258786255035
inf inf
13.333350187756809 13.584103184267857
21.773265491366935 0.7482052059251801
88.23424044792534 21.796057289326743
43.88377935490922 160.38587896330873
77.903566779592 177.92365214836295
inf inf
74.94705527787383 173.5092447092583
89.36418517412075 175.81148659299805
44.67521720659397 121.17536804065972
47.4968546989449 159.37420267815858
54.128478454324984 110.27924567916821
inf inf
37.528355596972816 39.185849141908136
77.48432544011426 106.23489451578114
2.1822579241611324 0.24097767739478648
inf inf
84.84225621770429 54.074468874938205
3.054826310399008 0.3350954197466301
inf inf
inf inf
69.89603251606863 11.373797139544372
11.227772559636373 3.5887381510898284
43.2638395318154 4.192106152886304
22.227598476245074 16.457730950915106
64.20637990943848 163.687174287795
43.434702257641135 154.60240970552982
19.368071860894897 2.875568606281668
22.061961528963423 141.95958816004395
79.73568758218784 14.540132417904983
42.763684622097855 1.3498874886916494
51.190256932627705 2.49537249918537
10.636816256462083 106.05092991300758
6.341993100576934 1.2419886924917476
33.41606650675917 142.6584176847465
37.14001607166824 8.706013753646362
nan 21.726702739377483
33.44261662736146 110.00372195922701
10.030361953379709 1.6466606752537856
1.158033741365617 0.32561904748777504
1.718910624580213 0.6684730092084282
6.8252281301756454 148.19300075614885
51.23219092898661 5.880111947688987
87.5726977067632 43.09004630724539
3.5662998292545103 0.3600443707779351
38.116286861761154 7.635662426381646
82.62149864313139 12.62389734508888
30.358192586377186 120.20357799269597
3.5766864824329425 0.7457049195180915
6.07302502483614 1.3755955274109684
12.721511215132152 1.9474472688568545
13.544265533801347 0.48627687423072957
6.278784841341776 1.7221947846296601
4.672719182454224 1.156608308072527
3.754564351157207 1.5281716142471167
63.51711589464948 82.48004338423475
40.92778162534438 168.30129589243927
23.890188545481227 1.4716802911959133
6.020137904768455 1.269719816061132
29.96803094191654 78.71548477498231
4.54470939853117 0.8968372578271476
13.339126628014963 2.078692949327086
18.809588645002883 0.5118611658752598
34.41781763292268 4.01638241797962
28.583674122956978 128.2048715727001
75.88163558075586 7.487159977884355
16.366289814149635 1.028853082148521
40.81478479612315 43.586574827592436
80.58161952744187 8.203702256168256
77.89491709435052 15.09677699687833
27.280010285850032 3.361643332872744
39.651627451908844 4.7157140231801495
17.319275176532724 2.911473849040752
14.969167865556503 2.082784825650295
8.378444836567525 113.5800866517484
6.587467092489504 113.7330131130121
63.25030938555914 3.38438658108568
88.2904034575803 6.47612173698163
56.69932492700582 5.4862106997151905
9.459369172984953 5.948785760307742
6.01159850892008 1.066458411750743
4.986830974070035 0.8729662324440417
4.759607255241575 0.7653456300153918
6.845755936876821 5.309480321681924
11.831160466472964 2.1032267901162838
53.15601823075994 45.1054652629675
40.12499508014599 5.696749839524607
5.6683282836911335 1.5115554471026742
24.347719996604184 154.07841969258885
8.439506063645114 2.5036325087952633
25.834482874500708 159.42262674328782
0.791555919063294 0.3086740715033611
85.31411297948874 8.335578633022166
12.525963746785823 1.5015087946710453
45.425209346847616 113.88198704696718
34.385013397839664 7.432416841041635
24.822432991331315 1.9368431071939736
22.823594705172145 4.008586941495113
84.5201288968323 118.00585880009412
45.214180163480044 3.24688558492408
48.224519836599775 54.78847036891912
82.92142651777604 136.07360087239445
58.4736676031225 24.334987130389667
20.893764051775015 3.75509724853869
71.28513044662502 156.5841814730604
34.71131448522641 153.24773977742274
85.07278474575804 137.61039086159911
nan 46.66499761932124
49.27594790144793 164.8482229706303
4.9857725049180805 2.500217632468861
81.50384773702075 73.05340240989098
72.5691413321854 21.322771553593896
inf inf
inf inf
36.56397117190763 147.5230705409024
81.17900306196096 98.79064653779272
72.15726938916966 151.86123489720615
53.67607656191656 164.45317621737664
inf inf
inf inf
64.23130367381047 14.103960126444994
33.18518329384537 176.24026358170295
24.10238735215699 84.83474119196993
89.49493703777178 52.76649377466216
3.2256676561967788 1.3136289945924449
77.16257104860202 71.69497242181285
35.63500402082147 130.55737331080095
79.20881335290562 164.56874292905866
42.44970590857136 139.86003471393576
36.98524217542691 24.871418508067855
60.89383469035069 9.611668553834248
4.81992061306432 1.488387238702356
1.9867065794220533 0.8351944507506527
41.77828002601645 9.60338620986931
15.067226631816993 4.34333547492878
75.61307249436197 1.871622302666577
32.528340662482066 135.17968620635716
inf inf
6.118655968735291 3.233095170364604
16.624353357248477 1.6298348650089327
17.315231449655084 2.8009127442372055
11.478087198750071 0.5625766813093633
5.331843109008442 0.5565116253996507
11.449612297295873 5.2591951557675864
0.47523509709109457 1.5550315666971162
28.253075652567873 33.41632746403004
32.720114789494744 156.2826775726391
2.439446770173475 1.2293232841952209
46.77875889986424 161.23910805270023
inf inf
inf inf
58.43843348929737 152.79202395623085
3.7155396803708767 0.5111396164552813
14.512033391529542 144.5055182244871
inf inf
78.30033656261874 69.0125989034819
1.6438526156421478 1.9373623789094427
40.69271954472218 9.187946808223508
11.041482975575377 5.465317722483266
79.6798314727236 42.285014045663566
56.14502711787534 169.00586502769104
59.64801840735137 12.993519008410146
14.916586045067337 131.91032412192354
1.8047988875116348 0.8788031207921067
68.9737256697987 115.29763542879328
inf inf
4.808600237348004 1.585132986400609
15.014561469697147 2.269248576647526
16.301320528844876 7.2072093880517745
2.4525749623654542 0.6338552740558507
48.768191527590716 101.73538108604215
inf inf
inf inf
42.640897280774176 3.363427085548743
76.94370215645893 162.99113821867584
inf inf
inf inf
inf inf
12.16895069341337 2.87704708065094
42.580474715293384 33.300063553655725
33.12536044688999 123.02521126539037
25.178239524545987 14.260148575620303
55.11201457634109 34.08816683326368
52.28097848441803 123.12499788489015
45.3613527827288 97.0968319385738
70.31910205693866 117.29433806815288
58.546310798694165 44.825422163745586
60.84402878840163 46.22812335833833
37.23279013407025 17.124129646820887
12.425641349170395 22.115369553448364
14.047599169007167 5.247631213330638
1.8766300245200576 0.8745562182047113
55.15619675326532 141.10642366291617
14.014083894801471 13.487672115308548
13.176928858789053 1.57180486406072
17.346266677435498 178.73215428074465
23.52671937491194 1.425423881767008
1.3032603191923677 2.9646211887723704
64.4196075080197 176.59917572500598
40.23667024197002 92.95192868015478
inf inf
50.831477299259035 134.24438092669905
5.774031582755301 1.1493515739787394
55.17175601674795 81.89970644920733
2.576020072719749 0.5864913520249142
8.489707067956212 2.7216949391576746
84.19943180573048 91.35014388706182
17.919745465249132 170.24736364404373
13.792936855804545 3.7568630108595036
69.54058771414532 176.30783183194842
43.60389946160764 34.5602701047905
20.081488020831337 105.55796855132056
20.932602574155833 100.15746012409818
4.9611120446265735 2.4103639561203316
14.999140013778998 176.28906934485505
9.644323414725418 4.266610626458733
17.439274889933785 32.19661632103483
32.82493843233796 3.370932536980206
25.240172124575768 2.334414935851215
68.24589337096197 28.59595788254507
1.7047377458924098 0.41367094514983277
58.08824177557791 9.097262859290204
3.9855785205529384 1.2319462558952303
inf inf
inf inf
70.52001079188747 163.31083339083239
inf inf
80.64906488500604 49.22742899102036
14.152162708173698 1.8419579037237002
8.725536028861038 1.6375946157370087
7.07446850780369 0.8176908973305852
3.630833264972464 1.871062229761599
87.36394344100972 114.56464260221078
67.9857906112861 145.2851055650566
76.64703566301372 64.67602257791773
75.63362658946893 10.10261171931892
16.17731521897416 4.226232857782716
76.01184297396725 170.6284128151014
inf inf
inf inf
9.0639012477059 0.7766590613711692
13.762637843864534 1.6722770556280306
inf inf
44.23159044361657 111.01024982673667
33.13061834877246 48.81731500736875
22.303786062347 7.703410574976438
62.931738395043155 8.679386628062456
22.94544220817891 2.3202841279833937
74.6142443901628 49.58979887386132
2.2141860892931966 0.6985502203463881
84.64700722107034 127.95897885647568
nan 95.84919936777155
inf inf
inf inf
inf inf
81.43323659801682 37.23583411044531
14.94103813429039 1.5685968768415928
24.2120259260377 1.610175745735694
13.885830058626851 154.3754115804071
28.770960770622395 149.26058270813465
41.75467058939059 5.254899508114536
inf inf
41.307336008852474 146.5379256453813
51.67324004808802 147.69780842840072
58.54438805369188 115.62399665391133
18.314427051265366 164.86755666039275
79.21184471809377 118.39340079102833
inf inf
68.34008713490527 7.427771065511159
21.90467910180432 165.43245747668843
43.988162067414436 121.40350194728488
5.580012993046725 2.234588593325302
41.1932835163799 3.391034434622187
25.025067591905604 28.649139042660796
69.16031539216608 71.58721278745737
50.33242437135635 152.60587707505297
6.752850239494795 103.72979971603839
4.191703188023241 0.3642482217124487
18.730709861006897 4.800634531236914
88.41695507686188 8.67973001133812
70.96511661753155 70.45154396043183
47.13831400674313 119.65759279912878
32.11150001975503 171.82233414385578
43.251720696697944 25.937482912900613
20.253293274170538 163.79197076276654
63.30855176219527 125.60015756552174
81.05711308824127 118.17044514017975
34.559328084093536 17.4250992414764
19.740388285849036 127.29138733077744
3.1677964790390387 2.8120407131610734
62.397361783231986 79.5878282424544
inf inf
44.861595664590325 17.86369830313523
36.06254563872975 4.311783966106925
36.12146511223094 15.613019185632517
25.213227221758327 3.942143748443419
78.21416402864175 141.32705370497533
2.85609879037233 2.4412066533288264
9.175718074033954 0.718800296706745
15.375520032084522 1.6126427968045294
72.99337661432169 13.65756180238114
72.61932474055604 173.49866242285418
inf inf
30.622320877844913 45.502048020104255
28.34174509507767 140.47937205027816
nan 12.586986513826979
inf inf
67.04846188859045 15.9846992557162
25.427772380954565 12.20303325081648
27.84825569063612 135.97258646293307
71.42387163709276 165.7822975137887
inf inf
77.08253077919014 78.60645715536724
43.956052879275234 161.38589521318042
inf inf
34.57543207143236 5.251880550156932
8.968846254824093 3.02691144907005
83.02779222685189 125.69412029207056
52.81779109695437 6.141004060212542
9.866536713250616 2.5072209608158245
86.55693146482163 157.26391136047812
29.578308273124733 2.60667534751822
43.06903283892828 14.996179894011942
60.01127609716515 13.25981243206525
33.09116165407111 4.148681384991186
26.989479124780274 18.49481764821276
17.48400240313827 5.485817122303308
65.09658962831087 81.90964148054599
inf inf
62.6130323015844 80.08696000586441
inf inf
44.1654018977943 87.73402009730184
35.497281838097 113.48650195913956
85.6331750931021 174.58125557522354
5.415826911358065 0.7279929036738955
37.24995943829882 50.29318066576876
3.436430345498262 2.343922579539951
78.625105163231 166.1326525877986
89.8481705898794 128.98904848540104
8.679591180878601 52.93665557936252
2.411607591529266 1.2274826502813454
65.27729215396458 168.59104029298467
inf inf
87.96804754420538 57.74255618564325
48.51027590342707 138.59602162766504
83.96322704474946 134.1242502845123
65.94446849029259 129.07399085152534
66.76363279726405 82.88949909177757
7.5205895921253125 122.09148911663557
82.43825567727717 88.10441607333983
62.96381444882416 132.80780635066662
inf inf
52.70792116043822 129.0741048761498
32.78375435093369 157.83213428872853
45.17611593394946 158.3312569133586
46.4504274582205 126.23654750701225
39.25558869113783 169.58278178859175
67.15597480310291 144.78118758260618
inf inf
80.35348069806322 82.14270253264536
28.966876995636344 10.912862848069107
inf inf
7.284090458942511 0.7200315476865038
27.47928090205251 0.6232583940090493
65.74813026638206 136.48832432587
nan 39.417684328622
61.80282407979759 124.88420796858624
0.4627809926521334 0.3304178294766359
65.09566529494099 15.703743779130177
77.44213274734103 161.05920701449037
17.440093781502373 25.328518865197182
55.735540734066994 52.62011720157446
62.33250677635066 74.38907128952215
14.490072588029772 80.9486613156279
64.88161234284641 130.53530571917187
3.3141149287202567 2.3088022237167247
64.02279533060896 165.1993048778423
6.141859076074486 0.9965460003919636
inf inf
6.413492506266715 1.574600836780265
15.023062468807758 6.039555171637739
6.405863604486684 2.810775317241246
30.345515883934837 2.860358156711379
59.795617504833494 165.1105066888032
1.938862167783537 0.5456733488070475
2.37184615023436 1.0608431074821458
3.2651601188831347 1.3409435950396613
56.37413063355699 44.347378048443986
36.5567388071483 16.38616913690806
59.36692237441012 67.37936373396538
3.5227797566663948 0.607713574280639
13.424819330221558 0.4515115301005459
10.86903203946135 1.0345358484091685
inf inf
7.270744067125079 1.4162964864251189
6.121199147690469 1.598095534449704
39.11621710738706 100.65307745075452
11.951281083067993 11.251631878633379
inf inf
65.19850944524428 159.08542038135093
51.18772946013558 173.25584678127453
74.42258387794367 176.22869179251975
87.32398991690002 92.11121082496075
57.23513581154258 124.60409351903152
53.6675038595269 134.73138571461573
30.636146029509217 12.789169460871587
2.8833856179738886 0.8128213890657948
3.8804430982872664 3.7904953343093655
57.83845535269064 124.0760505996399
53.433629324712456 101.04196966888587
60.54510225341584 107.51650874026699
21.246584374163053 0.39885588318293247
10.800558766866498 6.751735657143369
40.63640866874572 28.147858101128936
74.35636358422558 176.56560829038023
8.968512177268826 67.59842259592149
35.74073618941355 17.504583098023396
inf inf
inf inf
inf inf
53.988700884208406 148.88545356095685
5.136444037647148 1.5837371019332955
11.547974640677252 2.0160744717969123
4.548575179637566 0.43909054289722316
86.17258342695834 91.20146423302897
44.44006447093122 68.10919929739947
40.68585498277566 26.906197759022195
5.3283049609667525 1.7238644124694
85.69432657058715 21.04251254160836
79.79890047547664 30.82553919335495
19.310145769414692 3.576912122119162
16.856173528112922 4.447448232190735
7.079733662728201 1.7833065116732005
inf inf
27.349998601091755 40.78709313896147
8.427220202945119 2.87523174656111
54.24175624265232 14.30258338107785
64.9690476477776 4.5866350148361015
40.11255540811804 155.14365853188903
5.035088633295448 0.40900187856274545
55.1475008485927 140.44787038199405
30.039679559373354 110.76993537423837
9.426271243653007 8.517962149992098
40.91482001863276 90.49662845932001
2.5143102209983863 0.17690172528489997
2.8939872254129497 0.7261005096710174
29.2993978453724 131.93032795888016
3.8988158018978134 3.631468846320227
1.8407915175201615 1.169542518792749
5.9393978647565016 1.9057735123945647
5.132079464167082 0.9018587182882586
64.56548660259543 13.967887583156363
20.300786899219236 2.932948326295236
29.923078599655728 138.42521757001677
42.84212860153564 156.4583120873532
86.68228677621713 135.51754849777035
73.01695041035694 100.07807981393854
47.027917042616366 133.44463537220852
55.34028457551793 83.62666274995665
56.84492855692069 179.642470435913
85.0118827345506 119.91105919941677
36.63107898016631 5.13384128847343
56.60396543801688 125.80629330735765
38.60364870968721 157.73825852160056
49.23724545550496 177.57157110584455
61.08658601498088 168.08065388732177
7.780909252324453 0.5275088110198947
48.04089360347972 4.74914246594268
2.028549122913557 1.0834402314583693
6.692512940275001 1.1194899233706128
1.609460855771273 1.0149758565367586
4.678089351229388 0.9254018238582983
73.32151344250254 126.3975020411239
77.38492284295396 152.60917129761867
28.008155087418203 2.1553251789929195
4.134494304231121 0.9481335603423985
38.73111597019899 36.88405784597818
16.61918396146392 18.912297214471536
2.139440675182763 1.8031828738665663
0.50786606705029 0.9967724770153649
1.5057740513888473 0.6461013830331067
0.8156031056261204 0.9775140750409527
3.250989237101472 2.7048656339872093
52.8110659854071 137.5692191758651
39.79217509584831 112.80779077036897
55.99736718546123 164.0398315872313
18.498254140492776 118.38207918225774
35.03714033408884 124.77287514650256
52.63848708951288 158.6560536600724
37.9180294127097 130.23984779647697
18.39430755000288 145.82061677381333
40.957805279864345 141.49214276296908
62.2134950328179 142.50740681070425
67.23230218777714 98.5259117187214
88.43196674946596 156.01949326352872
inf inf
79.78881689035757 109.29999140212085
inf inf
41.76615003188257 167.7343589103393
13.920933764387911 93.80074954723146
87.76387129890345 97.14267039615513
62.69896834044187 177.9324360299504
29.687872650031267 154.98548034101353
52.33002365044355 161.98166463007814
67.48387238481617 101.77114888343424
46.619319317276535 53.280184854480716
20.231307157697167 13.182191487997176
65.13607278213462 173.9958308377819
77.96155184407007 159.274629637372
37.54434296275116 62.67858084770417
38.65143513026642 1.434259199897809
77.99680868657005 140.19563417301384
53.84977127403958 10.843615866213636
58.112951100386184 129.35268257860423
inf inf
65.27500285833689 112.9429319679556
inf inf
28.402165472317023 102.10106095072484
88.88919718349821 138.79760997882624
25.444999035601228 14.131632144169357
67.38759555521494 133.97474650978185
10.375131407423158 1.313247110603507
29.77522650795879 160.311767260018
72.17361283693253 164.26453377031768
57.405739619341105 141.3793727351803
54.34039439969121 163.4343764101813
21.00187212943704 67.11234119710953
inf inf
43.26190980290005 29.609409104400402
7.840677602988546 4.696028000285289
4.153377198067919 0.5508146575067762
26.61505098812967 37.49888236456714
inf inf
33.84870892268216 22.777554616007738
44.643911875661615 24.274995796497095
32.16699257548794 15.726462701291112
81.09569173430224 119.3244657702434
24.48749455088925 2.5867909703932805
63.4491296187453 135.0293864290987
30.25189424669507 135.3876208711463
55.5274355253776 147.6168748690048
20.696557312348315 5.658331808163628
46.21141577387539 19.04208297645951
73.67449370461843 118.1068159826078
10.516200161808642 5.951198700078467
25.44764935976485 27.291728007033072
76.72927147284388 126.76566366455512
2.187120862126206 1.3334476465452731
inf inf
72.03816286044302 69.41650919175784
46.939680387313835 1.9433835977940175
36.96082201421778 58.7418964234397
31.036543774825702 173.2157763781443
2.285474729967841 0.43428341744037624
1.7960238439070733 3.4850242111781604
1.8451972079808132 47.08629074239649
12.421436017367768 21.0257477570438
68.3131106612628 2.386072295643276
75.83799772161082 137.56010482646093
84.01842234045895 116.80821077274048
8.1525048910785 4.526999183109492
5.255374296048704 6.265278091026653
39.976789302915485 42.54565819401305
inf inf
nan 69.05359048655099
56.023721395542594 148.49176316308447
inf inf
inf inf
inf inf
inf inf
27.82758285071135 0.5068001955639909
88.70797158353045 113.44298542557245
85.42467428764971 152.02197078594764
inf inf
27.40612425110723 164.3096394973625
27.86902311928431 1.4293364886991609
35.084936203649335 75.55687289628442
46.60354155925151 113.12700682738505
24.05455746937622 176.9046907842712
43.73445966488566 4.488692091392296
79.29236805899122 90.01170646235012
66.10774587711887 20.098640157187106
73.86849873995311 155.8301952102275
80.37055511049084 125.09775153804458
18.81688833018906 0.9289505422993365
12.139386839614684 158.57109368616642
39.69864017055735 61.190312716261474
61.674937968286194 73.69073484385393
31.408691867508473 70.37120338293087
20.503380558939252 24.29960115522933
12.433871499798467 6.733223487364309
88.52232921558324 135.60065181995657
85.40995055587611 150.57675330697887
5.0186779122423735 5.825312511506474
57.886995374696376 23.529396068038643
9.137749064880152 1.453825061765653
75.63848875212078 10.996739727899712
46.57430955498117 119.81748266749929
17.395083330452085 17.878587146859083
35.7395129525128 175.266772807816
64.91037291182148 110.22033872623722
89.15450279322596 12.335841914466386
14.20064506808586 5.84801349275872
36.035413410708664 22.78761365430431
27.988650020282275 17.651856617975323
3.768709962962867 1.1758106314464203
35.60750413966163 128.52167609057028
9.054260683634448 1.2744168132134333
8.51131852292186 1.1902047013489636
62.615194257070144 145.12417756116554
30.57839125647556 3.4956493211227895
29.065192669103485 4.533709234126313
33.971728963250236 8.821290646794775
30.064569749717506 9.670953656325167
6.932190540953569 0.6419811487306543
41.017372704949906 60.921751872741474
5.029762190195222 3.7390651460166535
39.12529122511247 2.2084179975814515
inf inf
85.06536875367837 154.30321742427833
5.486559419488615 3.441419968312476
85.49694166609711 32.786890616048886
55.298987245148695 172.23184042908056
9.865008583592953 7.985983712777954
50.169318564882516 30.904784590641132
15.00507163944263 137.95539920361932
nan 72.52442542399712
88.37629529306619 1.5194402584359976
48.93146531310296 119.88817964995367
25.681978692508178 30.877463835664816
6.024320159612715 2.0037925121419904
78.27100481396454 5.223029893328479
82.76953825565391 36.312846904799116
50.17774491094337 58.256790938284425
26.756265111409924 7.306175885488024
28.133266678072104 7.4740145017647786
49.169845901453996 107.00087594566688
9.017059577289148 3.1934660254886436
85.58077020576854 144.66536612775525
31.920932822569842 70.75361103236759
1.9153837377057936 1.2997003767017412
16.02254492348854 2.65794288897691
32.624687971692914 128.8985666188419
22.384337549123536 28.169767112129982
79.08511168014468 32.80362798483505
29.22560569554669 16.37243278396621
49.923445354403384 15.48909735473716
27.757808690147762 12.048162656900898
2.5613537271616096 1.3380759695755187
50.547610214596205 111.33128445783122
17.12290524813009 0.156995918484403
63.043928182190285 152.7494356494837
89.80943921884092 36.68844055135503
21.421432306659682 24.40189525176642
14.45341747346072 1.3081330711670098
21.769377310755953 17.51532281273345
24.270401850675952 11.221510710773725
6.430404366929697 1.0199901349933045
81.88793889983982 171.66644094964647
5.281611782369787 2.8493151489760313
7.2328541505278565 2.3122731195127364
17.16020184353355 63.53309510504258
20.71614711370152 2.7226688602992635
2.561478605935033 0.8163901677394132
3.5543231440833485 0.7546881305444474
10.283919072413523 9.997322597665075
7.73716638096555 3.827351013251814
22.779642949938676 14.384101693776563
1.050654702369466 2.964299697452281
42.60669478760758 171.81761311942876
78.55939053544027 161.57700826902894
2.6679722978255733 1.2947278186850726
5.642020040418806 1.4115661852629107
8.22022380011044 0.6880410321660556
6.5407462394785645 4.772132170318555
52.87714322858289 25.757229097296214
1.4638181317938452 0.7664064087857752
33.024207238921214 125.21272721080294
2.9798510615244993 25.813131882673265
47.646742077935755 7.145180148732425
37.35779521456097 3.553494291689033
18.86027115672796 2.0041331905406876
26.579905860267296 53.114730627317435
38.36713760912292 83.40607377395948
62.94560137243149 42.96587125386081
82.84907074869892 72.92021449532744
61.6652918576861 178.23293181458945
66.43702139204912 144.69340160074424
30.44077705807032 3.7955567284535525
6.8897029563833 1.8412822335483434
3.2971458868158816 0.46651176805218947
inf inf
25.185592578278744 121.8530970597821
21.815366576003214 52.39797939163755
19.112566844562632 3.761558967048288
59.787773440357356 171.7052069645704
5.12651727609457 2.384711095805496
65.59321528168014 145.90162916726442
33.280499276146486 87.19432351991271
58.96138204513172 141.94143767218878
61.08726693775092 152.97331010119996
19.391844570890978 134.28601233806458
54.865653894278196 17.269345891662276
22.530510394569312 7.740893868479969
30.72808319145651 8.845749843905294
1.6873193586607034 1.691942183464269
17.144036687915317 24.779681803452867
23.622168115259367 129.73834040109193
19.749439499111645 3.0792204407507633
inf inf
61.44890268289855 112.39058133733657
0.3775360067698617 0.18252919969664846
10.302848573611357 163.83510962962345
inf inf
75.35286124929749 141.31213685351955
22.914739555314622 0.7816721737685738
inf inf
3.17640628487664 0.88860033160812
21.919928299687896 171.76592891359255
24.622459380870453 178.43012795358965
inf inf
inf inf
14.130536444024415 149.3398181339285
8.095393985909224 1.2279867726959788
3.3909837063586523 2.0841536712054975
21.223079274830706 116.72515245881672
67.1369398828546 5.838284568652319
26.92726847581409 128.0015069149807
1.3833909835029423 0.43501322489303945
1.6893527387867446 0.44623276614975277
41.541125620899955 21.04968737349171
7.13463643519938 1.9281594920337233
55.46515135466492 20.893749830469805
2.3926917007135082 0.4436133331131964
0.9916104551546566 1.4242577007328998
11.028060607281446 2.420410984328207
9.20794358492253 1.4177196784746504
3.6176801852416247 1.2100703175011418
0.8507379768119211 1.358552156965784
24.489299167663486 10.971544656246225
3.2264888276152375 0.7430907950175671
22.22293152443147 11.61607704414997
4.9482209131771535 2.005373942312347
5.503514121424489 3.3835212570217266
18.21869747930045 3.75871175480931
4.0929729827351835 0.2763544641100011
34.18073752901775 5.5185776438032175
58.362437192794424 48.33919389062047
48.51181309947141 42.608453812236405
68.13549235866725 22.46937695356228
2.6882560977373244 1.7566529766986707
32.46563752841089 126.57454474252803
3.742152039030362 0.5785924248656198
10.79934709223673 147.18417144645974
81.05578343070455 26.09645184240522
36.57049616521174 46.259428929610394
44.210753232353625 94.38251054277839
23.425076632166416 10.682976488721536
inf inf
inf inf
inf inf
52.421778178045216 144.1970015574425
33.79824735950364 94.19268811100017
16.2394162242238 34.7055730470247
22.706824522346533 170.27594584986358
74.19504701786062 24.902451582489526
75.2177005779206 6.359472907689769
55.73300957337735 3.8933403294861635
56.03174830558835 69.58689579943969
inf inf
inf inf
inf inf
74.88598175338328 82.15901342426822
43.588986187488125 6.170425088944778
15.271807038969166 1.819332923815659
61.88734886472329 153.32727800865808
3.5199907984679615 1.7409568676407818
25.672993227944826 158.71330684900713
30.504557854375594 53.84619544553615
2.325453640864731 5.778122839827143
4.438055407635615 9.03076265888119
3.523950105007512 3.1417316241382367
0.6421378517482624 0.48414227634197293
66.73851455856062 116.25086732681666
67.63676051517913 81.97139283414961
51.001172361544235 80.94025671796429
88.71409406867751 52.56321073795345
65.96509523356386 93.35654893746867
12.851371347261223 0.9978522976064008
38.36613361084448 156.17648742099314
inf inf
62.53826829675637 18.696130507010054
68.8945058242476 165.23206621951684
61.04953123994397 119.04778053530043
16.284021568098165 9.787149360574077
47.801450974520804 16.556679187595282
81.38096002727909 152.13467469591976
64.6388741746401 10.658511951332894
70.21138221908072 53.495656257984
13.71537495022477 143.94392904520777
69.3451535122683 112.72879507553084
44.15328380727942 122.76072135050913
61.12742619158894 60.36194004725731
77.46890785019193 61.38503807326423
1.28817316804646 0.5897226244177618
84.37017670780637 7.86489514134671
66.24485294725075 137.942372867199
22.27194489943122 152.4021511235794
63.1215060960192 130.67765605228274
21.38814432488094 10.3102658581492
29.472268639795345 160.9706043022932
82.45718678455503 17.443095452949503
inf inf
inf inf
inf inf
inf inf
62.64575993681913 169.59305343229127
10.304772466328451 13.696155521010885
64.3196373561402 27.208124859518076
inf inf
inf inf
34.277009844764194 60.011177853799325
50.754874422676124 56.42947194733484
28.58450968312698 126.25594989151047
67.75784566205087 75.25127508318738
52.262832629110605 3.086980461213952
inf inf
61.337452614595456 1.3121276705682596
85.3414791258693 120.89977340553854
inf inf
57.10184494561867 134.97379835880537
nan 25.57364256556525
20.974992494886322 70.6529244808733
12.71313148339559 3.5755171143696387
15.341576262311678 5.8680245327655225
3.7098080072458055 2.030998423272053
85.88876287468048 35.25430332228317
3.704980930757781 1.1703827816572403
15.549393363330495 68.14113992804158
19.550702938565806 1.3360932740196108
4.418891238135454 0.6073188053521829
2.1190287977136917 1.1517404611867634
2.738815657007021 0.7124514836409094
87.28182950448554 48.70790578244625
9.441895739051612 1.8510032913697332
32.33077058660675 128.11088326147356
0.5952041624388072 1.4700285854717088
84.49052007485477 128.8815451389126
6.95794256230038 3.0965628451792506
50.486841462824714 163.24382253066813
74.88264036329117 153.34386064521505
3.460461718662401 1.2590641336188697
46.087378638803244 50.53846661593561
70.17633183808701 70.89833621915945
5.937264664796887 2.5998443694454325
9.829135436060453 2.714031865448521
11.283980611026204 1.3069846973475518
4.108076646971304 0.8773064971853871
7.147879406310236 2.9821589730272313
49.981701373821494 159.65886065081676
7.0490729041105045 2.131491851859799
33.13641334876316 149.205927132601
70.35166893814147 22.58090219020804
61.78745134092528 152.98987072594866
84.506644056225 75.5263384417878
55.97146159175169 30.692910541930143
6.705581337414629 0.9757888818538137
4.022440133057383 0.37354624411292914
17.830844688374103 2.6435311407852002
8.375123704024205 0.9954450358852622
43.21251070053131 24.023513818950008
59.4028034451454 36.29207089237671
36.11210483781904 5.340925879018481
82.48409339585169 16.483919387476213
18.26483829566986 174.92336142020798
62.91547869553754 3.205994576207139
9.111524459927656 1.5062958612056556
88.72723315571085 51.21050582782526
21.039452484048645 2.3989686146418996
3.4519974933818314 10.539256035374583
66.59788136977924 157.85112903697788
36.95553852724218 4.740231752526504
inf inf
inf inf
inf inf
44.817201603324776 20.616575101122756
52.09522831969074 21.488575371944282
12.850288589407484 14.496056792531425
1.2041313324293301 1.3555952838210494
29.577809192144898 34.530923725563596
6.2682845892299595 1.1589752304518566
1.9516604701624538 1.4705792618259397
33.37373920428237 45.75268631537744
48.90909043074118 156.05539595939442
3.5938380807778905 2.2298346841289844
inf inf
inf inf
inf inf
inf inf
inf inf
28.148052341495145 59.79981665731504
49.81622742862413 100.95160719810553
5.276196308105024 1.1345949049097321
35.269417881417 174.70585455474986
0.3876222748473902 0.2959481924292457
2.1717850440109605 1.2975496663576251
1.31475440895688 0.9461807426370482
30.60041363321168 5.127907251572771
19.983311042591907 117.50502607243794
47.7280802093976 143.6194376246763
inf inf
33.01970075813317 2.702166103782221
8.045238897593105 4.812386961336533
60.69728006281379 76.26939293210931
23.230427953113008 167.79840517759405
67.88644220679184 80.3443267237628
6.157835243471061 2.45112820740593
57.72047460381471 1.542905380786885
7.805117941453887 1.714019049229214
1.8444978715872768 1.1921122330588827
12.591013794357712 2.7000431977990043
66.88283755366318 130.71884455982203
17.83690890639071 2.9217528739951293
13.0352908116434 27.519507136806126
10.163712955982716 7.7701614975250175
56.672491363655425 56.887821716846766
64.25665104867863 178.90672549030376
42.598469901282016 152.7624708356885
nan 19.23518047663577
inf inf
inf inf
30.707997481481925 129.42281138408174
73.33742356453462 6.8125202094524235
18.92719955928493 1.1402767557698945
18.216660961762067 9.682177885927278
10.424307794572439 3.150305878418944
18.228086797675093 1.6783848159672983
14.7949997579706 3.824850408183142
19.72123612373205 19.877203580709416
71.19021911324371 167.6005999144395
41.97655255943724 10.21397532353529
41.89432465951697 48.13646781605225
3.9710874601703847 1.1735770068223061
5.264613439847576 4.180901504845033
45.323294765538634 63.5265036837392
44.551721708686976 92.93439514805682
76.90203437162846 168.17346484434523
22.966316000584612 72.10661571940862
16.119624784020488 3.5012548077508545
76.09783469182103 113.15796442825943
14.650231819762325 92.0164413305814
11.346607222451578 3.116119447746587
59.83385712779676 71.13396833838137
50.28012912749324 138.95450312719322
22.99477208891568 171.5064445292203
inf inf
89.91710539216727 137.40586754940998
inf inf
22.822542697107444 50.18021949030883
15.756907806524936 162.4282193604706
10.58835317641014 1.3696798830214099
40.20418307282652 3.400877007786533
inf inf
2.6613211392875944 1.0216632855279948
4.553661788290721 1.556732943022317
44.996781333869535 69.74658513225623
6.621793725835978 1.0362836298870166
9.674797621130741 1.205898884992831
28.11163128681122 16.458543108825577
8.388295101061207 1.2909035376627347
28.931001279305576 3.2240802788379948
16.00686156136231 1.0725955463242185
32.95760645214231 3.2164537566609166
79.79863730112486 39.79898565213823
21.74519006693333 6.452170111473696
29.93266018897836 12.266586394749982
inf inf
inf inf
44.58755602586749 144.75195397701512
16.864498078653444 4.7796437526661855
79.4093692642052 178.86988417062062
84.27183445264998 6.299616545151843
28.28579187675022 20.99661392079561
86.40442163405443 10.693202620310215
52.876699422504544 35.10950665831709
inf inf
inf inf
nan 32.46073158979346
16.55413518574347 1.9122938005766488
23.359882480227153 5.140238970625158
60.36576977117978 12.58743626790772
64.66351929693238 175.44293659111398
26.576642282157547 7.709572656278592
9.603271225031156 1.337921982346794
4.6016824396388065 2.0056182630083517
9.531162799909891 2.3460673289915666
6.157278474852143 7.471616426684153
17.719867854400462 13.970348989569713
4.213216462747073 3.251257057487714
12.844985482750367 12.927825974440246
81.57793967698473 61.08871433721689
79.35223384624742 71.75864698817878
9.936317972252462 1.1621694401001612
nan 71.70595524715561
30.397334675907718 25.64246346727645
14.409218334274106 2.4966921025826423
23.628475825192574 18.833458716091286
6.982036233076512 1.481748976994096
36.16776905885991 5.176000000095824
53.3955427204226 2.296433784550946
3.186169938822949 1.456174365688018
8.48559277362138 22.779146142010404
2.1340820592480507 2.4739819982522024
18.607473851299737 2.1447917123252105
89.5385607854256 166.5840425431693
6.479027059100011 2.505248661227864
59.146815997813654 148.61586747457687
31.048116385314806 4.376073314184473
12.005464716113678 10.533114965579019
41.84033613974722 72.39554574884053
7.580601185533889 1.9891051896329848
12.920829106746298 5.83120149920193
6.462979643127528 2.2303570170513902
0.41720577332237363 0.8671698644726052
3.9375522676286505 1.4850256439434428
37.668386437280894 55.17088360707577
16.28435306085442 14.777737088885809
0.6118829427401494 2.310542578445402
26.91917860873707 57.29314263895001
83.80019051488749 170.84462479203626
3.783906758669616 2.366502829888518
50.2733033862871 54.92174314567485
38.22753017379017 117.0686250042821
38.83078676334932 109.65927627880818
30.515763050785125 96.40673301740654
inf inf
85.30521018391339 4.505575149420353
7.217514602874204 5.1623411231159775
39.555302114866144 178.53179428202242
7.760893638997506 4.060753928972546
4.455576610597812 3.0070810081170705
48.13060464282188 79.74959031366633
33.39442064748725 43.37337444471843
48.31961353657796 151.61984151986272
55.34312639504543 5.87790093890712
69.62495512106894 46.23015660710743
2.5970391584299 3.27867091599321
16.196690974577965 13.758539452055718
3.663113232441126 5.209574741640366
68.98647100819727 136.30388215559523
60.27821534915833 66.25243644664043
5.663426410687158 7.599008562499954
24.562588828247332 9.871628234058692
42.58524483774431 126.7139436729522
inf inf
inf inf
inf inf
inf inf
5.186115155648448 1.4294070684875078
35.2149869427408 133.5172187623894
15.255546348549705 4.182054674456732
34.34703467054658 7.015614115691839
35.23709500577471 14.615998575897457
9.296744419402383 1.4834438825716803
69.54237713897709 5.533996676498839
51.322444782502345 49.6786589980352
29.915554679521893 1.58610013285758
67.55519929691117 6.640841154633967
3.687199658907334 0.6178636493809124
4.513753354631159 0.6013105525871928
31.165166469190844 7.460561995071601
86.91391328933206 56.09834604796125
43.24772742325256 174.40627188591606
63.66472436164428 164.13280739324782
1.9877920112123049 2.2499901287559303
2.4264209432538637 26.477542513294416
16.341600227838946 10.604928875229444
12.020776119078572 7.315301364864142
3.54305907131511 0.6212383370554745
77.86685944985415 139.25241817992566
40.79628211750142 163.64339413915022
46.447685299735866 85.5882694541479
2.925351903579163 0.8438294586380886
12.34323869445159 9.96430976762264
31.50714431980516 126.48229045398682
37.21617991587371 22.78800366862081
2.438001135055307 5.232713062276292
2.7241203298484664 24.12031689031235
33.94334101078364 154.1992637644034
24.735014007381146 7.318464303120658
inf inf
46.20548445629237 26.578745081455533
79.11650404762278 86.95746048337591
6.1834114817057975 1.848395282857281
69.09647625913036 168.16930493786458
inf inf
inf inf
inf inf
2.7306079688765865 2.1585162963819404
35.34535219810393 21.599130318822947
17.05021189937588 161.68161087684948
80.7983666754781 171.53517765710342
7.338874332986195 17.814132254931547
6.387035438419112 4.375131945524324
65.55449115437264 10.618549369530893
59.34555680343959 16.910910631795936
4.92445025698346 1.5447058943155287
80.82231646805774 114.66546354362836
52.11693323089296 42.73951649993717
51.2394379365671 151.16028330679265
3.4523056319635637 0.5832996068957136
7.771121863966876 0.6448204139395579
16.874986508787302 11.48530684331069
12.930000038033361 0.8286900242383309
30.817658171234626 10.038746420738978
43.00391123776069 145.86449901410984
55.69444935355957 176.28061899333602
34.79510167770236 9.030817423323587
43.46477836368459 53.07940584760544
7.003196690068094 0.5843887483631941
38.415570938126386 119.57532682040119
31.658006359202897 101.84465184074209
8.718870740575033 4.4238439261757
1.3418782392610553 0.9385326419976823
40.87800884570883 121.8708023618792
27.908811038099834 6.6108958754643385
45.28043235802091 155.37888635580398
65.07301430998933 165.58694014915932
7.888238741626252 2.8785441950934065
6.389490170914322 2.2616883485739208
8.379759183907568 1.5661813263338478
4.826091534174227 0.8332121293740128
2.5753971827279534 0.8949280534497898
53.99548986174145 101.85468671762632
67.9292930847524 16.84692931492053
5.7948721604265545 2.1638996003326016
49.69578199866933 121.82062715515465
3.1394453195771375 5.621246652230904
74.42834281474765 27.064682129136973
2.6634850059372233 2.447988155700217
0.05483752016126274 1.1149721081968742
48.8378366371914 38.479294989077786
1.4475802568404643 0.2903003497244926
6.963636525972482 1.0817029874260522
17.13737843901036 1.3123129517552707
72.3549357863512 3.135239749843777
19.59288406262329 1.7226363490564824
3.3438419692316534 4.08385525889488
4.467405121095777 2.5807436527673637
12.94804035417922 3.7455727249023845
19.10136141004089 2.3851196382625655
4.671822488778987 0.31500796884840165
5.032347212336825 1.7411634951086583
4.0647842397344425 3.391819867417816
14.378316430198026 7.032771394159777
4.616461817335767 1.770275784720208
55.90237251351295 13.53118134603004
61.68393483095876 3.718735143699036
56.515557887702386 159.0680383438688
35.228151319828136 16.890997411677716
13.657684523909595 9.2453313676779
13.825602365750544 1.050657995272434
8.408454979289937 2.2442118607565833
53.48238159478769 11.229579261774079
40.69656406319742 95.88627857604449
12.417254261320652 4.651989640220383
11.598060755623806 176.87434719446534
26.87233594500104 41.96304220296285
75.91026524414066 48.2670788237994
13.385555946496677 4.45216969770272
2.7305773782135145 2.70899102063063
15.525303638979368 4.232210170589319
15.655575131183491 6.412445872724682
1.8810764719179076 80.35252228070947
69.88190221670096 121.6098535933994
8.229514116018045 0.41234386911624027
84.76031495095616 26.060802274349573
3.9019731130332183 1.0316325738392669
8.755483170923062 1.4439343209099775
20.757843139259965 1.6309712696996357
23.67154729744494 179.3946859059427
20.01747713857606 112.14745730584596
64.35629737934461 58.7926303605151
84.92739849621208 132.92659641481714
72.16496898797102 17.289500825161436
75.46509868892035 17.259660698080143
69.12694629167761 19.060039626512044
12.51133523246594 1.3905230652178968
28.863889564014112 16.94006007245345
6.804342918270868 2.4803354734437173
81.37171910591653 158.54884010038333
10.760474085193996 1.3313750200608956
8.782945465187604 9.663247765207087
9.138834812750243 8.80637124063831
4.314904805342377 1.3821609024836305
14.999680440921999 1.1904729182575056
3.118469338857341 0.8512042532804854
3.926706591854076 0.15630462856665264
33.30234367894238 136.02552731476933
48.523583771648276 5.395496479790624
5.514138742746566 8.17774166407974
12.346155645661739 3.6864924866591298
4.9139258100465515 1.894545568405297
3.791136814889856 0.8165090003201783
23.560865487820724 93.44274708395194
12.785506879410454 16.418577792357155
72.12664603473202 122.49616535521942
65.0096803795376 148.8363533025547
3.2904837951316392 1.033174310176491
44.56557620968853 124.61722772445556
77.98941140734037 140.49494269761144
39.219560036912455 78.07743316962136
51.94561311086732 28.825305016939836
47.28750174755111 111.36701280888482
57.93467656392613 103.12827250122155
86.61260977247944 13.637196742110612
64.12558130851419 154.52967615692216
5.937742908167165 0.9199709379580092
43.36351500375352 137.50372401135425
3.987821788978961 0.9738615479519539
78.8128755947089 135.27363082083244
88.85264628027394 145.00800971848693
67.91352087664899 115.07258473022934
26.01446936947673 56.31361735365887
43.92174447090338 172.23765935647188
5.738653185841084 2.006280814124546
87.28414078983404 93.47368185811229
60.62654303805074 125.82670849334178
3.659392044800932 1.0859712346390824
64.45990747084073 26.164414490413716
66.12048317190882 70.72675381211687
89.24139375994038 151.58311360929474
68.19924556281165 151.39605685956602
34.734365811794206 2.897780565844773
72.92232570524554 88.01835824864385
17.226652089105823 7.165371855350548
69.8661929867356 8.598549207667702
47.45305110211953 123.49684844303071
31.149472275865634 44.565241926600926
54.20113670575191 121.53622944452506
70.75540346253091 123.13673960218345
59.82558379611899 91.73307733451306
81.57599852379488 95.3297847301141
80.13758022102849 43.33559378102229
78.48137582183662 160.1877079281373
5.347955135496458 1.131894548055825
85.21081123022046 150.96913723021913
2.1125676882156292 0.7121033887687709
22.50912449819291 1.553152856094902
6.69798016736308 1.368706298119089
33.08104896313058 1.2992441407050326
11.821804185922161 162.17434087789007
60.550330163823915 171.70658824988578
59.15643765339751 34.849459571853195
39.589304167797344 10.469775735016986
49.46328598060913 145.44522503214986
63.66427475528896 25.71387396650463
33.31908353772298 22.798707922661148
6.484227730061636 1.1396043152303155
41.64758301628082 4.527597734514111
33.44079691386619 7.175849025464111
6.703844694843995 1.2561384242595883
17.386789480315937 1.9884858020023517
23.12009731175658 18.218908959859657
6.950349611485779 2.4140479469967167
1.434930411734647 1.7157470251904523
2.1891327866341803 4.1367342482689455
8.340820504401039 2.506078058039311
47.318462550207926 8.360852941953022
26.588285114089146 13.422945246471592
7.563359438914429 2.463620936987528
15.968128515233632 9.422426951762809
82.89381477424635 3.9964243495477745
6.59866603901267 12.752919942101382
2.9565945177444983 2.707707303787833
7.192191025723303 1.1525712865354694
1.4128933900469411 3.869287246386318
44.25089308013364 3.808810280113097
3.89983627379611 1.0584870658629617
27.937825700112203 128.85159444996236
8.14647059515932 1.1809604253173078
45.94821988048355 96.30334769104577
5.2909605868889695 0.42069083518565703
6.111080284066765 1.1859830304781533
5.46867818809231 1.3721510651134974
2.9603756156319485 0.6467990872612964
17.019455031728246 1.9073099682433845
5.520342518247753 1.127223743916022
1.7874659364202772 0.7675529276972411
3.3214485538309138 0.5811025946350649
4.1907085713105765 0.9511615374879866
3.191507318489579 10.990377939762803
7.122981592202308 1.6422874390816233
2.4145686260617345 1.1232294357120312
30.862545779841863 11.376136153724172
3.299179530306319 0.3122536832041248
4.2321074573350455 0.8670469644094384
2.6173458826016485 1.0733144694683818
50.932167685985405 13.931179372721923
18.165815570152855 2.8875465891435943
3.039598731063873 2.0798401304040053
10.7126845412027 1.9776485891585824
27.518964486643902 30.55376048214176
7.130024444987241 0.46424488214755666
5.522830486064247 2.7784155262480454
7.8717370580942845 2.318283352996844
9.323050139668531 1.0543552547082429
16.38019449614871 0.8777680996718338
0.6695068991561931 1.463987898323093
73.45539512215072 4.624336103359614
24.30869436251762 6.972988225988782
inf inf
69.66278410171606 172.18331617624116
73.12472971131979 178.03926532203408
68.02076356457236 131.98902650860327
80.9695879077218 110.5287186249617
50.61660670141547 51.24609462688461
67.686932481216 117.5881061977806
80.4919619028683 96.10371737132338
58.29616708741864 122.1946416939466
77.64920112442223 170.57963205843095
0.9977912256099007 2.77102859710398
54.52464297705879 19.59468254998597
28.514745939894993 162.48170127396276
56.51952942516476 151.51126306920975
8.704229999427783 3.6947530567432914
16.338159025023966 69.12196467966025
15.595062554617012 1.779539673191651
45.03212726092156 121.29187428642635
78.32108015289243 179.04461938061942
38.11471221759534 88.18811565195368
42.53376470370164 168.6527065941798
56.0964166160771 175.95709235456505
69.65308922888075 23.214860971218435
81.28083915311905 37.97922913042002
3.63614380458719 1.9623568254554857
3.5588199948397734 1.6333417693895254
35.92436690817584 76.74631859869022
37.447298747266075 12.186098257062682
60.01067402178435 15.87799146771741
12.716569959499083 136.44371536660898
82.41454166993606 85.21045699400658
34.9610468543221 74.91062385604255
14.04752767697356 1.2448793290514806
13.873166317307412 1.81803381720094
4.297209174275107 1.505597015073347
42.392716992493575 174.31407221498418
4.7682064586197885 0.8747710334512264
20.52919981346027 3.85559050505048
77.6637010528103 174.1520092500937
3.680902443958687 0.17694716421084972
19.85931249303225 2.7742678874591835
inf inf
79.15054779880514 14.972764939053064
1.9689219387704364 0.8668666339992402
21.74935112709261 4.033231534650166
8.499196427091706 2.1748690994541717
8.048231743946372 1.6626826453679238
74.87032693992217 167.39276875471992
64.34786238091327 88.48815261945245
6.937671125255948 0.6203828230599734
2.4556144356126426 0.6848714422449176
38.04875048171519 5.924988591508576
14.203924377889413 1.6337357295143273
58.881703317860485 14.715329273554465
19.268008656638663 1.840233396847953
54.2156556194259 53.33664851012925
10.954297254759272 13.20022855351689
inf inf
inf inf
83.29378671467397 22.96123763480006
54.996260000009734 60.7077711378226
88.69948045632513 37.49904108953629
70.20421895186281 146.17251079316807
77.2818437476705 122.92727457159506
80.66761505843077 108.07611006373644
inf inf
4.229464676957017 1.3327237253957005
33.75607170256444 154.11079837996252
77.2534195758798 15.204046862215426
21.860559732270033 5.067984781641482
82.72496199937203 150.90478721044585
inf inf
26.969351012906767 48.47148959723019
51.51171293227881 128.13866805878772
82.12991427646321 128.70809861567807
63.39629308049321 109.46988376597581
74.3113908493989 159.78499868409568
inf inf
43.57103393493967 93.81288589750334
17.526439883725576 68.74251223884822
26.137108966799524 31.375975602939977
16.97528332600463 84.09766865197324
86.86381632697825 66.59391193085092
inf inf
39.320974558059596 142.75079117471688
61.1817449880581 35.837542040506825
1.3324820554858818 1.2016217838302559
