2.8002947043061193 0.7212014107005137
2.697598868159704 1.9541915905040594
4.372300970998374 1.1780315018519967
3.804709521859949 2.918528749978686
2.1267835116482936 1.6153995027220958
20.23029609479759 42.618419181295764
32.684152312853286 2.331767849419583
4.02833953442204 5.43207109492708
2.096857210471415 2.9982402988835224
3.7421966096618613 4.552521854972963
0.672956987266694 1.5777419981480147
9.344552552699822 2.8330423022408247
14.437945525863585 1.7882403428269757
1.4019909974532143 0.34477565598345916
46.32501503486955 2.6348568805203527
inf inf
23.512636245524057 149.3156232322426
nan 5.445625870726254
47.1308936815019 18.05716573916972
47.569842421784216 125.76344775961513
35.16726529483043 9.514118048276893
31.894101376838137 1.1968913150353764
1.9125732896864598 1.1359100712096395
6.673419965476642 1.2428786471414364
3.6962441233978303 0.5531079781101387
3.3194758089045493 0.31859670464103645
8.502918097123318 0.7902561181339944
16.3943291418501 1.3466156835089818
58.57439865815218 0.9781881912769657
6.494664167649202 1.316514230280711
4.643362020837275 1.158384471707398
7.922502739272754 0.7426367149901197
6.600424556668775 1.4348200388435488
7.647663915743792 3.019257443710914
0.26956195615106965 0.4665228232380489
1.5367688089288147 1.0089080451338168
10.385453442688316 14.85142439945966
4.874221531332267 2.685821330035658
15.782423359901799 176.920493349927
14.352339982419323 179.46651931409542
2.67769264830109 0.726975920415186
15.594394064328725 96.51112574772982
8.447962929338384 0.5238981753150229
39.64580255265619 5.288871978854412
10.874656129307635 0.9333506993948628
25.958640405728943 90.8990166322403
2.8500972790209027 1.275508565397673
27.098377279581364 74.49101214530278
77.93169774551887 152.12217966801964
1.681556347677269 0.7914404265149857
23.56665071634432 98.33528082126473
71.68498382363433 122.58922876319828
45.597514087395695 14.428297129156514
72.7739307626394 97.55841075135766
52.24512445881304 109.82897734489924
72.36086608958294 14.646711210389881
31.31782076980754 4.610275450707227
8.719648745944685 0.3651352205649971
43.97937765782111 3.0159657259005574
0.9044989548778897 0.7149963123111304
8.909415560216457 5.22138360256732
68.210201051709 26.758179804802033
67.53941552399397 90.60139108617615
33.7368211039944 62.14761980420177
36.926234976731934 167.8839390551206
9.022769643841505 27.37267328486943
61.07291041167841 135.1619010095759
34.87663458928074 113.50547127562275
74.29641865737024 155.9841672249597
73.91841264949402 108.0255014872128
64.36106429068998 29.283998562610325
26.420013222693346 4.438817697579913
77.51124622711274 34.22009162277958
65.05619133197519 16.769368499549486
inf inf
3.2528569469025728 0.7894748723788078
77.23760155151356 177.37630392923953
13.496390246306195 9.89597841388339
2.1122364404728997 0.8572852319664731
inf inf
49.2510612465793 154.42105789790324
75.92907311202771 157.4513058396017
68.50426589152767 142.70896849963472
3.6922880214519007 2.2650885719921914
51.634857600383974 117.8806496060929
36.71955853437693 57.49803910473446
20.740270321080512 2.093564525064696
21.35348842330945 35.852570662139684
18.84508114938624 6.12534466071082
72.87869924585944 11.714282522660604
78.70508757426819 75.13742746642785
75.68151725773967 169.2513425508231
75.08607365526383 115.95174810537722
37.209844990455544 74.87111853596791
inf inf
39.78827601748737 162.22396793362412
inf inf
29.333171162250466 168.98574087461586
86.44533834952506 9.868242854511076
38.44421482580722 178.82262687386776
65.41412850208431 152.18727574171191
81.33865066185659 25.851375128735313
inf inf
13.618473962746494 13.729699503064476
23.404029239360288 0.7215321438352379
88.27167394569958 21.806105625155542
43.87948002225332 160.38324252068838
77.93447602373253 178.0009877906329
inf inf
74.93914186827774 173.50874816857717
89.35428276814162 175.84896917286648
44.67521720659397 121.17536804065972
47.50017451693523 159.38062816854966
86.4732168908829 174.2540754921628
inf inf
37.52925430979268 39.18444254932477
77.35739033319919 107.87047044869546
49.7665029431466 2.9883943826687562
inf inf
84.85555027901258 53.797902985188074
11.623168907063564 1.1179975297743068
inf inf
inf inf
71.76067922227764 11.494022537664087
11.444311408822195 3.749085624084834
46.416693531858364 4.6128708622022385
22.757948673096983 16.608312060731254
64.00650339025621 163.83457898718225
43.44132667408849 153.19212562678314
26.173978763781918 2.5449045419358067
4.080510820783957 170.88137754332496
86.35254658781845 39.112923546177804
42.616180567935245 1.3194303654405504
52.449009926452604 2.467206890797985
10.664310911174681 106.08536050824189
6.2065999239641 1.1794686852073362
33.41606650675917 142.6584176847465
37.13639762399197 9.175115555357799
nan 21.726702739377483
33.44261662736146 110.00372195922701
11.683644954651111 1.9421772583279255
0.6223566020606759 0.2605456094975652
5.433526039460142 1.0762806920617385
6.831088750576328 148.18518182809723
42.17251193202011 6.467658708171369
87.95448186270497 42.78270915628689
3.2140301480721187 0.35203047792208003
37.33219013796334 7.376775199177291
14.119123824863479 0.7458756267428704
29.791696906011083 128.48295137129583
6.601298429958806 2.024723437588339
5.448439774155617 1.2007689557047925
34.95159834483453 4.570606638763058
13.3723063969094 0.4236037809426006
6.136928860557809 1.672970854077338
6.630061148292778 1.5728330123892376
3.263539201378226 1.3886796574459883
63.51645500245478 82.47845223526544
78.51339872841118 105.06552024645983
23.637951349077387 1.4653329353143625
6.328522895355431 1.337161138307937
65.268948207117 28.842057670447623
1.8823418076005838 0.4906668645913715
11.137605778231626 1.8548341574216585
18.793133224426438 0.5557431491190186
87.89728558323316 28.173716903668097
21.247167404981212 106.1733820384028
75.79733427823714 7.486525513932509
16.412938367211922 1.0758692275800839
41.511199640624255 28.560055416121692
81.19124087268821 7.759166913782782
76.35135105603882 18.653243741776205
26.941816210287527 3.0162380235177575
40.246237950305854 5.478071073415824
17.06522050361306 2.890078374903629
17.162782401957024 2.302184134327924
9.36533469163918 108.87025012191533
6.619331582945961 113.59849759360198
63.25030938555914 3.38438658108568
88.29723218301035 6.513573466634702
44.385357169704236 6.125135032109206
9.241194982827796 6.202293110102817
14.558652165483364 3.4976565090218994
4.8764583304161535 0.855000251007073
4.110915684655024 0.6777277885907986
6.717088551743227 5.349849808347725
11.263319954332536 2.0030400767284364
2.3314775981457108 0.28805388869742415
29.394232731396908 1.581863888207291
0.5583109174612162 0.2479457907886881
24.34436396952492 154.1056651035129
8.700384145050023 2.5893432957926694
25.834464159351484 159.42256115702457
0.7665039368369606 0.2962761566863789
87.86984856002331 7.641927036409826
10.701053032796313 1.2152666685975102
45.425209346847616 113.88198704696718
34.3369548680388 7.422133096438984
24.68036152747852 1.836560224521088
23.932177160313486 2.870890465957807
84.5201288968323 118.00585880009412
37.02431200581052 2.949467784716406
48.214716976576554 54.91791031131262
84.4061837561599 134.06725816201978
58.47431794918672 24.332622703106253
20.862780624253098 3.7617547951835113
68.44051672407878 115.66776669651753
34.711314362331194 153.24772269664354
85.07278474575804 137.61039086159911
nan 46.66499761932124
49.11225655183315 165.0297616914498
4.7950630164475685 2.458314237470117
81.50384773702075 73.05340240989098
71.96919412122408 22.12174109657587
inf inf
inf inf
36.56397117190763 147.5230705409024
81.17900398217482 98.7906447663597
72.15726938858178 151.86123489614005
53.67640514304607 164.25655307036217
inf inf
inf inf
77.40768475139339 27.16050458975947
33.1831942054676 176.24350765477564
24.1023765238797 84.83475828657359
88.9125515259117 53.40515168215504
3.226389862929485 1.311880658515777
78.42922877798799 69.836482018717
35.64489305944102 130.46660571609323
82.82201837382829 131.54249200693496
42.44970590857136 139.86003471393576
43.535474450134174 26.42044733885396
59.89411197396111 9.341167585577033
4.517989116206622 1.3846510609363225
2.0562423363619073 0.8251047372256731
43.041190642181945 9.980139791520001
13.411415208418738 3.574042352117017
75.54460438690712 1.6964570470193556
31.887400201532074 134.80106565607124
inf inf
18.871036659455875 10.734353258501304
16.64548869861237 1.637861484203586
14.74959828278282 2.8030666893692247
12.554197335922657 0.5853837555998016
5.065963597964033 0.5419700099454575
11.455527499542507 5.276236119825743
0.5785941304146686 1.7110206386011901
19.158170549878577 113.17174160186592
82.9973259427333 32.16448518350589
2.4383205662226355 1.2727800742538036
23.093248014264958 164.6003811717213
inf inf
inf inf
58.431807262223955 157.5963579798581
3.486149668463264 0.47770270049593005
14.4976011635909 144.57897600501485
inf inf
79.04205673865636 67.731575833549
61.302365983573225 96.98475520602393
30.721817977094382 9.982604925585596
33.22276913290452 109.49334718763514
79.25815970609555 163.41453341779786
56.14503454807832 169.00585334113
60.198072513890295 13.02368183579155
14.939462025506941 131.90796635103308
1.1796758615273648 0.8953092282718421
68.18825666165219 115.51255395928192
inf inf
4.8026680528471575 1.5729578764288001
4.954567425739386 0.7131128536425779
13.728280132760403 6.126916868239968
2.5813948516532417 0.6547177340456918
48.63720243415705 102.0061671133133
inf inf
inf inf
42.65337643022317 3.363584503595948
75.69377163009355 170.5212072414458
inf inf
inf inf
inf inf
9.910363092753775 2.1552214499614286
42.571191557727296 33.27089094426243
33.30403722342609 123.02555826823358
9.78086750259862 2.746372334661302
55.78963834145767 38.95594262911049
53.47240596403391 115.26166092900226
45.36148927601408 97.09813758034862
70.31911020346837 117.29443645093603
58.54216812250074 44.856073761264405
60.85413432803146 46.22639486257695
37.23279013407025 17.124129646820887
11.872593259625198 21.412962304096943
1.1967769679144937 1.0780130858151475
1.328214762057591 0.843008785827259
55.15619675326532 141.10642366291617
14.143053703984494 13.525263766660958
12.417066216366637 1.4830709498940948
17.34468968359542 169.71065820042182
23.55206724516211 1.4033180778237402
1.8472015232957248 1.8863139811002214
66.65011292626022 178.86979178491444
40.23673995430329 92.94951706876986
inf inf
50.831477299259035 134.24438092669905
4.487091829565415 1.3705533456075378
58.99085812957822 137.27837247516322
2.4569641015750308 0.5849339421763473
19.78871164458712 5.885240600718311
84.18378809711191 91.37316206821471
23.584546342685616 170.7372936460846
13.951326580199591 3.804307534142386
69.54065928732085 176.30701023331414
43.772259932819715 34.88733611554559
35.75561001820297 124.05167294327498
20.93350601293135 100.1778060908917
23.650815209436963 12.630418138299886
14.99890738645584 176.2899393397712
18.36122033634504 8.25770210798133
17.440176046220273 32.09047375904315
31.905487863950757 3.3253030454834027
24.088585774352453 1.8371128288222955
66.70067955992671 27.794980888205387
1.7948474311274907 0.4372208637558414
24.870610730860772 1.53782252619152
4.220314562897962 1.163925388473853
inf inf
inf inf
70.49021771788553 163.16975901441756
inf inf
79.61016537809382 52.44631959454222
84.6795990967474 11.675606131434984
7.435522821936806 1.3970680643624156
6.541520625879263 0.7056067056472164
3.518305068183649 1.8189740737576567
87.35533112185028 114.59579770719826
67.97936848348586 145.28809724885033
76.64768854097382 64.6774010619813
75.55969682820317 10.037226604404532
16.0975563327148 4.20754845013872
76.01184297396767 170.62841281509003
inf inf
inf inf
8.730555296055403 0.45530115305506613
63.98936317503225 11.254114077894453
inf inf
39.30007520178603 99.85656495206703
33.090343987002655 48.88011681103779
1.5785691096403498 0.6744360906846987
62.706596815921195 8.669243216764201
8.086981221244567 1.1337561840889345
26.005230925213198 77.01090172197372
2.4237005647541223 0.9200295958138466
84.64700722107034 127.95897885647568
nan 95.84919936777155
inf inf
inf inf
inf inf
84.96660853162192 33.04237257545505
85.28166556082104 5.487086754024936
24.90020407343735 1.60666950739518
13.698498971933049 159.65731374899462
28.278215706745755 149.6536118998925
57.561598375945664 101.47235760788891
inf inf
41.2910874769608 146.67943181081395
51.81187956742261 147.50530499155178
62.57599473296973 37.7330837260826
18.312886280181164 164.88117891357632
79.09484892153067 118.87266036441177
inf inf
48.754761040837785 3.331504371347208
21.90467910180432 165.43245747668843
43.990292348243365 121.37653994279687
6.413366649334695 1.4346421199726864
61.92531190732337 10.503029191518454
25.11911314848583 28.839755020974778
69.19738944121936 71.44950762538068
50.33719786907926 152.64960930965515
6.754409164817127 103.69117022092765
4.374449499221925 0.4058153502003374
19.16558339553142 4.823684305673382
67.93135780752165 61.60237391139016
28.6268955951025 16.507657294240982
47.13796904289448 119.65649206892932
32.10955643043229 171.8189372161107
58.29917734053748 23.049998669706504
20.213465795893985 164.54824846893854
63.30774187829314 125.61455747650801
81.09033365763224 117.41124231824584
34.570091454125915 17.281287531611724
22.615827360315365 163.46645989840616
2.9216689722469518 2.7009102061135186
10.605440061270958 7.79175804613737
inf inf
31.494678091177672 14.754305306997892
36.249236264825235 4.327897969067102
15.519104734439402 3.451195148526393
25.323176101152264 3.986157234360218
78.21416402864175 141.32705370497533
1.6111754456437695 1.4115634721523342
14.801559718876325 1.4271094019801596
40.512859074975694 4.441255062876391
67.97013447477723 83.87501376800749
72.61932474055604 173.49866242285418
inf inf
30.615350095032966 45.52356677872739
28.34174509507767 140.47937205027816
nan 12.586986513826979
inf inf
66.92974985924008 15.937121963359983
18.301020263413363 4.111388871600668
27.89979957958445 136.26125322889914
71.42478193415546 165.7819186040301
inf inf
77.30250910609564 82.78746799437688
43.95597230368199 161.38545246461535
inf inf
34.565104352838574 5.237916103993485
7.3498169645697855 2.717111287816656
51.09690050625866 12.545542257459138
52.8158303573466 6.1515929249671615
6.496960310116524 1.4840974919428587
86.55797599359437 157.29408962947744
30.99008568487954 2.696353732476285
12.721156689929781 1.4276260105785132
60.012810357836045 14.149711900579227
33.278358769714046 4.169822232478165
26.98047553064542 18.651074018607773
17.206059311562484 5.116328433946589
65.09269310348765 81.9990434789583
inf inf
64.08718752578564 72.62930340094515
inf inf
44.168902212565456 87.75760479002595
35.497281838097 113.48650195913956
85.63317339825478 174.58125030821006
7.069923778148854 0.9400795113330547
37.268782129802396 50.43146270763508
2.729237091216298 1.577484601861047
78.6258879195183 166.13286902170555
78.58912877126504 82.3412642650323
30.796872689774123 16.14997910231211
2.3680897453815213 1.2034653518984895
65.3038099630694 168.3302175424718
inf inf
62.86447947871621 124.2259265445654
1.7349617810057936 97.72720377365702
83.9626368572334 134.1283009340496
64.32595193339806 123.14166095752576
66.7639967305009 82.89003347510541
7.520545265243493 122.09138511658827
78.95044194929096 129.28674518663615
62.96365045593518 132.80518460061367
inf inf
53.76120514631103 141.24055405171205
32.78065756294811 157.5691926517041
45.184253375790234 158.33481139238205
46.45251603526086 126.26609584114989
39.019840121189816 147.46352169380214
23.630798831567347 164.83082319389362
inf inf
73.70512957252586 33.70229169726388
86.95626945060954 29.402243670558544
inf inf
6.487715291160415 0.6700242596418767
28.891509082014963 0.6468512953467469
65.74851309363815 136.4921712304762
nan 39.417684328622
61.80298987185898 124.88364378290672
0.3265547035995368 0.3410925126929434
70.72801252182254 15.487160304369876
80.3913274323934 145.32806612770224
17.445646279981826 30.840435005048377
55.713776937546236 52.5871331702171
62.302652226680344 74.33915215151872
70.2500278518075 173.023108224265
39.57907787226584 108.28469563843271
6.508792871949922 3.087442559333927
62.362971153114096 62.56374332011367
6.190042793790938 0.9972293491834276
inf inf
6.459913761956663 1.5863913096907718
15.533662075003685 6.151604910252079
5.1707386723076825 2.3043977990709634
52.26003339895897 11.580063869428313
51.29461372650901 158.42999678889475
1.927297978755523 0.5293025850320563
2.2068441259564056 0.9431805839625224
3.2724032127497913 1.0817869810344418
82.77309842780969 64.91082401055294
35.819494914898755 15.677112563685927
68.6917043807268 87.48616756828639
3.539146731337785 0.5961824545912107
22.27544087572547 3.666146131470606
10.849491230817565 1.0514923108901502
inf inf
5.755486736533424 1.1745636907023267
5.570965681269587 1.4942426956755457
39.116199804349264 100.6530378688041
10.835761672717776 9.704713643330706
inf inf
65.19103197833677 159.04576048807843
51.18772946013558 173.25584678127453
74.4515816377943 176.22364408967385
87.33754107204271 92.15871019028225
57.47091517663375 123.16221137774887
53.57293546813463 134.9029101003874
30.129241300330985 12.585186310389808
2.1314234461336157 0.5356444678891439
1.5144116844469413 1.421241608981158
57.83844439579798 124.07603517826924
53.433629324712456 101.04196966888587
60.545102263028205 107.51650910336751
21.677822259692366 0.39964431714573173
11.399038610261343 7.044322663407287
41.970337032159804 31.283069939538702
74.35636838030474 176.5656186641439
7.2371919412755075 69.05364766054045
35.472844891678015 17.229846622871953
inf inf
inf inf
inf inf
53.98907420840068 148.8845998035719
7.465903875989032 2.354769314563301
12.338156478768223 2.147254360106029
3.6674657998130606 0.34350202824802223
86.22903758290624 91.09583115271268
44.47449113367 67.56036729169328
39.705681022754916 25.893626755043844
5.3349434204465345 1.753738377851888
88.36838914803548 21.814591024149873
78.99328954471245 30.24708242877935
22.019850807142355 4.096047587011711
69.57055369841154 26.986540725373978
6.980532266143964 1.8036330494841528
inf inf
16.233651245538514 2.9542692871203164
7.148104021662499 2.508798408886955
51.31653969635215 13.948047310099076
64.66882057569106 4.560879049677001
40.112874144926266 155.1976771003301
4.504513372483912 0.3565657800514691
55.1475008485927 140.44787038199405
30.05870152884802 110.66870740916026
1.4601422261514714 3.7608059324122403
40.91502999524282 90.49723912997138
10.511318754278843 0.7177121890999753
2.200850168213059 0.6008518376304043
29.641808444974174 130.63753206003014
1.6083040046177346 1.8412908104083467
1.8202387673756384 1.087355439612114
6.298349225093988 1.961552052050063
5.096197603254532 0.9734099713475902
64.57731500522758 13.78160413972568
19.979023970980013 2.7078514352344336
29.913756200755316 138.40199899379084
51.94633118471201 157.85926609650159
86.6830538764914 135.50978498778096
73.01696592211778 100.07807701046714
47.02736160801783 133.45361103739936
51.65049681815631 109.91277090564012
56.7547891413092 179.76762597068972
85.01188268909745 119.91105913690416
43.70973369736723 4.888234424540447
56.60396499356206 125.80629266025448
38.687889708298144 157.77668551996905
49.23724545550496 177.57157110584455
62.38928940196885 169.52497588525688
7.918466702810066 0.5363836982204446
49.16953741592026 4.858529048990944
2.997333568024725 1.8163243168796845
5.906969426997333 0.8307004723704503
1.637016886397958 1.0157741173253934
2.3005459761880416 0.7868560254433457
73.31700649034042 126.38975384928236
77.3848375619368 152.6092601612915
26.85581256905871 2.4071689364670585
4.110636243648408 0.9487946736199602
38.865181849180985 36.70900917786722
16.615033580347838 18.92135388103177
4.189401988378496 2.931176774596945
0.46781100876237425 1.0372310424691564
1.553814266806963 0.648696822341893
1.0592180366648591 0.9703804102561668
3.0105997152118884 2.7345637440662736
52.9832803396737 136.92901542515204
39.4669816685151 112.39046857999976
56.010931593867696 164.1284524027467
18.527526061097433 118.50320685466343
35.03714033408884 124.77287514650256
52.63851076534458 158.65600878277252
27.939459575060454 113.50320873755784
35.482496011837306 40.89351302366537
37.674159147738465 137.07037268874637
62.22039883728763 142.5259880886516
67.23309510870604 98.51634999849357
88.43273338953382 156.03432529843292
inf inf
65.70709312179007 160.5680822605618
inf inf
41.73643130468683 167.76003540232622
36.592282828035756 162.18990289388805
38.67168033353866 149.76093418948275
52.78782272877106 154.85853568880933
32.37205213897144 170.72795907980617
46.8139787565857 161.05725422507248
63.916744989634914 94.7744522839221
46.619279409754796 53.28006425200259
13.516030833550161 2.507671853021098
61.629968789749995 146.08995833386072
78.1155253162699 158.91955082626248
45.50978051173012 106.77143286689368
39.35072499916162 1.5254923907312028
77.99722355815862 140.19529851007195
55.63281970589908 10.394834326922831
60.933941241988975 85.90441346509351
inf inf
69.84225761160566 119.93759129968508
inf inf
28.857062913942144 100.91620904887277
88.87583914058516 138.79924674487765
24.05876341821451 9.632790279031202
88.30407901938896 121.39380243812647
11.06147291210888 2.021662655597662
29.847971339291576 160.55046209733354
72.16624215482287 164.29791372796385
57.405014847280526 141.37746337573418
54.33945010748788 163.4175535524641
19.912425796782234 64.50798770862897
inf inf
39.512768744613396 24.777246318075097
7.171992096219763 5.110844817919418
3.8584647168374717 0.5157263100222313
26.536502667725703 37.07930137852614
inf inf
25.301245901622803 23.607446265417938
50.59628741413651 25.56639096051834
33.38579597331855 16.257189214696716
81.07148096511477 119.29965366945008
26.20298640756259 2.7901473936549053
63.449124541554085 135.02939417619902
30.25533134702817 135.39346063830365
69.52798064659656 115.27584376198065
21.036261628895545 5.720747635300109
46.20632246892444 19.052086365095104
73.66806339445067 129.04738209042887
7.074442162507926 3.1399122920601963
24.682368070583692 26.38929995842537
76.72927147284388 126.76566366455512
1.8379603081427023 1.1628234839654885
inf inf
73.52908114350886 65.98624350749832
37.29249784314191 1.4186730028205738
37.01473865132132 58.564552738266286
31.036568823299945 173.21526007015487
1.6590098115149408 1.389546078893739
2.1971525711253874 0.9018981449194045
1.847499433241239 47.06715659885016
73.99264870110518 12.070449246886195
35.32349578956476 9.942491149215707
75.8347546995331 137.88385287687055
52.26813256055529 157.4294451467966
7.602288186327134 4.375522174823075
4.35367142260819 14.403673502970909
40.05467377358001 42.59668676157222
inf inf
nan 69.05359048655099
56.02437217024098 148.49269261832825
inf inf
inf inf
inf inf
inf inf
27.918945699987223 0.5004937469325785
88.70798054622703 113.44299095314105
85.42627278940087 152.01741796123898
inf inf
78.53663934535318 94.52453446753458
27.861564865247654 1.4251654662431612
35.08493972886875 75.55687609230192
46.6040545390924 113.12570083015287
22.89378122500736 176.8728702646933
44.21115542587273 4.445976320416264
75.46586587537641 95.24787415059481
66.10775030423218 20.098643200903286
73.8394680397014 155.85461670948953
80.39454727932 125.20099194278515
17.993869045441922 1.1516768032786768
12.136679988798862 158.3648855266709
39.69836696189174 61.1903179863578
64.70759841107183 34.469932452321174
26.963338271240254 99.88750635243865
20.988337997109394 24.31089235435285
12.351436716027779 6.696716457023143
88.54126377004502 135.60566913529644
85.44154917171032 150.62313732871547
4.989954101071639 5.700063128200885
57.4359754960122 23.282173530216134
8.613972706428918 1.3574990656393475
26.26375388299089 25.321337887534938
46.51694293797978 119.70666513703988
25.30806103452531 6.038994280240179
35.753086206425785 175.2354480633897
64.91025083674516 110.22003690875157
76.24576070791154 11.73655800638508
51.98000900686105 70.38993368332369
35.990021252793014 23.045941009813014
28.033921648259465 17.68740737872676
3.4386507112375764 1.0494550395043225
35.59382300636611 128.60541699144395
17.066065374760075 1.325975570474603
8.70928427730003 1.2253610959752685
62.563684405519425 145.1149543616679
30.591898164268247 3.4934683793922474
26.92695019660015 4.248900082091308
55.19089176173772 19.02336069832662
29.787908373022375 9.605769414966646
27.845361838571087 8.47440380056553
8.38255230278197 4.759712126046493
5.03599723881304 3.7160696662281234
40.81988809119064 2.475169759027974
inf inf
85.08562015850397 153.97843830202535
4.837621552639842 3.107576540794767
85.28121784154592 32.671710410280134
55.2990264023429 172.23114636656877
5.399424923697596 4.141883013847265
50.165975453509915 30.781212229779342
15.078659936145149 137.61111649829851
nan 72.52442542399712
84.83439181826539 3.0301009321574304
48.931522044259935 119.88793799603452
24.76049703126462 28.744443557766868
7.839935849623542 2.2595637633778853
77.1716250265718 8.59718933402853
85.28830821035831 33.16336053446039
50.17576982206449 59.016929622393825
26.244495657568514 7.209946235564981
22.93409319930727 6.450653602929281
48.88886834059444 108.42501240415501
26.825012310552612 13.03226457450771
85.5813390830552 144.66222289060093
31.902018309099283 70.79336883898392
1.7974095374167016 1.2819465920361057
16.597590364245832 2.774442966271494
32.84880674670406 128.57242372909315
23.333437575141403 87.48278126698564
78.91654351272304 32.93985534618334
29.85808391627514 16.365682079446852
10.142277837685853 3.1371135843207885
28.428334089227473 12.399777838418329
2.832018743341812 1.7486473288955615
71.44947891452878 163.20292180847952
18.32357892876233 0.15857467140437095
63.043048213605466 152.74237868700206
89.88180738922364 36.756164406830415
21.77431661400867 27.372890849979807
15.368846842698986 1.4307093088920662
4.814304435527857 4.294819216329557
24.909978025390277 11.429715206347007
6.2278391028052384 1.0166407599157874
81.81362435255001 171.35899179159964
3.0829144757915534 2.880882516084271
7.297714194363833 2.3134314405829084
17.164868975095953 63.6576780014311
20.612018545321682 2.709861294760245
1.2157731098271538 0.5325027225553326
3.464640833481782 0.7741196350255474
11.81430073344461 20.30489921532697
7.713539693090306 3.502064145767058
22.671666296924972 14.34282079732744
1.356845543100055 3.3581889694750977
42.61147435916135 171.7882025579674
78.55453828979026 161.57977480675015
2.956717956875334 1.2789110050256753
6.277478999465707 1.80333725025573
8.390237857645946 0.7101514445328722
2.2075831832978077 1.3277314145361654
2.556612488568094 1.3209816535337127
1.670733190115417 0.8415367341322673
36.2631870962002 153.32775955114275
21.52603002974796 39.65216059851687
6.168338460140366 0.7910093391854587
37.081262249288685 3.6106532474029476
19.647238049164848 2.120604788024412
26.579905925152246 53.11473089098982
39.66198982904865 82.00766017965128
78.0582205522874 51.63558526453859
49.769817295968664 76.37533656871915
61.66824660470867 178.2419169547669
24.295756986667186 126.715223502582
37.90397414835824 5.265500275465164
7.2323201053842245 1.8941951447928342
3.344286497096359 0.538506064341677
inf inf
52.78302336893256 154.62115812266669
21.81539198680401 52.3980042909699
18.122062439459686 3.499290573290448
59.78059626310524 171.71411809693114
44.9402062357012 12.394660624255291
65.59322547040101 145.90164728361978
33.291499004076414 87.21057680790085
58.911920545104465 141.52634678063146
60.31794774589944 175.77471542003542
29.962590812686724 129.22251617273827
54.64102914105872 17.359498427245505
21.960496444573234 7.493898685991583
55.30984035150033 11.867783590160608
2.3923187181116337 1.9696657674533558
14.245899626134777 2.1828191685488223
23.622263698129526 129.73842400435066
19.6475880398455 2.6715485462287307
inf inf
61.36371589675224 172.76061827480387
0.3459807127465511 0.1773060372044189
8.153532820199672 48.16558000477832
inf inf
75.35279688376153 141.31218963584038
22.942186847959306 0.7770109583755384
inf inf
3.184013462281913 0.8899081676285552
21.931133484565372 171.75425759808394
28.422379887562897 167.41938042417416
inf inf
inf inf
13.971615744651928 144.93174083120297
8.233467917903939 1.2500992392285026
3.2978119474648566 2.0413343825399837
20.549950251922915 119.4965573071021
69.60706757456866 5.9535045475373485
70.18196651387844 93.2956399428544
1.4483046837356754 0.4438517100912645
1.6278646719001753 0.41894225715588074
41.543475337842736 21.064962920800728
8.188811961090762 2.6304151989978775
7.884451037862501 4.50897343874077
1.90574344714194 0.5361472582796865
1.1082582193776698 1.3290566926187029
10.857081514853565 2.3789107832565985
80.6246752785675 14.389924025622987
3.584559848758239 1.2061997299236464
1.2195212883046724 1.463869282298482
29.214324351461464 13.299301819962047
3.318552536471019 0.7661252724949186
52.5800497538894 120.7141198598687
4.80452880075173 1.9470474065413765
5.345050474584057 2.4925376454478787
39.88807516947506 6.473145090792609
4.46016348365593 0.30539635384450103
34.445780297078365 5.585810102647014
86.75539136635551 90.97763797184795
23.120850473222355 17.23845282403151
1.8207663449150562 0.7431933677988182
2.6324364967419145 1.679411916073995
32.465636609473435 126.57470990841838
4.00059338882542 0.6767878983153224
78.66432152684 68.41135435064817
81.09843704764519 26.08754220909086
36.56964383550991 46.26628180378668
44.202860382820745 94.41852362898778
22.694083568253287 10.257795119230654
inf inf
inf inf
inf inf
52.30806889218289 144.0457791186125
17.112918803818783 36.520787460781136
16.405535834411292 35.27078609821754
21.78200015410546 162.8804611223415
76.05916404442243 34.12906833019915
75.0624603442608 6.3856508159782255
55.70283374317213 3.9402341014659594
56.03174830558835 69.58689579943969
inf inf
inf inf
inf inf
89.40115448412581 165.053528195622
44.58002321896173 6.778301085114374
13.514952633969422 1.5697068816015902
61.887356489497876 153.3271730072609
3.3131397862010883 1.4516476678535424
25.67814569735943 158.72467359678728
30.57644473279962 54.02049932307767
2.2423814695777224 5.49608024119305
3.8528078897750273 9.330939138815351
4.575623548798893 4.158062183813421
0.6357413508531441 0.4402416211942389
66.64587032395853 116.39869031811666
59.32409620540207 179.30754628276622
66.23229140022413 92.0332831362182
33.132089726923425 167.8652034234855
65.83580131510332 93.43437475044993
12.53085239946787 0.9695654764683788
59.29405727582358 148.3645847143184
inf inf
52.00924404849263 116.35340314746745
68.89262319691882 165.20699046112597
58.849693043177055 128.6169684812791
50.57693825568796 50.665342507013634
39.36414744242052 13.222265838627786
88.77925238963037 151.26489786903466
64.6657643164063 10.648844261141495
70.44390878692307 53.74086208580562
61.54157836252264 65.34486332386477
69.53656829753778 159.9804518396466
49.12267046350556 140.11283740086412
61.12742619158894 60.36194004725731
64.81395885312666 49.80557978434042
0.41529085257150666 1.2036675807129356
85.3977584555467 7.532498712539356
65.70447937479446 137.1631279307634
86.95351619687898 169.12321439760396
63.03078493024687 133.66346822191468
35.85894724712429 12.157105486053734
29.472267915105192 160.9706308120154
82.31011541814775 17.47516272515922
inf inf
inf inf
inf inf
inf inf
62.65680678981137 169.5837130211043
10.367501728744724 13.503078304031781
64.57877735398388 26.753947522518104
inf inf
inf inf
34.292707061205306 61.580664885245795
50.972756569650045 56.24491842764316
39.876653118781746 106.38180265333348
67.75784566205087 75.25127508318738
52.262832629110605 3.086980461213952
inf inf
13.569035506321299 1.6741686951166987
85.32518346093327 121.02483519520976
inf inf
57.08600012309087 134.85181444655393
nan 25.57364256556525
36.05960450948132 105.39582796998955
5.469737678333039 1.3875587542893648
12.36909001786951 3.3804990314246863
8.183153646002387 3.9020058585362887
87.22174113153308 39.2620062127157
3.814268886914426 1.2034690600264355
66.74855153713978 6.177426959288793
85.61992118246116 4.685901236694776
4.458543664191727 0.5979391113573249
2.0779571537922603 1.1145723099221176
3.169301843982371 0.7570110335339856
85.58849741345476 33.97032799978734
6.848024044503582 1.412059473796292
32.216114548515286 128.36578389910832
62.71747586100093 49.453663102686114
84.49320546447314 128.87079916165885
6.544241655572675 3.0176320559767134
87.62933172302155 94.12880911087457
74.88403134451377 153.34445176195814
3.405460513885989 1.2521626506764518
45.950548866527704 44.13949877488926
70.13780228531851 70.9282928250304
66.12991207365438 15.14895136556104
9.470753281261272 2.5816683631669175
11.03701444833871 1.2036352022676013
3.5113307001267318 0.5596811578185501
6.835910276904402 2.7983522895773527
49.98120377351114 159.66272014713087
7.016886539406893 2.1197747359262427
33.13641302032607 149.2059266779947
70.3520636792867 22.58140462644485
61.78745134092528 152.98987072594866
84.8016680877222 75.07871146535179
66.38393226779621 74.33364286488107
6.59226130033572 0.9550135432931535
2.3900060889435313 0.6034726597517033
72.8129944840152 9.350015538642214
50.339834595981415 11.172781327297738
27.1812169075849 17.286578747515993
59.29520055380806 36.09288607622578
36.91545939762428 5.3107843135113155
82.25962048731995 16.33353796858955
18.26470315338792 174.92304909471943
62.89170830595424 3.2516957279670997
16.37059310914402 3.2551062569392473
32.007404809942415 12.01066544992237
20.460434540322428 2.3306136371696047
3.4545770994174485 4.674635283089923
66.56660771933277 157.9480512656049
27.205972222054456 3.4692712265345578
inf inf
inf inf
inf inf
44.71575979231466 20.95036965154577
51.31618359269425 25.486474524543635
12.985898635868196 14.572640376229796
1.9770499143205988 1.8063878590659588
31.330133855079993 6.2101045150366945
6.424853494034961 1.1496425837375768
1.2348000837066233 1.592978510552306
33.373747520193156 45.752700087321344
47.57822576301823 173.49919675656602
12.37770609625769 2.1430749057377514
inf inf
inf inf
inf inf
inf inf
inf inf
28.35258494542353 59.55112740208595
49.81622742862413 100.95160719810553
6.791550831770783 1.3308476671442493
35.31495994124578 174.73705220805982
0.8892376771926725 0.4274318792778607
2.854507321205454 0.72619622485703
4.291833002925152 4.761084492739003
16.621464166530412 2.2015926599871753
19.989363496184353 117.50096162073562
47.72675126766285 143.62967669194117
inf inf
10.688382583831855 0.9825938870166645
5.370583271539656 4.5847812198227
43.151659193248484 19.63681809600367
23.230427953113008 167.79840517759405
67.8858654880938 80.33509230818159
6.031409440858656 2.4219506138518305
56.86553378083113 1.5841482727222131
8.401848182281318 1.7965352771354477
1.7592020917416202 0.9704362608027665
12.512676080223503 2.6836843139966224
66.88283446594238 130.71885269468697
17.776217373613505 2.9461056148057865
19.838009847825816 3.5364174428322723
31.848324472161153 14.903934086571475
57.903650962405536 146.9071940825202
64.25665537928029 178.90663641890012
42.6027080743452 152.6531428492796
nan 19.23518047663577
inf inf
inf inf
30.726988193677016 129.42620134038194
73.33272753375668 6.809947546115956
19.054467670466366 1.0849345552696226
21.157057527260985 11.953092995618993
5.649722847434131 2.5426518107936995
18.443829238274866 1.6953973409850513
4.564835591722891 1.7330857231598624
17.54357400349955 16.34481895755182
71.22626260192753 167.5600145291207
41.52688882088037 10.049231495432549
40.84593478317973 49.22597143028131
4.054431724966767 1.1953966972439578
45.16510041403566 24.60781017434802
82.38345968130781 107.03997981542531
44.02352708815626 92.13064969383866
39.97860826287487 135.84046572629163
23.00096422220605 72.11325087922215
19.16235044223735 4.554023236346798
76.09783469182103 113.15796442825943
14.778507423318644 91.81701728719909
11.263559055951639 3.092900856864901
59.83385712779676 71.13396833838137
2.43301686492317 0.8289428294475929
22.99477208891568 171.5064445292203
inf inf
89.9171131081921 137.40584784252357
inf inf
22.822542697107444 50.18021949030883
15.833162364966796 162.56101739382325
10.034089958180802 1.337677026350793
39.89941569549569 3.4190813417999735
inf inf
2.7504421906480245 1.0169937861306866
5.5508675503962746 1.8844488073272123
47.0219339671161 64.25064364916274
6.644944102574008 1.0410073118868433
9.225206539942727 1.124054566115748
28.05553501875044 16.471302645697964
7.635261638707687 1.2029714503870632
28.613978081435327 3.2312734079296286
16.987130944285894 1.1259789678570071
33.917801650533065 3.000814253305988
79.78285216070016 39.81322674107147
21.777682649536903 6.454328845780692
29.468888841511415 10.997054932400543
inf inf
inf inf
44.588710160689565 144.7250784385986
16.872280674764397 4.782643329714202
79.37138524561892 178.8432238105931
74.6365915266477 6.885565007619093
27.99606763864122 20.561414099548212
86.53622707618365 10.654478069060934
52.876699422504544 35.10950665831709
inf inf
inf inf
nan 32.46073158979346
15.467486785743302 1.8246399015657913
23.15632602771188 5.239751848760291
7.256629908372636 2.1343772805098022
89.0651069362601 93.92922225993655
26.627496257966353 7.52987710309798
9.458446482585321 1.3261944858107353
4.60675630827059 2.0010283304238894
9.652117714954894 2.3801144914776438
6.404622505058814 7.423891342102365
18.364696648153682 11.120781427603987
4.857072529748325 2.457305399363894
12.25283400544315 12.047740732676425
87.30209211396549 53.746425400262986
15.045475263293579 10.15277064311067
9.619690658247881 1.1946812206836797
nan 71.70595524715561
30.411263854540653 25.649215859505098
13.755186320886974 2.4467409498005135
23.78190655454377 19.13737036834892
7.518716549097804 1.5241366346083711
36.14086651342762 4.878292021523543
54.768185235024625 2.4209505491055316
3.2085911474235806 1.521513189928988
8.355887696911116 23.6155540193576
2.159493119747905 2.505202625367015
20.883981348250174 2.3998806366846632
81.05863852733582 158.6009459039348
6.502014704335578 2.542000493277851
34.06045766780749 75.11615780264441
30.989830682638313 4.351519047444361
12.390915931643308 10.94849616933977
51.707885520217474 57.53356211862887
7.5491771188836605 1.8904263023624286
12.921857777663043 5.825420708099781
6.558833518180755 3.179590646173615
55.171711173877455 12.196032690853505
3.7865559859476785 1.354306368466644
40.08031284597778 26.958224629979217
15.445169568679837 12.81375500325431
0.5766533831290863 2.4013472650788685
54.44068583030889 99.3616537063718
83.99880233427004 170.51380340375658
3.5077505746393682 2.56696700337837
49.85616666978407 53.970808335189275
51.83683299936472 133.67604885450336
37.08647222801537 109.96033751965875
26.966816309907585 102.85553694661434
inf inf
85.38845638334881 4.441625271918224
9.101264093653535 2.8673899553544793
39.55530231067794 178.5317939895435
8.249998803374167 3.7817188547958507
4.866018867587036 3.3928792175689733
48.294896536858545 79.28060978459035
1.1389896721247195 3.805189117739975
48.31961353657796 151.61984151986272
56.065162438356495 6.2374577227658206
69.56020199279527 46.25335882984431
2.8159870034298033 3.7525283262905695
30.947992387984215 38.118837002724
3.5634355601948746 4.896090525632087
68.98647100819727 136.30388215559523
42.43083030507245 27.856262787814256
6.174538827931314 9.359472643202377
6.4849459440696124 2.782372446692947
42.58583746235698 126.71284667715776
inf inf
inf inf
inf inf
inf inf
5.2636497127986255 1.6677790962758987
35.1798820629163 133.54797668590282
15.665376111035012 4.33235430126216
34.32722409891789 6.970026367843442
33.85996084904358 13.775445996068164
8.130796952849629 1.3420583547228253
69.82378784013892 4.762041753399767
51.297864598387086 49.6047451070914
54.434734269882604 2.4697592829568125
67.55186681707842 6.6308510441084
3.7104082559152616 0.6101687923172847
7.256612088066483 1.4669920864306483
30.10949021497127 6.875190939940065
86.91324618873496 56.09633467998609
50.914626304804685 57.46355174031393
63.80402916227091 163.57627888784805
2.0888891333959854 3.0687073614307407
2.282830190151449 26.373074014965248
1.3720111483500836 1.4031233999377335
11.428651624486228 7.0262170199767695
3.8668572017210088 0.656925399698233
77.86685996519527 139.2524192685576
40.79692005627271 163.61104646541708
46.63705061274672 85.12611106016183
2.714704160755847 0.8867506755778833
12.137931242099084 8.92097535761824
31.506977205019595 126.48296891938409
55.54229994352027 39.68724198769091
3.3492439491453396 5.026713171197119
1.6461025319774432 25.34587447818919
37.20826248246621 149.46233282990707
24.897361837535414 6.898985329448916
inf inf
11.231836464732858 17.163459944474297
79.10681917418036 86.9245946248531
12.116737412681275 3.6680492972091674
69.09647636634358 168.26138784456046
inf inf
inf inf
inf inf
0.6010515493704035 5.41936594010003
18.511680620748137 10.739364487860698
42.736438731597154 173.40495097782573
80.80477234387551 171.53726429693603
5.118885891030282 152.81375970604083
5.33008539830848 3.083045975120381
53.57648136277077 4.087762694282688
17.518110340981007 3.181102944846945
4.895338152050643 1.5550499085444764
80.82148916682429 114.67359725274493
52.15654556911024 42.79604173806371
37.854952403210405 147.1253116931888
3.7543630683859663 0.5978961159789751
7.386398530010258 0.5915841909953559
20.43430379856085 12.292565895460775
12.406502267165239 0.7513249384657741
57.25783026588017 9.186861496800363
42.994580905458406 145.88702801293198
54.61361666348344 169.75087802179453
8.292342970711779 0.7178836522896598
66.03782143612204 110.49513579515234
7.441473486169537 0.6083787129800309
38.393848136580175 119.58911603776721
30.481468955047262 107.47970175949916
40.30231634755565 21.688516677487886
1.3174009107120102 0.802962517907778
3.189449090204902 6.647608127205486
27.621620595068947 6.890731125948155
13.084996055692429 43.81315429572593
71.46071956056369 72.30911179910937
8.708871619670827 3.2169199850790147
6.838146036154326 2.0762620141708146
8.384659000836997 1.5809964289888898
4.824614307863805 0.8343445500865556
2.4919424618450208 0.8338480640321019
53.989072495210635 101.92482362447089
67.99231815430969 16.831050477896405
77.00914342415665 39.32965930804405
49.695503730837004 121.82131025689782
78.24021417125559 59.70276393712591
80.24317301760004 30.75174809081532
2.6710832591127156 2.450147305912507
0.1321644176703001 1.0980241268203281
47.519983829733214 37.310997710646525
1.497544211993637 0.27652006052638
6.872400505972943 1.0765560731231492
26.20221195521275 3.1010044312502556
73.89874129664254 3.8893788914525778
30.78696076341022 1.679627614975352
3.429451930162149 4.179927955186563
3.6298880161305527 1.8640284298845347
11.968674019880766 4.036611687449738
19.24182037597501 2.401233527852058
9.65699889881174 1.2826533065161045
4.770175921801684 1.998392209465196
4.099334842471639 3.4634715901321558
14.388793645718355 7.008523243072553
3.9913105508937132 1.567852391511772
54.23935800118439 13.698217253279202
61.05660298711354 3.6912137704303802
72.7446510855664 91.44113439749269
19.970336928560872 29.24866465818413
14.583812646752458 10.27850663576418
13.904680170067586 1.0692141135150832
8.676546759392904 2.2558535507147313
57.23251218019484 12.176757448625994
55.73120272119407 149.22621350364227
12.617676063575802 4.738851674556148
46.20430963489743 26.552079397486867
26.863797664782354 41.95675407597061
75.83350896390559 48.201169004961436
80.08816635798104 27.315048584897607
2.788498388894885 2.6844784351046376
15.029982689414961 4.103118631153099
16.850813960999144 6.851503724921484
88.41898440713743 103.94731165758724
38.02868306355362 21.3313813701476
7.4446403276157 0.35943793590106127
84.97920250186056 25.82151174784469
4.230843030148058 1.1139005223793257
9.67557960064506 1.6299815498016235
1.3149898928615023 0.6521863274440695
23.670681476065976 179.397861532169
43.70962613430995 65.05297046161344
64.23728292610448 58.89799489184078
84.9174318996148 132.94735279010047
72.59267041689182 17.42082600887813
75.34834616316864 17.26135757766862
67.27614062167484 18.134483521185008
81.36476396768555 12.077190762713592
0.9432080119072089 1.3157831878809378
2.946423404207089 1.7382686663905473
32.28342589647479 51.05068734193923
10.592671241623663 1.2952364978950055
8.782830602532668 9.649908873246073
9.02297866580287 8.616628520056375
3.8119028915706665 1.2778841147538762
14.507954127340332 1.4324503490224574
3.1666358684571665 0.8484271342435263
3.918742777981338 0.1556047970690882
48.246275094048634 114.17936757312192
11.444639268738458 1.8933172899951705
5.516053305618765 8.224922218472702
12.596437196212495 3.776444398659951
5.247818289148356 1.9856067304517446
3.382134030475736 0.6927894454873449
23.602905110543073 93.40343703018424
12.846554678682054 16.030318747397892
73.92938181827812 121.00840428191873
65.00965891375691 148.8362890413008
7.530909011744075 1.139838452885373
44.56427553430681 124.61442883331368
77.83890319921636 140.86230646086372
66.05952367968783 118.8628050404312
24.846000273217733 35.782347441107895
47.3005947095334 111.44908368008176
53.9972534800127 79.51532219749805
88.64946643952943 13.97758836949466
64.15193864258829 154.45773216083063
6.619402185004688 0.7876741731362065
43.36351493417774 137.5037242071829
4.369128028635776 1.1163554497003891
78.82551900511928 135.27403125312006
22.129115249626466 120.5441229809153
56.34294661948848 25.111094783724727
26.200043350439643 55.9197965866212
40.05950736535278 44.60465946753652
5.810608705818301 2.0260503825536627
87.27630873187212 93.43940166332959
80.05570754027431 159.01535857344172
3.6490944826312015 1.0760661638126583
64.40941279932579 26.138843249979093
66.12028896669021 70.72679976689109
89.27679318551168 151.54158945373413
68.19934227011767 151.39605803540707
33.74720033687926 2.686897075959646
72.92228554936507 88.01805577214374
23.725753051076413 6.936425411541099
77.14847898349286 142.27246939759746
47.4530510015103 123.49684788451285
31.149243554091687 44.56574885566568
54.277514850877665 121.55559749774189
70.75535693356892 123.13618157567291
59.84292008490015 91.69469493453127
81.55698138177397 95.10836259456528
80.13753325229872 43.33397077488218
48.90091025584411 150.22991778312385
5.439893620570781 1.0972274213698052
85.21081189747365 150.96913843777844
0.8424121875157425 0.5444489698546057
2.90878953020898 0.6014604280306606
11.413003034824374 2.848629767079218
34.71226087305132 1.3607341331621492
8.361547506333437 169.2171134703099
72.68069470586578 114.59169354685257
59.111291992485015 34.87675014396909
39.61653367930469 18.55897528996249
49.43114880950097 145.44417385103299
85.59886809452874 38.47086528001797
32.91849210271327 22.061888884048948
6.529079913489514 1.153219725426354
19.25184404832664 46.09285895345311
37.871451168385406 8.383339525570436
3.1020755288201003 0.880736780816492
17.44222184306508 1.97722881078385
23.109498648638073 18.376887724019458
4.232932600089921 1.4114597553980985
1.4374900361420073 1.734060200205059
2.302015539414411 4.364526504979374
8.17477233859821 2.498369864977455
9.125521604264115 1.5502431021836696
7.858576961139842 0.88352480233555
21.27886281728263 6.608729757844239
21.070869233013283 12.906097383249485
15.340130299961533 1.0476464461149932
1.6312289853768696 1.4170768937760796
1.785216389804328 0.9858824622325999
7.18936108467296 1.1528080064507609
1.4043882476749894 3.729208474741371
44.019402446954764 3.7782729290563726
3.134618743984851 0.9406393525665541
26.932659068504623 127.11549922789162
6.058925069688456 0.9491433503763509
50.32235945125561 118.25840061774359
5.9462424924395725 0.48592540263439105
6.016420012952853 1.1704272256689405
5.702518225385622 1.4102743718363608
2.855868901994394 0.6549003742885968
17.45351062593934 1.970937323549483
5.571676964043413 1.129083607875054
1.7764438518112937 0.7704227308395881
3.3650781037301436 0.5818845435449179
4.212364132722219 0.9392119025625574
3.190866122168309 10.979494676323633
6.818517227674322 1.5111344240387965
2.3852479809423692 1.0697342176462965
30.582681916624495 11.38557832835821
3.1566574257422806 0.274617771726143
4.249508942083827 0.8662574053580823
3.5579906823985294 1.222262401288347
20.049319283396095 2.0301782986887047
13.726423151647905 3.5795608965082883
4.9262461858626 1.7567674509072955
10.527330459587311 1.9318599147176503
26.322176999835783 40.10281684157749
6.417638563175229 0.4904508307607323
4.335058549590246 2.205706220258095
6.272269902434261 2.2545359676062176
9.401730723515247 1.0699986488132902
15.967311984258268 0.8897754004091656
5.2904957780209685 2.623127482815635
18.278284304510546 0.8390292293604741
21.929807626912126 7.07527912354685
inf inf
63.63266086164785 160.8431332924142
75.16358784125165 82.55017140301149
68.02076356457236 131.98902650860327
80.9695879077218 110.5287186249617
50.2361266523826 51.24933530763608
67.686932481216 117.5881061977806
80.69455233263793 88.47695518542768
58.29531275297889 122.19499203706285
52.94792205731049 146.91432075085132
1.586908427500816 3.072147124385459
55.3448353293544 20.41699435944338
87.01502233228372 178.50865222400842
56.516748488385275 151.50664655816033
70.14415800113211 32.53711607023539
16.32001447685608 69.13727318725334
17.23214989383294 1.7632615174011714
45.030272108424825 121.40280631992916
78.3379967276399 179.01713215637668
38.04992042036313 88.03137079648171
43.85176002477189 158.43654199572526
69.9248383175941 163.8921086407236
69.86242904421795 23.016188542375453
34.728007893994466 93.7480510025717
3.453733983626285 1.8748124071081884
4.162548421776808 1.7440585295997852
35.90364068121412 76.71301352153601
35.379492816344836 10.95658629002064
30.740642570058533 4.758821408783947
44.18430865185863 121.73656986553135
82.82443933125126 84.22106791068524
34.36037678110301 77.30804738136038
16.568930307439445 1.6209051456842962
13.876328073945057 1.8071692373323058
5.36756255654363 1.6703277437788824
42.48079490044023 174.57775328633608
5.279761678293987 1.0460114604083337
18.89571552033987 2.982333623560827
79.97982008259548 171.79933251070804
5.8697020779800475 0.8328531600914244
19.817911323754554 2.7634274221231347
inf inf
7.91084460747323 2.1518271241395803
1.3723696170297466 0.7522939731097008
33.769723528894275 7.164497891244442
8.194685861758277 2.0866337424290755
7.394175957991688 1.6016719829377175
74.87562521042929 167.36901961497054
76.9726382458066 153.7386188277689
6.309631273110924 0.5208787943484249
2.60770628287301 0.7003012147293199
41.24767481921217 6.4747855927851115
23.553784406943386 2.946289261905078
68.24278599816894 10.40548715969451
23.320671346705915 1.752778232137599
79.76110251017879 21.71160412715927
17.852775296732563 21.488012766521017
inf inf
inf inf
27.980650220325742 8.404159441707307
55.10461051133197 60.68315789309366
88.69688767732363 37.50208334431421
74.9698933020375 157.45820239546208
77.2818437476705 122.92727457159506
80.66574027200704 108.07550609698207
inf inf
4.463274343607838 1.3081698557835006
33.75607170256444 154.11079837996252
15.122019056848586 1.3201406438864247
22.66256812662909 2.2060096651855674
82.7249687431559 150.90481707640106
inf inf
26.969351012906767 48.47148959723019
51.511832845154316 128.13879609424535
26.361053574071093 132.0125106624139
61.79330234389742 104.03508386154274
74.31143187446048 159.78527225001852
inf inf
43.80415008966961 94.95306981808538
17.88846822659684 68.889840619935
26.137108966799524 31.375975602939977
16.975486828420983 84.09832287051425
86.88912249624819 66.49688899979958
inf inf
85.97838515611633 146.05705205485586
60.54069204712367 35.96137012884326
0.717702140110947 0.6758976331067009
