3.1661394396240268 0.8058220478065963
2.6900540083104985 1.9489522812165838
4.444014032058555 1.1970541637122631
3.9971005745370327 3.084569551087276
2.1963940900773626 1.662655995551615
20.190708541344364 42.6113218678756
32.64828241804684 2.328354926980773
3.897680398544349 5.264816290686667
2.109211952007644 2.9968901260953826
3.7465033733656727 4.5569445350541
0.5048190854356249 1.691205989308907
9.577697317062155 2.9024556916323005
4.706383864046559 0.5117678581006893
1.4116036050789007 0.3307269651377547
46.31254626348931 2.625991930985329
inf inf
23.512636245524057 149.3156232322426
nan 5.445625870726254
47.05205910923883 18.002739761979193
47.5001225923551 126.08936800821554
34.634405351610404 9.325342718159572
82.53275581682941 2.266763550971367
1.9238487455361066 1.1396269651147075
8.2013544662983 1.4404698222666599
3.6598744689202705 0.558664936950915
3.6759243994260182 0.34967332894637365
8.500133197957547 0.7872057524587244
18.956662899563337 1.4724029444412827
21.418401553117175 1.7004876875705914
6.547050948211394 1.3386796983905462
4.633330630757677 1.1497525455090467
8.047018867960055 0.7429878633060997
6.634622032391087 1.4406523751168283
7.829616641863243 3.0743533745875635
0.2697840800419579 0.46417613381143413
1.480272614559944 0.9796261985189197
10.44875613901445 14.908935234021103
5.28538690833339 2.8235164046006114
15.793477247823944 176.91867799964638
14.35340166187251 179.46718800657325
2.8900044427894587 0.8065678023063626
15.568899512208958 96.46897823513412
8.440546088404686 0.5262758280927131
39.64798882628782 5.295883166128896
11.07920786809953 0.9512570796596884
81.65883607953502 56.79340104819513
2.556803290877698 1.258369571931689
27.098017835835797 74.48972719881465
77.91527156286169 152.15453144392615
1.7045202286438612 0.8444254107715701
23.56671988976119 98.33561292219336
71.68491777132914 122.58945765528617
45.596161312997346 14.399776733196726
72.77522486030125 97.54582527303924
52.09342242103001 109.67832441934964
72.4130849676052 14.651576374911832
31.568526138097152 4.6991492427523935
8.929640643502509 0.39342771744490956
44.30232438237784 3.043705835816423
1.0393064704531743 0.7520413265017538
7.985663955154177 4.767917506019866
68.23005800382566 26.811521630040183
55.21823945097381 109.1963091918412
45.16467728498816 43.069023194046935
36.92623498971045 167.8839387798703
9.0252249911962 27.37826778478572
61.07463694815522 135.16399118932122
34.87563492285136 113.49642175547663
74.28238687790962 156.00637086047982
73.91944203250496 108.03334182568608
65.09035974892838 29.47774587787199
26.423484871139284 4.425067512805738
77.48334367516433 34.168783913614625
85.27202860873048 106.90157055533314
inf inf
3.2548315238876064 0.7797011932543664
77.23760155151356 177.37630392923953
13.70810307203516 10.085649317958865
2.0413622468256607 0.7607067810056617
inf inf
31.89009066458317 110.46427782872989
75.92907311202771 157.4513058396017
68.50436366259235 142.70868594781035
3.7646158313323457 2.3221024272560884
51.57791794235616 118.03902929668625
36.35739346358588 55.757164491710455
24.658516864760937 2.5433560495358067
21.334423639780777 35.808496441145245
18.87493909434226 6.132934322432381
72.87535450352296 11.718606081307604
78.705046119012 75.13749589681747
74.2616158706925 162.0384147993826
75.08607360182639 115.95174866719745
37.18046494230346 74.83203208971337
inf inf
39.802488722494864 162.3234450918555
inf inf
29.323983779863426 168.99391932124817
87.28040185754669 9.84938097289207
38.44421482580722 178.82262687386776
65.43388989425327 152.21533133841154
17.0027454047203 9.417307318410542
inf inf
20.93698076372997 17.13683176531861
23.216251524274213 0.7138503657863657
88.25473240077663 21.800816734804673
43.88087591302815 160.38406370162056
77.92387845504263 177.97450591528633
inf inf
74.94182812973008 173.50851636984737
89.358632811549 175.83246673376783
44.67521720659397 121.17536804065972
47.499169088761136 159.37876373274037
86.21595579625728 173.86206966546092
inf inf
37.5288009819496 39.18490219625507
77.39653866874379 107.26701658940301
2.5748005094016517 0.26309281227259745
inf inf
84.8510911229883 53.89916789611132
11.384358367635521 1.0945587123382594
inf inf
inf inf
77.98378923710409 14.35286761169634
11.404524752584852 3.718400542183176
50.90589949800303 5.372908165633954
22.600815252994394 16.542230084872024
64.1677043003387 163.76186512690967
43.43943929085313 153.6099619987064
19.493129555512372 2.908044898832469
4.211125773451272 170.76218890070146
83.93885419328572 43.76182810196992
42.6807923381598 1.3313188555459323
50.384927343394054 2.5260186033374947
10.652848647296736 106.07384140775399
5.718321438432463 1.0871365494846283
33.41606650675917 142.6584176847465
37.14022803833663 9.010498015366663
nan 21.726702739377483
33.44261662736146 110.00372195922701
11.27935665134748 1.8726564289318408
0.7659991449017809 0.27263190230248446
3.8098363651101845 0.8810172655281016
6.8301680569895495 148.18727741037728
47.06504144305726 5.383755292886078
87.80713634151364 42.90130258172769
3.467718088582251 0.3647206697624378
37.55305624390562 7.4298163229403915
14.927880371937674 0.7680402718096893
30.381527497814744 120.12774175560736
4.885225736132053 1.411555599213893
5.704363157676951 1.272172417742339
35.06431000624025 4.5912974757074165
13.449361181675023 0.444429366916651
6.261552613297856 1.6895576918976658
5.66618028038711 1.3992516460252484
3.693109107461044 1.508128288046414
63.517600837658534 82.47653929058552
78.57790922413841 104.83810131928226
23.7703705665998 1.4855938855779418
6.2027480132115365 1.3106719010405237
29.952197102450526 78.74904685140642
2.964189019380717 0.6488773887660055
13.492723169234319 2.1111279723378304
18.603522310383635 0.54027199505892
34.547723553213444 4.170819879850977
21.163777973857464 106.7445269047863
16.320514236385364 1.085234572144134
16.402760699631646 1.067742887490249
40.79870901703762 43.80960234719687
80.22313786622615 8.345648253771602
76.96686992364464 17.253909895302773
27.07396574631283 3.1455807298396
39.99480296897881 5.157074255685149
17.151637189176192 2.8957507986975415
16.74683042848497 2.255607294639715
8.166184075166026 116.38311975244098
6.60907671297042 113.6416164102819
63.25030938555914 3.38438658108568
88.53035995121093 6.480597791642762
44.64337226773338 6.037101665795012
9.321874156483007 6.097495324976941
14.60648978402774 3.507800267131684
4.966475799458722 0.87464354212896
4.72494963874565 0.785685683291682
6.714492938236926 5.24816914830491
11.475320173196826 2.042352513532985
53.299421201518484 45.189479274630195
40.40004141566348 5.643472140740087
5.696445337602205 1.5186994925211277
24.346234694312813 154.10059478270983
8.646533303020691 2.5686658326864644
25.834470083108783 159.4225819165363
0.7749445471735235 0.29971952442367295
85.95314689201628 7.360796456862436
10.855825561045885 1.2358379371446526
45.425209346847616 113.88198704696718
34.35222148101911 7.425399177610073
24.623477880226925 1.862221506671745
24.362092247506066 3.426937617786181
84.5201288968323 118.00585880009412
38.343981683182264 2.9921479269579976
48.21787491592786 54.8758921168196
84.34032393407672 134.15140429958217
58.47411595911531 24.333429828592273
20.843665352037984 3.7515533862902464
68.44050427472388 115.66778375961304
34.71131436407157 153.24772374092018
85.07278474575804 137.61039086159911
nan 46.66499761932124
49.16959153375199 164.96587938671206
4.8246488717958975 2.4635580756662216
81.50384773702075 73.05340240989098
72.24561742886183 21.75718986181913
inf inf
inf inf
36.56397117190763 147.5230705409024
81.1790036975569 98.79064531756867
72.15726938908233 151.8612348970469
53.676234776519465 164.35981916685176
inf inf
inf inf
63.77268517862607 13.726792621785819
33.18441025101862 176.24245551429306
24.102379692847446 84.83475322215601
88.9435055654925 53.38058730319466
3.257756442633 1.3222595256349097
43.65004058320119 152.34622760181182
35.62869843934752 130.55366218305238
78.13045375183864 157.9932054949777
42.44970590857136 139.86003471393576
33.22832972961034 173.59201789767235
60.229537708789714 9.401861714616125
4.566074439568977 1.4010499926819624
1.9722075512952923 0.8298622564554617
41.48098999937487 9.409386845468477
13.436984853765225 3.6971073541416715
88.21420310862861 1.784107505384361
51.38097876195167 123.30441685091004
inf inf
6.238819147891801 3.2933882561331047
16.60249752900477 1.6255610993991751
14.649879726211074 2.6631140747991915
12.481085271196807 0.6031485701035814
5.112905282989614 0.5441136515132393
11.453637801480495 5.2698670954712075
0.537736095729225 1.6527869329644787
28.24885965968329 33.41477357648124
32.714107888233514 156.3074296160562
2.4553652888514117 1.2585915391961817
23.095056593088458 164.63549722643862
inf inf
inf inf
58.43177336381153 148.88566155031177
3.5013745937742735 0.47865591359535875
14.498002127749004 144.55111933445855
inf inf
79.11218606300005 67.71543633880586
61.44416464467578 96.80069709064603
40.39326546817863 9.092966931596976
33.181256686624096 109.57175286579579
79.2673375670265 163.50373841787422
56.145032188431315 169.00585705249352
60.660524093024335 13.072575282366973
14.953096335634541 131.93747774743863
1.0720586419134894 0.8915860330706239
68.96862497055636 115.31837093596813
inf inf
4.80533242628106 1.5779837351613157
8.011539414389153 1.0895516235394436
16.484204424620902 7.281410887533019
2.5192454757314993 0.6439459528779602
48.68070475409465 101.91663566013287
inf inf
inf inf
42.64858310700286 3.3635162232743006
75.7027520179509 170.4945473623598
inf inf
inf inf
inf inf
12.171421564140163 2.8800675256492574
42.572911608189585 33.27853191253389
9.234062224229339 128.72871879783736
9.813220712025961 2.743130433705038
55.7153733283396 38.00337437299714
53.4618613208504 115.40652016284132
45.36144607796129 97.09772579465599
70.31910785218305 117.29440568066173
58.543377911128175 44.84879207233039
60.84878341610428 46.22852020042278
37.23279013407025 17.124129646820887
12.358316252490097 21.66350290688791
12.63222697239777 4.783536361707559
1.686726826044069 0.8276569274297291
55.15619675326532 141.10642366291617
14.108419905806414 13.51200194773811
12.68407900750311 1.5147534510390603
17.323947115281 172.01494474489724
23.555467368038872 1.4126703147821258
1.7086712019017707 2.178315121011089
64.41908870852079 176.59454407087478
40.23671806866517 92.95031604789911
inf inf
50.831477299259035 134.24438092669905
7.358443857295988 1.7661846403149253
55.17339874166084 81.94091854541377
2.5865246081027777 0.5854750456962763
19.75905914801248 5.844483059848025
84.18902002620293 91.36590068798412
23.58042602078005 170.77096411256588
13.903749835859053 3.7911911930809463
69.54063659786799 176.3072709492302
43.72628147676023 34.79786758897409
20.081229176171252 105.56166890476537
20.933176604146535 100.17146511719241
20.643615908310668 10.3220036243313
14.998982513122996 176.28965871934057
18.368076134432663 8.260172714867617
17.439712527636146 32.125772193215134
32.0757339460959 3.333153193785857
24.452009241927982 1.9138794435573898
67.32265385209219 28.11548708420026
1.7607855083806414 0.4286532503063581
57.447946026370346 9.29696272195126
4.141831783280618 1.1824734640162726
inf inf
inf inf
70.50002901842022 163.21633329177644
inf inf
79.97626575816314 51.320528420038485
18.18683537243736 2.894037171585848
8.182249375288889 1.5409043207168003
7.3875044943473815 1.000294319846209
3.5656491795614533 1.8503268816019356
87.35835477795374 114.58488063528328
67.98121652150769 145.28714006158364
76.64747043710645 64.67692564470102
75.57011828025172 10.049748838326217
16.245891363477888 4.2266561276198455
76.01184297396725 170.6284128151014
inf inf
inf inf
8.67460702366714 0.41559436549954537
13.678156537178426 1.6472741857442141
inf inf
39.32097931190927 100.00332192491338
33.10599770771938 48.90999777311624
22.199402611766143 7.660774371849516
62.800632687053195 8.67290969875556
8.101350716413885 1.1327644237023664
25.986293903801226 77.03552684513136
1.9073606023584528 0.8366537024783867
84.64700722107034 127.95897885647568
nan 95.84919936777155
inf inf
inf inf
inf inf
84.26195410298455 33.800225019681626
85.25348868184334 5.485967747690766
24.79502230105992 1.5996267465122058
14.434295112026177 100.70119490860353
28.27564517828776 149.64658834238588
57.32062868979748 102.40065423562679
inf inf
41.27557078410939 146.63534323186147
51.69284716693056 147.67143682915304
58.54866824715389 115.63771428355291
18.313022672002422 164.87723905633254
79.10179809142919 118.87101610216635
inf inf
61.818423702319635 5.759538924351503
21.90467910180432 165.43245747668843
43.989917950184605 121.38110797302298
6.3059442360190765 1.5442319383069172
60.26209298676934 9.042957247046868
25.06913327069792 28.741000919110775
69.18351864583151 71.50028966756553
50.33579618918324 152.63579010408728
6.753835191753765 103.70514720064823
4.323449788420196 0.40030686163274803
19.032776960509818 4.814781462287795
68.12127518327756 62.37883620606445
71.6704894293422 69.73057973715844
47.13807703799568 119.65683625626667
32.11014051726943 171.81996029284622
41.45388973431287 23.59263516846516
20.227710695183546 164.3991703368879
63.30801737525199 125.60899506870359
81.08768546908385 118.08277566783354
26.81922618396584 31.046877898724198
22.61771562462613 163.46233452933083
2.9986669154184074 2.7366041262808003
10.609794678924317 7.811077251924021
inf inf
30.711696814350475 13.918788199942352
36.212608128979866 4.330040804024259
37.40527776147018 16.079802612125988
25.348065829513885 3.9908159190326233
78.21416402864175 141.32705370497533
1.4957305946659345 1.3152692957756882
8.940523875094465 0.6759017656767441
36.972082734415594 4.137781245631834
72.97709563626375 13.613130778583974
72.61932474055604 173.49866242285418
inf inf
30.61754385982715 45.51801803937653
28.34174509507767 140.47937205027816
nan 12.586986513826979
inf inf
66.96733149227661 15.95209511999712
18.286175847470815 4.099711700789917
27.84782813753313 135.97570055995868
71.42449530333184 165.78204918147898
inf inf
77.25495968415369 81.82626519310796
43.95599892299026 161.38559623310485
inf inf
34.56706881650569 5.242052449558418
7.793799259680533 3.071501598149986
38.12134628653418 10.330818633476959
52.815642434765614 6.150290076578206
7.303184740471449 1.7028112909320154
86.55750725834964 157.28180339090022
29.55427171824829 2.6198266979965017
43.08076576670922 14.578762887338074
60.02766182704255 13.746256617782494
33.39176184556615 4.182205277545647
26.98239388301399 18.612832400439803
17.307196117762118 5.256469246737808
65.09457904326835 81.96247196240897
inf inf
63.3749585658112 76.19958179848629
inf inf
44.16779981625088 87.75013438411666
35.497281838097 113.48650195913956
85.633173938814 174.5812519885518
6.546346355863359 0.8758153703999702
37.26133591331014 50.382011917434724
4.233263225883037 2.980760933000175
78.62564340415943 166.13280216311233
89.82986532393933 129.01840824469676
8.544944946880422 54.422922476100666
2.3834740606372096 1.2116837668180764
65.27710358849679 168.59185077110902
inf inf
62.77470120213359 124.24149455152259
1.7363308365118928 97.7556474996876
83.96280528399889 134.12718962448503
64.45448157547702 123.62562382823289
66.7639159898838 82.88985903790653
7.520559518674684 122.09141855784631
78.96585556856118 129.31497537053502
62.963699971116725 132.8060435561066
inf inf
53.699557968223615 141.115366438283
32.780796789941235 157.5962672256515
45.179203238571944 158.33451966120003
46.4519625671592 126.2545228266827
39.0193611955371 147.46408859497458
68.02711979984043 144.50775333741882
inf inf
73.72651589912986 33.669948926259075
86.6531654436966 29.51822204736545
inf inf
6.496532331390079 0.6467039628685429
28.730376038049624 0.6440543973974344
65.74838728753296 136.49094221416897
nan 39.417684328622
61.802936950718404 124.88382392269692
0.4475124426323565 0.32703355011016483
70.73090188912455 15.47474533848019
80.32856067101822 145.22630975044717
17.47574574834829 24.448913127504387
55.71977884086133 52.596402463250534
62.31490333546174 74.35974631404171
14.48939340348823 80.94805078717125
39.57853746785468 108.26393207983261
6.988999962107355 3.278866464241233
62.38046436333498 62.55539953670843
5.995066435689121 0.964717887422606
inf inf
6.4442425744883005 1.5823666087057262
15.39261801345686 6.120702234873822
5.654870022630693 2.4893139926321006
53.03655330270429 17.43256321585687
59.75580268185337 165.0773520066526
1.9226893176142124 0.5303388963849477
2.320522842953235 1.0488734535389734
3.13280952508791 1.273014168968305
56.28448506135272 44.22476490366735
35.71223589528794 15.612962949157769
62.60434314035777 129.26824207910505
3.538453255530406 0.5994931580014794
12.326617761365128 1.0004291844487432
10.397841147220417 1.072578942246337
inf inf
5.950413893128491 1.1913044061630882
5.699756379025027 1.519107716982014
39.11620528249375 100.6530504004927
11.964168083398905 11.231216329722525
inf inf
65.19344460767199 159.0585639367299
51.18772946013558 173.25584678127453
74.44144662694472 176.22538149173988
87.33184194033325 92.13970904603372
57.471395852665296 123.15703711496312
53.599926780401574 134.8517846086384
30.50721737615017 12.73675976911597
2.198674843897979 0.5530013795036124
3.359438253399414 3.294728294847891
57.83844787039149 124.07604006905359
53.433629324712456 101.04196966888587
60.545102263028205 107.51650910336751
21.495734262931038 0.39637579645726784
11.235331637055216 6.964227728871369
41.05246190662111 29.37919386530095
74.35636685590211 176.56561536691038
8.968739363792594 67.59835884546796
35.611751456366115 17.37911940260242
inf inf
inf inf
inf inf
53.98895642632919 148.88486909530312
5.577703941020562 1.7416896199619187
12.099891102547383 2.107562641551821
3.7803212887448674 0.3677498046068584
86.2103170891029 91.13053779731887
44.45141657742778 67.86632063111203
40.129133166109106 26.329209768479018
5.358022948506698 1.7450807657211862
86.84750026574102 21.36562796548791
79.43327077054907 30.620228310725043
6.367104457554943 1.2649590700336668
16.840563205502754 4.472514635537667
7.0699838302052065 1.7720763347562587
inf inf
16.195520030213334 2.9827707533120833
7.7299928767736965 2.69811591604215
51.34363142172672 14.00008755432431
64.80150400950659 4.572378651137797
40.112833886002704 155.16828304747844
4.676796388265344 0.3709085308004184
55.1475008485927 140.44787038199405
30.05204873674441 110.70991060177671
9.347874148662402 8.210997151782221
40.91495957413215 90.49703452851965
3.894240711263944 0.21902534000283355
3.066366565730962 0.7558544132398443
29.552088543628425 130.97699520854678
4.0488692789985805 3.7350960933018804
1.9319816618765966 1.1478189967049957
6.140304987864178 1.925337228594246
4.097793407215828 0.7221832322856373
64.5740921814139 13.824260936851484
19.828798089924252 2.7122931540160735
29.917021193050463 138.40981166515868
51.962900948503425 157.86628313796615
86.68285303210487 135.5122840207466
73.01696045871279 100.07807927700145
47.02749316085405 133.45067498735912
55.34019325175777 83.62696994010064
56.79126429001077 179.71568722212453
85.01188270348344 119.9110591566895
43.34112346928134 4.907264192313217
56.603965134327474 125.80629286520161
38.662313680030366 157.78247858430365
49.23724545550496 177.57157110584455
61.84337826874257 168.91525905274602
7.827302524965973 0.5287554834230095
46.584919126909014 4.560030263248387
3.002218411849118 1.8193978476672708
6.255449950576759 0.9223167284269759
1.6261907224937475 1.015504594632866
4.194508908885078 0.9518812682716395
73.31842814050266 126.39222172105417
77.3848641309293 152.60923186823618
27.936440308135484 2.1587274028285215
4.137353882402255 0.9471821012045012
38.836495361622376 36.746316882157274
16.6167881562907 18.916301971732544
2.170016333569693 1.8730476223154382
0.4709548717756401 1.015560970912754
1.5069292376204753 0.6427527818273963
1.0003127134919525 0.964885420007592
3.1062925138623574 2.722950264339842
53.03059933105703 136.86263601345283
38.93478978650154 111.61573397610304
55.99617943859986 164.03915554399663
18.51480464614926 118.45065537257278
35.03714033408884 124.77287514650256
52.63850336126541 158.65602288112973
27.981620609661007 113.63146009326488
35.512202955313725 40.88516256030241
37.67434363379405 137.0695544730743
62.2170547473516 142.51724146483406
67.23284680340686 98.51935534583497
88.43247972140674 156.02933331990698
inf inf
65.70803714130702 160.56381946843192
inf inf
41.74671796408924 167.75123024417798
13.920939157178452 93.80075839574732
87.76424949781719 97.12618740773142
52.78091748491987 154.86009034730367
32.421214723708346 170.80749854680502
46.54146494956916 160.53692096368235
67.78248225698826 102.31723261190878
46.619292344822526 53.28010288724609
20.227559169562827 13.15850138831636
65.1355606605771 173.99680046822567
78.12635749565794 158.92653445392577
37.54434296275116 62.67858084770417
36.60586907862234 1.5295265953424722
77.99708835469197 140.19540761451321
55.4763758301677 10.551025381374982
58.17812520658974 83.68812628202015
inf inf
65.27496018623891 112.9427137673564
inf inf
28.767227169183684 101.1429691233426
88.87988785991784 138.79869905624642
24.257989837359077 10.248007236532654
67.37605415689302 133.90973841678027
11.006493335160107 1.9739678889724388
29.869456392908205 158.5586232471531
72.16867100949426 164.28675969600874
57.40523517512577 141.3780449505184
54.339748058041074 163.42287155171937
20.36203837243357 65.5931342209368
inf inf
45.55392891534001 28.356563904715976
7.67804296248667 4.709471438034783
4.031143260785777 0.535896089403762
26.57426604442345 37.28565822160503
inf inf
33.827879433338815 22.756396344202894
50.602389209493666 25.569424494456882
33.11062154887637 16.14545406525817
81.0794234567297 119.3079269623384
25.65981723049845 2.7273123858999107
63.44912617539663 135.02939168183443
30.25399076977072 135.3907475509797
69.51421574960267 115.27659025420981
20.917106991695977 5.698230308024544
46.20774630712418 19.049158737904794
73.67923163007264 109.15138808404002
10.182787514900792 5.666971393342996
24.92063034583711 26.670927486027853
76.72927147284388 126.76566366455512
1.9347419913011321 1.2047784427905093
inf inf
73.03031131225595 67.140775925022
37.19078412958887 1.4202551826385483
36.99245279662289 58.6353724387371
31.036560472508683 173.21543109677566
1.5844787138164718 1.62419462120479
1.7025840035412296 3.145955604718381
1.847683251670827 47.06863155626605
73.97158663361829 12.075516522561722
68.23672500382489 2.360530784923118
75.83881425259582 137.55603182296144
47.02138502087638 84.31924651138648
7.5271376131787795 3.8954464705020597
5.388531482386884 6.499695941739959
40.02598856490024 42.57765001839574
inf inf
nan 69.05359048655099
56.02415930747601 148.4923864210844
inf inf
inf inf
inf inf
inf inf
27.954101103534267 0.5009781981877576
88.70797770522572 113.44298920100847
85.42576343367182 152.01888915229995
inf inf
78.45983026167139 94.67016910320947
27.822639154347602 1.426765789484821
35.08493861305189 75.55687508068588
46.60388367355199 113.12611839740921
24.052593671570605 176.90481466880243
44.32089106957568 4.440060511047663
75.4519849383229 95.29683557904043
66.10774890228818 20.098642237042746
73.84175195707283 155.84832640200048
80.38614390241848 125.1645712268103
19.14742647390176 1.0591222691286735
12.137560201270322 158.43268299775542
39.69844906416013 61.1903081357942
62.103235986945606 66.16490697818556
31.463092182970843 70.27677046425218
20.493093940756566 25.084516924116546
12.397876760542907 6.719256879382198
88.5354549719065 135.60422290019793
85.43444461383194 150.61286779191494
4.9889924641969445 5.724583950382008
57.617228874339595 23.381814899486347
9.144091329136401 1.451531051699863
75.63047631854818 10.981880351561536
46.534711432246105 119.74624188104914
17.554627625174483 17.372717211708537
35.747783729522936 175.24742359843015
64.9102871123397 110.22012616524631
89.1166152153025 12.331364781068451
53.21033025542886 68.96985919722555
36.0051523791345 22.964203797209503
27.99868067066408 17.66643717098376
3.640021440654276 1.1271551428964621
35.598087283428505 128.57927087593092
17.288744206902027 1.4629029737060202
8.62252787099428 1.2097607223520968
62.58410314864898 145.1180721845765
30.579609763263132 3.4887466772100777
27.85956842360313 4.367393499887371
34.27080709873027 8.948141619161785
29.87308901292267 9.62024314957549
22.437463063728355 6.226786289279065
42.069222041347786 60.070803942262245
5.0557231071256155 3.736761838798945
69.13811911613078 13.289293615867054
inf inf
85.07989592614913 154.07402858148464
5.469364461866543 3.452006437676731
85.35802317350705 32.67091038943052
55.29902649223655 172.23136553861374
5.885047653797597 4.803937896410381
50.16651462909085 30.840567257215337
15.052179293631603 137.72738523494223
nan 72.52442542399712
84.59738303684995 3.077224368912036
48.9315045568043 119.88801251773641
25.171839209837916 29.69211320272474
21.55559482418372 11.077831104637223
78.32491113704842 5.251122944238686
84.88488742832604 33.61370955248236
50.18117562205845 58.920244129035204
26.76141962386262 7.307783948755741
24.205281375706274 6.733110801697576
48.940811900041474 108.14969495595267
27.008849604358556 13.161908801589226
85.58116563961475 144.6631131738419
31.909046437935988 70.77681793837831
1.8055979450436366 1.2870460673545974
16.267129994007536 2.6498148245245674
32.75546531176685 128.71086254590165
29.290798460655786 39.91923205208098
78.96749326665464 32.89857009804407
29.538207152309916 16.381838801314572
10.107762892963166 3.1501948451118453
28.686829351544073 12.527753810684603
2.901477185887215 1.595136867041439
71.45927391903687 163.21940892800473
18.09342444875467 0.1418215090849114
63.04334307231403 152.74473679248854
89.86026256565681 36.736098356948226
5.099907507197181 6.537262820327566
15.060223057812312 1.3918975869634074
4.826193517819082 4.308633000815754
5.497449214390092 2.4229854981066556
6.270591556383927 1.0175531469753876
81.84342557999504 171.4661299199223
3.3507539305972247 3.549842070389455
7.2865755444311695 2.3050462309765987
17.03581813102815 63.226056468505654
20.64241427430419 2.7134013214139623
1.4416145033688506 0.5853220044726596
3.4982950240516857 0.7686194991571835
10.29865870649122 10.017695438388879
7.6988768768713145 3.4881756002468225
22.709775131482022 14.32616717108742
1.1549947673693126 3.2585608057312565
42.6097664532476 171.79948446580903
78.55625275723368 161.57877781718295
2.8830220047169948 1.296521013416619
6.262361939936162 1.616571675207303
8.299737629455697 0.6998492103119173
3.911754635656596 2.700453568559286
3.891898604128805 2.18375456078421
1.665882020257794 0.8273277868974039
36.245844861804734 153.33980592197113
21.603497377660595 39.85876386971848
6.510191022369929 0.8381987429641081
37.13138952147163 3.5460642176117276
19.29801494640878 2.0719273669656326
26.579905925152246 53.11473089098982
39.25180085016234 82.44773273737187
78.74655035970302 51.33150851989062
83.23564141616593 73.51646340688283
61.66715685705741 178.23860406653375
24.50697040989033 126.94025922679612
37.87419250243472 5.322064582476294
7.074588435501559 1.866102066580836
3.344404184446489 0.5019854184012756
inf inf
25.185267936693066 121.85221634551957
21.81538387439406 52.39799634378067
18.835517537100447 3.683382003048323
59.78121488371207 171.71340978904487
6.7776643328626704 3.253140063892228
65.59322222634907 145.9016414849097
33.26015895442327 87.14647509100087
58.935371124781994 141.72375076157257
60.317878820035396 175.6981124427281
30.124194359156935 128.9035166573282
54.73612581198009 17.320775280485453
22.18287363251784 7.536289797849752
54.90949038670719 12.187322120462179
2.047094603786785 1.8459925700091528
13.74865040364814 1.666749905282211
23.622234807649328 129.73839864441163
19.65517774913821 2.838220087890889
inf inf
61.442582381898006 108.21906459661031
0.35621972544272007 0.17881431162450004
8.144250237728585 48.33801374631869
inf inf
75.35281683338981 141.31217283871615
22.94125141080705 0.7790255652241505
inf inf
3.1756458189139325 0.8888694185628693
21.927615592513693 171.75792205658803
32.01865431223911 164.222740165003
inf inf
inf inf
13.96376269642434 144.88280773093518
8.174651974694905 1.2413333495775536
3.3238002668045 2.0525159337298953
20.55167167273482 119.51120787250005
69.59054145139115 5.954036504527747
70.18863452804472 93.32177748230275
1.4253602258797726 0.44157266967811293
1.6290020052452754 0.41925131663724924
41.54275499249133 21.059824843420152
7.694380144981796 2.318239510257406
23.388253196562115 17.806299495978944
2.0343476204757254 0.48698301152176604
1.0458235013785535 1.3656041872518234
10.935709414702073 2.3980730290119356
9.468354122405765 1.4463621636058084
3.6002472658170843 1.2072605505870113
0.8993147799799143 1.386140060471857
29.39590508332736 13.451983938090132
3.271397797446117 0.7541428904828358
22.269364167182346 11.587160144591762
4.7376405111103015 1.8972648720084655
5.410163174253705 3.0241208516083
7.754444071662913 1.741668764224936
4.270301817350784 0.3062127165720982
34.32332686292576 5.548597558144873
59.3253480317963 49.59189927506635
19.90180911906792 14.637310188180471
31.495698856561834 3.1818095218269478
2.609678729494668 1.6808669709534485
32.46563682558275 126.57465765611221
3.953746590290058 0.6527314129818245
83.23613181204448 63.163550568207306
81.08588543025043 26.08921299245599
36.569908405585956 46.26404804151572
44.20546532984875 94.40668862781231
22.71584859772976 10.299235424879319
inf inf
inf inf
inf inf
52.33258678952352 144.07862790001005
17.128757803886867 36.596532899136704
16.35075456422567 35.08205761286113
22.711654238587144 170.28794780675145
76.0216306035083 34.19081191075209
75.11904708954995 6.37595216495881
55.67813719721688 3.9285298326332043
56.03174830558835 69.58689579943969
inf inf
inf inf
inf inf
89.40246686682005 165.01179174299634
44.58719198131498 6.761856746806396
14.106664300048124 1.6581092710040637
61.88735406223154 153.32720643123895
3.4705176958605675 1.726154934986991
25.676166530516372 158.7207473958169
30.5445957626242 53.950369898987816
2.2756705273647464 5.609125067832016
4.765903727619717 9.958336971070736
4.371675481192882 4.029773476284425
0.6476331866193471 0.4588002311454286
66.67701342566045 116.35005503333079
59.322370890602386 179.3028064531369
66.24233081284859 92.03643658636211
33.128389874422254 167.57218920372048
65.85638030321368 93.41928800974797
12.74031583870332 0.9901928974796204
38.36629593344981 156.17407053033773
inf inf
63.592181836920965 19.624926033610244
68.89340145083925 165.21761334368287
59.35363398873839 126.36209271465194
86.08958414298486 71.91126551919386
45.848027922057746 15.758340169499961
81.3731928372193 152.141991516201
64.672374961898 10.676609143645239
70.37219761193728 53.665390781514205
13.713491358721399 143.9472244909168
76.5112808250306 161.82750162646087
43.94508343684873 120.83687683514586
61.12742619158894 60.36194004725731
84.22699724476531 61.07306606500984
0.6206418540988996 1.0562541744675304
86.22547230030978 7.473986822017777
75.91937713262223 116.78085885675962
22.27194489943122 152.4021511235794
63.01943147065877 133.69771829996412
57.23228847896168 34.15901288619417
29.472268140397006 160.97062253172305
82.32270415990281 17.47526821899711
inf inf
inf inf
inf inf
inf inf
62.661726509405575 169.57936051853818
10.413439962230084 13.527681710677179
64.51699810162368 26.85056203867502
inf inf
inf inf
34.3357791980921 66.37148844044762
50.90709787406291 56.30096669966076
34.20454779390215 113.28065889468272
67.75784566205087 75.25127508318738
52.262832629110605 3.086980461213952
inf inf
15.902977843996599 1.6230653632434275
85.33059243708676 120.97254562014437
inf inf
57.09229736101632 134.90031678271814
nan 25.57364256556525
35.581137890606215 104.8083541220456
6.042698410882968 1.5677342646741956
12.633822639866995 3.7418599061572877
8.14606412543537 3.89591430832606
86.57183381411708 37.542593811506
3.791169963841933 1.1992339358956674
66.78304290253647 6.180891102798927
86.89073560884917 4.777194702068485
4.6661322014102575 0.6447974748875007
2.0931873113127972 1.1255117645256945
3.1063081458506345 0.7474294919182525
87.14951394844866 48.97241717152076
6.848668122570144 1.410922488374325
32.26669000568375 128.25402566566189
62.72660874327828 49.49969355036875
84.49233259432104 128.87359565338917
6.667256862951923 3.0507169689512126
87.67054558374575 93.95362358835898
74.88357148874412 153.34402712075675
3.5158930862193754 1.2783179001710996
45.846438342260036 44.15470682507472
70.15052091365874 70.9189412988518
5.861055140542517 2.690939670596587
9.862211011906904 2.695514783373198
11.12041505959881 1.242809040441562
3.6227765978156166 0.619012491913923
6.857029306620258 2.8215763881964047
49.981356766110395 159.66152550991174
7.028057403798617 2.123635118963551
33.13641302032607 149.2059266779947
70.35193815925425 22.58124480027749
61.78745134092528 152.98987072594866
84.7020673596123 75.22526243034935
66.39160792789168 74.35111539107605
6.629611822100088 0.9617901825410896
4.156161393544258 0.3397694779338649
18.77537224845416 2.7440641723563504
13.046372198410648 1.8566726468359522
27.058239647297203 17.237028067192387
59.3795059508257 36.17041331879026
36.356599763173485 5.286301062635736
82.33099194068765 16.381197765172487
18.2647460479844 174.9231482680415
62.89804675830968 3.2318843629475147
10.189927994902959 1.726494221654592
32.013108144451245 12.033139863697548
20.253004308808126 2.298908511038893
3.4098585444134555 11.542501170436502
66.5793519748488 157.90802395817295
36.812568219002536 4.7327489433232115
inf inf
inf inf
inf inf
44.74509652326026 20.817658669497117
51.71397274598848 23.610972852274546
12.938228610536084 14.532769138369947
1.627404979165872 1.6380423848553818
31.09073791501288 6.202361569890714
6.221524727935056 1.1380157635193933
1.6575429242584097 1.6521012766591618
33.3737448892703 45.75269573402586
47.531452294683575 173.5579042558665
3.5666616592017633 2.144176565061636
inf inf
inf inf
inf inf
inf inf
inf inf
28.245505687968574 59.71148126259863
49.81622742862413 100.95160719810553
8.509457657163262 1.6073029384314108
35.297824292454095 174.72519331994636
0.6812447620690107 0.39563730284610094
2.6632826955909192 0.8162572300034414
1.2054020513559798 0.9864184188487588
17.159447588539887 2.2627674836210314
19.990902100152823 117.50713584740136
47.72714992397616 143.62695964863326
inf inf
32.644138247550366 2.66115653127336
8.050581325561707 4.815962979770261
42.69428985723859 19.211394120541797
23.230427953113008 167.79840517759405
67.88604995311589 80.33804397069242
6.09581874411135 2.438894411060712
57.04439292751455 1.5682756102930513
8.198482957639037 1.7699392048463143
1.6991850895773535 1.0213220408243793
12.604478428100325 2.698427710951641
66.88283544401101 130.7188501178485
17.776496190310457 2.9342538429184204
13.558970676567563 28.338285441790823
31.863411210992467 14.923548797236396
56.67540049148393 56.69988655015934
64.25665402209275 178.90666436937957
42.60109183716142 152.69498702424522
nan 19.23518047663577
inf inf
inf inf
30.720958228414503 129.42512814538802
73.33439667277172 6.809441248508725
19.07735494130444 1.0977451832039313
20.527878819184306 11.457268560080536
5.466752797543329 1.6883947946581654
18.258899164088294 1.681450101267516
13.690870963739544 3.588797828294105
18.226266503909613 17.43683514589574
71.2145028657005 167.57290516917297
41.897952881139204 10.197923791996274
41.75424318796692 48.30006607840814
4.068959310599286 1.2006883893577271
35.59924830787313 18.517325469810537
82.34822722263677 107.06971965964475
44.24403032215745 92.46654086764241
39.63402047604314 135.92012806802003
23.004211243929632 72.0868409762503
15.8554534011496 3.4016126046098765
76.09783469182103 113.15796442825943
14.735875519009056 91.88363700795884
11.29371062656776 3.100247294137436
59.83385712779676 71.13396833838137
43.97201999512879 27.336655348600488
22.99477208891568 171.5064445292203
inf inf
89.9171107141645 137.4058538733194
inf inf
22.822542697107444 50.18021949030883
15.801633381769989 162.5056512043888
10.372151925368623 1.3564476064500044
39.708528573819414 3.3870197275365923
inf inf
2.713234721343236 1.0190038103227055
5.428595693378236 1.8854823985739293
44.96425459317783 69.8278678188717
6.688962868968305 1.040997023099759
9.354950432242225 1.1524781475964858
28.078391703566716 16.50619562348389
8.05238063197723 1.2614696197048476
28.765144482480547 3.231117500539691
16.562865471171236 1.1021806766192368
33.50074133980066 3.0861720988079844
79.78796265675872 39.80861320136551
21.766716257918475 6.453607077600526
29.540683965966593 10.933246365908198
inf inf
inf inf
44.58841478831783 144.73338181521703
16.86961555248842 4.781643139936049
79.38376613879736 178.85205556448005
84.22283486245706 6.299980130652734
28.11277140812439 20.748100437485988
86.4671862246527 10.671872650047781
52.876699422504544 35.10950665831709
inf inf
inf inf
nan 32.46073158979346
16.22389983952681 1.8912058742630162
23.200275954620405 5.220540324945509
60.35546183338821 12.582975845533602
64.6635558271157 175.44290473834013
26.611054626514594 7.586119764509562
9.565972680857053 1.3350525403660447
4.60132887836266 2.0070759088286367
9.616707904895707 2.3699718079449723
6.273439975116254 7.481532003791486
18.28495088311405 11.619877066642358
4.424978823268809 3.003368255119736
12.456679074288706 12.351994287982382
82.0361605348417 60.39992810579725
15.673160744325582 10.79315476947525
9.90892508336871 1.1978433219036617
nan 71.70595524715561
30.40622788014244 25.64676008990703
13.8636867188389 2.4544976681443145
23.75422341593593 19.081195907754115
7.349158143400136 1.5107002609085247
36.15045545105049 4.988080171983092
54.485063776297494 2.3763877036401735
3.1965626618469076 1.4578941357536421
8.37844480616373 23.356359407567254
2.1482988503577642 2.492978570367403
19.943045994615538 2.29928158808533
81.05496802086941 158.59712618375215
6.53703020195299 2.542522883114045
59.129278939163186 148.5741194048262
30.972477156023764 4.374524878481087
12.711332118949324 11.498287910078759
49.961398985447175 59.95142738061832
7.559124374106901 1.9066870648461913
12.921649253757158 5.827891774865797
4.318969168909128 1.277121469308366
55.33590816093383 12.22586639100188
3.8986125448944575 1.3827826800348693
7.729280258804227 5.571587453676895
15.831059055525404 13.692360603642035
0.5625181275134314 2.3896169078868774
26.882887879993824 57.24231377261583
83.91644004730598 170.65117075366953
3.5917770288130253 2.4993806282439035
50.30171516098429 54.85531486197843
38.193975572854775 117.04738231337147
37.07670434549644 109.95910176297618
27.312311869739915 102.52613923607471
inf inf
85.35057504407239 4.470487977452564
8.418990532772883 2.777064590387622
39.555302239780055 178.53179408757703
8.810134788202749 3.983983433772805
4.872158465003789 3.3687540514317997
48.26081556024005 79.39259984632395
1.1458821777528077 3.812643530720023
48.31961353657796 151.61984151986272
56.54680928328017 7.251959143818698
69.56423340531977 46.251176645003646
2.7729103704962057 3.655937238509374
16.17586116688033 13.730261046439812
3.5855647635356886 4.96577666023159
68.98647100819727 136.30388215559523
49.79762019327865 78.8500586516658
6.1265776323119985 9.145551647665364
25.904957054216382 9.614357294348045
42.58563038372478 126.71319341687213
inf inf
inf inf
inf inf
inf inf
5.2035278803677425 1.5832998793526034
35.1908486912489 133.53833070235427
15.564769242401209 4.294475899350078
34.33296794253 6.983906857330511
34.536511458317655 14.107534833384415
8.21779192360416 1.3469938289861436
68.71021080965481 6.740922450773697
51.30900688689179 49.63951969492627
58.076204226272985 2.723025447486649
67.55313409952338 6.634971073713048
3.6921603355525465 0.6166604070336492
7.211098705480564 1.4196528750024275
30.09897763119922 6.8925748564494365
86.91345913280314 56.09697673060539
43.24772798891598 174.40627446355938
63.76656446609322 163.72678700321822
2.2294647147170976 2.4512905350838765
2.2403747593379806 26.411109239093886
15.814754784600035 10.289742972613663
11.579530241852622 7.087228971649793
3.6992487273652883 0.6408769310311149
77.86685980193295 139.25241892367418
40.79677146893073 163.6170711183444
46.54940335338793 85.33699369319476
2.773955133755087 0.8637058549757639
12.217539708618766 9.295620251179402
31.507019200779716 126.48271000147982
55.904220235085646 39.924476397953796
9.01320715040363 4.99462649396989
2.082237206734932 24.618088134854606
33.94053646352464 154.21039338199776
42.361888092275684 12.147323265290147
inf inf
11.243006035475192 17.212770382121192
79.12323839149212 86.93709911609061
12.084029376649049 3.639340846777119
69.09647623881537 168.08043295547523
inf inf
inf inf
inf inf
0.7971387978133821 4.090769042471279
27.928585553395802 16.51531037902237
42.675081842558946 173.36288553497198
80.80274639129064 171.53681666117785
7.338359448021752 17.815160634564712
5.213039689223466 3.0031132439274124
53.56972604319671 4.066023546882855
17.557163020189055 3.2291668180934976
4.82966624422897 1.527293273021688
80.82261533990491 114.67281787678021
52.14297967198126 42.77636210523617
37.87846508643446 147.23367419101396
3.6479763570045516 0.5930296470899645
7.387655570097063 0.5927317628174861
16.872157675463573 11.48325800716511
12.518724831548058 0.7938001154058846
57.05949158956258 9.362890790672218
42.997471200123385 145.88012632906475
55.71631414485722 176.27840379870062
8.046771829801658 0.6911829566633377
65.87288104506918 110.8199418714958
6.935745349811131 0.592464598707675
38.41542021539865 119.57721058624911
31.00687784420679 105.28828767296065
8.609597309321703 4.356842752663396
1.3175795338465546 0.8289246465329172
40.880661098934205 121.86723642711108
27.710290513410893 6.811467397682071
13.12692943226251 43.79461865432748
71.5317405300676 76.89817428549154
8.637201682248433 3.1939078792232536
6.711926232754498 2.1039517382558386
8.381936124948094 1.5755325547723136
4.977078984785486 0.8525426835919948
2.576310632655718 0.8965063469834263
53.96120247531651 102.00763036245735
67.96320323415658 16.838472897140964
77.36298938398201 39.0992195183224
49.695599210204364 121.82108200087886
3.171179208882616 5.707904533449439
74.6063849810185 27.14880816178133
2.6691568886416803 2.4493671095671243
0.10635193612264279 1.1030491698377818
47.89821794182577 37.64533650305315
1.4792746587564887 0.28078014457271516
6.90852586543793 1.078420637003513
17.399199280002932 1.3518976135918574
45.47296964560462 4.659295108333932
19.80888551730652 1.7284527589312884
3.395495000119654 4.1429548364754964
3.4954962029187504 1.8159931446432913
13.47265490842938 3.9211177536578643
19.213878914392396 2.399000853564444
6.240690193638007 0.5975065910034978
4.945438628948996 1.9795123404767594
4.083740081243942 3.4318139676289867
14.372437331867907 7.038225662003609
4.198475374322811 1.6346020413376765
55.64608379611016 13.526648921021645
61.29138481010319 3.700996745157287
56.51528521373331 159.0676459059384
35.22813876179779 16.890997726153717
13.991466777777353 9.72254902288859
13.747105611055813 1.0408468033382066
8.559129175381074 2.2510622854437363
54.618578977718386 11.366917675537621
40.696376734723735 95.97626173342553
12.546281332615822 4.707924131545729
14.329960252373013 6.0652858586685925
26.87225628205109 41.96295892212767
75.8623187147724 48.22513292227483
13.56617094682167 4.501290726753925
2.7656648767326937 2.692918820020364
15.21777324367353 4.151891310098605
16.237357155230434 6.628346136258425
1.9180650959695242 80.50134576150042
41.58710503244214 23.850486842638958
7.599103948916134 0.3751230283591643
84.98067917256446 25.848966197441946
4.012617765373946 1.0505361319585667
8.710769711507316 1.4350002313014565
20.34068350591002 1.6141208952132977
23.6709694425643 179.39680713674636
43.70958507836905 65.12902277530192
64.28110869054437 58.869684832473475
84.92033293897721 132.94111328966247
72.3638575950775 17.29357932140145
75.17483358909915 17.132530699198576
67.73083799848132 18.327716570814136
81.63224335573054 12.191921694304938
2.341105182567816 0.64500534418528
6.817774622841048 2.4887807965259143
81.37083779411397 158.54880586461945
10.57889782614009 1.302592186915205
8.782843776220165 9.65431076102638
9.14069121163712 8.772251912157166
3.8661914712014114 1.2922350307692207
14.226655452927437 1.2572251172094264
3.153020733811261 0.8500350188967274
3.897971491453955 0.15866827669644276
48.27635141548671 114.19127472518569
48.556947241327244 5.383776280863878
5.458025370618024 8.095049517971928
12.530045952576902 3.7548966438677844
5.008426782000978 1.9209273531312756
3.85216242773573 0.8750766916419305
23.58943946527283 93.41524419506156
12.820908599660156 16.197751433773668
73.66162098609088 121.85283323770614
65.0096657084077 148.8363093858422
7.441121489164867 1.2048710383028
44.56465251251601 124.61524083698085
77.89733895473503 140.71904946440807
39.20513006286822 77.996890413813
24.94562944718405 37.049771742964005
47.29892239383875 111.41166643356065
3.5641903793245717 162.78336813845465
88.65479899519427 13.973106610868982
64.14561484925714 154.47514666554196
6.427780987274857 0.7988479238795935
43.363514956420545 137.50372414457806
4.039249479003577 1.2195606233312244
78.82080291587557 135.27343880943062
22.148774136417188 120.5521507623239
56.37547244396527 25.25410169097509
26.156329694433737 56.014218573020365
39.99559430080668 44.79203297987136
5.781124137155372 2.0175621159795596
87.27851135531779 93.44947916053917
60.62655105010981 125.82669368011138
3.6366110800363516 1.0731395293019013
64.42788833047355 26.14817725457241
66.12034990142129 70.7267857397751
89.26414264751824 151.55620006883564
68.19931231030932 151.396058025996
34.27066750736132 2.8038767903130655
72.92229990696131 88.018158697323
14.157618587800988 6.617928201726986
77.15615973263603 142.27866232758228
47.4530510015103 123.49684788451285
31.14931443847177 44.56558889865565
54.24820979393415 121.54800759512781
70.7553637054819 123.13634702587665
59.840475791036674 91.70850303545622
81.56294398157013 95.17758627325098
80.13754803456948 43.33447981103773
48.90800865840802 150.23115210756183
5.527410325571613 1.094934360753387
85.21081168620346 150.96913805543292
0.8571780751256938 0.5535273001364351
3.042913582452395 0.6002736005274825
11.416714001461454 2.8475483159974484
34.54166131723029 1.3537078259079047
8.331962711253482 169.21421397745752
72.45704480789811 114.2565358133708
59.124636694466176 34.8688393017468
39.9897780333594 10.560397129716561
49.44110205938375 145.445085779083
63.843614822664684 25.72947331049748
33.238942076206456 22.624465679126214
6.515090172397706 1.148920087518845
19.0413428332284 46.65753644380936
32.322810490270605 6.994670259247051
6.217196648276454 1.22298619170125
17.417567354063696 1.9809404204192191
23.11048803805753 18.324868542653565
4.2342038957440895 1.4107416551439385
1.4394937815753484 1.7192837569061472
2.2076720900715165 4.156831772367812
8.291228643765995 2.501677272204372
47.75259882078111 8.439772776773731
26.990877519192722 13.838070841907635
21.40470910750281 6.868188027213564
21.061256383302535 12.845289942855556
14.693089881168651 0.9822598116442285
1.2988693980741082 1.283294396275335
3.4633614703952977 3.465101729623437
7.188906732965963 1.15652283347492
1.4219336509986251 3.883586840505555
44.18880012520849 3.8021536430276646
3.4243583017215022 0.9839684882931281
26.930677426797946 127.0938759506888
5.929185379303144 0.952852561638771
49.74843863345359 125.70854904355579
5.768693018122599 0.46748698652010073
6.051064539558199 1.1759527427177614
5.689569545708116 1.4085720703082067
2.8936255649615856 0.6510891168879019
17.489861489386623 1.9676161522858617
5.551755669547459 1.1284549463010904
1.781558005537349 0.7695313924562869
3.346212862318432 0.5829924351297145
4.161166465799269 0.9435176733202032
3.1908601430034884 10.98369978808365
6.897038913837478 1.5587776037503918
2.4141153269904505 1.1336305418330308
30.63827322180657 11.38281317220437
3.1902999101070875 0.28386063061671263
4.224528885444908 0.8665278138216926
3.517969838575829 1.2169985227231535
21.194533556281776 2.0737482190872867
13.73064437874469 3.579890001375675
5.03504762435251 1.7482937666460225
10.602130615392804 1.9555399115005827
27.240252009209655 32.55333274018297
6.736056877843973 0.4774551731805433
4.490291830242673 2.2840175439493513
6.587432654438105 2.267421058882661
9.050405241395707 1.0634797925114918
16.164370389873458 0.8850370914137722
4.248702742906667 2.3413931557886687
19.544616743887072 0.8680923450601153
22.741877443848413 7.013494937292721
inf inf
64.73823773070872 162.94553292983238
75.17364001483571 82.65517451250979
68.02076356457236 131.98902650860327
80.9695879077218 110.5287186249617
50.31203874210768 51.26261596831583
67.686932481216 117.5881061977806
80.50479128288134 96.04650914648329
58.29539100916791 122.19463061671598
52.947892675768315 146.91445682807876
1.3403651011448252 2.9396912178794015
54.99439863625169 20.057838318826988
86.92449522982118 178.5134182274182
56.517486363846984 151.50787230494984
8.658506055086976 3.674659761871663
16.32671562299263 69.13255282406071
16.90411730746583 1.7654598618124648
45.03212774980205 121.2918740637055
78.3321096476386 179.02765781163114
38.10940576108946 88.18081743552388
43.920746771982074 158.4358041532577
56.09661732010649 175.95598942951742
69.89204157027339 22.9806011787408
34.69539901533163 93.71221108945718
3.518879760325826 1.910093386579634
4.198712753675202 1.7688535301944404
35.91117000921841 76.72517893428632
35.46600123088844 10.975334828459506
30.686818625801703 4.75913064624246
44.22228153930041 121.57862821336906
82.86809496906189 84.13212481786807
34.51545111843692 76.74694071738539
30.586617380220048 2.4633365182894913
13.87673528152413 1.8096427449559285
5.143116072750556 1.6268642327319152
42.43388266529456 174.44828700870642
5.125317494996617 0.9862699422187097
18.96153215146762 3.0797884632545687
82.75893475693357 178.50427751605716
5.645790037239055 0.8143116856940235
19.827251265704312 2.765925561513095
inf inf
79.0542390934609 14.99109108869159
1.4872106383448604 0.7850416193321147
3.428644884246596 2.8025324254892983
8.31104680059497 2.146806369153343
7.571270763468241 1.6121004155910708
74.87336444457257 167.37858278771654
33.777965742091254 11.277511927766215
6.460317337621426 0.5320543494147876
2.5450224563844768 0.6934938518635033
39.68679286639631 6.208269205868428
14.245076835936548 1.6396130500965158
59.49073710212588 14.482689879787609
23.161369371361708 1.744184386469642
79.94214659058251 21.57414902940892
17.854370750456606 21.512253491590876
inf inf
inf inf
83.3148559859002 22.942688420264968
55.06602016765114 60.65326571557898
88.69772849301471 37.50109613964407
74.96830332396517 157.45446751025798
77.2818437476705 122.92727457159506
80.66635287455543 108.07570020835978
inf inf
4.394802115131422 1.3135390855999265
33.75607170256444 154.11079837996252
77.25415792429287 15.307119844928302
22.91772230937375 2.5683925690928127
82.72496659579157 150.9048075664453
inf inf
26.969351012906767 48.47148959723019
51.511794620705956 128.1387552777124
81.59887087268955 128.16410913743516
61.84208471800386 104.28759890448636
74.31137835447431 159.7851968978767
inf inf
43.72822678005678 94.58321027069559
17.78960087553643 68.84854261266418
26.137108966799524 31.375975602939977
16.975411739637174 84.09815511833226
86.88193955720057 66.52238848477054
inf inf
86.22727708752934 146.38833257226867
60.850849193061705 35.902850501946844
1.0327124233345595 0.9323503138270548
