3.0606226706827084 0.7819381328940819
2.694541640287803 1.952017419784049
4.404319517589463 1.186259649842677
3.88136630761949 2.984621005697965
2.15812255955119 1.637210196949372
20.214191871119468 42.615969780614144
32.668223822999906 2.3302496731963984
3.9387022985566555 5.317506248109407
2.0933271382764915 2.9991211645508873
3.7440930119315423 4.554480537600003
0.5908990252056716 1.6299942883754088
9.45910828397895 2.8673320075378155
4.763922281195362 0.5221775537071904
1.4092601800971607 0.3343987229068576
46.3192637970486 2.6307290158391807
inf inf
23.512636245524057 149.3156232322426
nan 5.445625870726254
47.09690314778236 18.03469560427425
47.540527058194726 125.90051149774372
34.9126577964363 9.423517824990101
82.47361734518319 2.2581321231857894
1.9172899833971864 1.137516630620863
6.885487884754058 1.2721244627217079
3.6863877503420404 0.5541870325661545
8.785453740011535 0.9017607370477032
8.501459837404589 0.7889942482154148
18.829129707856538 1.4641445390978831
21.523873098633015 1.6823507421386676
6.525258251074297 1.3271174002061015
4.671326080141243 1.1333978103091535
7.980599989584023 0.7423730355868898
6.613865638881344 1.4368976564186065
7.786246952634036 3.0508169533191642
0.2697692625316026 0.4654704986390055
1.5107521837419855 0.9954311796524281
10.409583466986959 14.858383913945394
5.256355184830352 2.817744347074154
15.78725325484777 176.91968526627085
14.352777204742296 179.4667966946616
2.7773745067714057 0.7638441681554516
15.582936306478246 96.48338610797902
8.446432046775314 0.5248782345703878
39.64385719879461 5.291914709615278
10.93373344799595 0.9385060011577784
81.65277718184508 56.7767530472475
2.8785516995183684 1.2855943398501581
27.098776769700454 74.49117186128863
77.92426537505825 152.13711274139715
1.6919449500146837 0.8166313641267052
23.56670348182427 98.33545781405645
71.68495587598102 122.58932672182884
45.59704803133087 14.417674320329
72.77445702772289 97.55336547130688
52.223324660577816 109.80516787989487
72.38356740322521 14.648822468014382
31.38701217332419 4.635667869293269
8.846864700379587 0.38079554589738446
44.13011713793813 3.028866860093254
0.9647740903622225 0.7315072882396854
8.46886808775621 5.002654444144799
68.2189987677916 26.781858463647335
67.55294968112919 90.57672747678097
33.792621215337476 62.089295191741165
36.926234982144194 167.88393894033678
9.0239046393538 27.37514061792767
61.07369550401931 135.16283666792143
34.876232741394546 113.50176435763349
74.28985202191592 155.99449721092628
73.91880977758423 108.02853053374173
64.32326592003552 29.252554292301497
26.43883415680061 4.431988258842586
77.49818896815717 34.197201839507606
65.1515116163281 16.760973840544246
inf inf
3.25190709405083 0.7844879149525128
77.23760155151356 177.37630392923953
13.593841313569584 9.98244303947177
2.0807113201464937 0.7855589961848343
inf inf
49.322343052546984 154.26587419705237
75.92907311202771 157.4513058396017
68.50430648770997 142.70885115197166
3.7244764811013322 2.290535444600446
51.61070459727553 117.94779235099524
36.562602391411204 56.75046904914108
22.739400012210872 2.3230957442600095
21.345538405746876 35.83418788180622
18.85752182241116 6.128487478276932
72.87648061342882 11.716621739876759
78.70507040610615 75.13745693234421
74.25522510533469 162.06157984261696
75.08607363411205 115.9517483323295
37.1782460891416 74.80851428920235
inf inf
39.79474585204536 162.27184508679974
inf inf
29.329351431694903 168.98919611294403
86.57787735447016 9.86678070041174
38.44421482580722 178.82262687386776
65.42044114569222 152.19476734730202
81.34237886881472 25.854126385199674
inf inf
13.572804846675911 13.70477510387648
23.429784956567225 0.7141608243441395
88.26367193218854 21.803502670653103
43.880062912967304 160.38358267759494
77.92995782722869 177.9897015260119
inf inf
74.94028658970886 173.50860038995353
89.35630087902986 175.8412949970906
44.67521720659397 121.17536804065972
47.49976055483654 159.37987822187944
86.3593655708251 174.08121682746645
inf inf
37.52904478599572 39.18463566443627
77.37326513561696 107.60888314161522
2.6668009725355253 0.267751649716347
inf inf
84.85367342109573 53.84200012578092
11.525526690216193 1.1083130770006646
inf inf
inf inf
71.75853195040908 11.491593123290686
11.425863122886705 3.735346019512982
52.53912511790356 5.673639847790791
22.695519536287176 16.577429018945164
64.1615731118047 163.77361359785021
43.44158910425321 153.42081319930853
19.537522114014045 2.919291221184064
4.101302926721019 170.86106713490116
85.321131006318 41.0798521369023
42.646013474508216 1.324706519322091
50.281835162821466 2.5298378116082145
10.6591761749699 106.08045534148881
6.1998728059859305 1.1805344112003977
33.41606650675917 142.6584176847465
37.138278962570695 9.104467656435778
nan 21.726702739377483
33.44261662736146 110.00372195922701
11.499471176105041 1.9104893504773308
0.6874799730584218 0.2657089796528943
5.0611931612215715 1.029610143355571
6.830016075178634 148.18653334553744
47.05292514163599 5.383104145456691
87.88931031982233 42.83515227809409
3.2061350084441838 0.35104066739307654
37.43150974975437 7.400532716540683
14.486320017087326 0.7555720349308841
30.387741864040976 120.10823585989881
4.577805774322417 1.3403498306380321
5.5631343144067325 1.2327362694635549
33.31933054633353 31.11526989161352
13.407813987796136 0.43285556607065995
6.155115667517678 1.6913600009661014
6.232456193205531 1.4962623263120551
3.68781480495448 1.5066441680347529
63.51701877905634 82.4774301417035
78.54235875272848 104.96405570578474
23.67743322743109 1.4681929005118166
6.271268509331776 1.3252513369592651
29.94852829445631 78.75798850236889
2.105328960047267 0.5242225182816705
12.060046392042022 1.9673206684408233
18.611436903110796 0.5463679325717012
34.58980787187793 4.218541148801529
21.212319867329285 106.41197609453613
16.29993134499376 1.0888222496567441
16.40833545089195 1.0714829867050413
41.29972625449557 31.95284562061154
80.98100781725337 7.870410739061612
76.62559430989491 18.03183037198007
26.999319959056308 3.0720349185723728
40.13306736868282 5.333255582123837
17.10179904139867 2.892193450458116
16.98523510042056 2.282817916047394
8.16761053574836 117.46647322624766
6.615035287923831 113.6165426467091
63.25030938555914 3.38438658108568
88.39781216032914 6.498526535277164
44.46616894675819 6.090753412705207
9.276394184625806 6.154520964611088
14.580772310800917 3.502299255339165
4.891849406882694 0.857551853682707
4.686238135115251 0.777216733560034
6.791925003994252 5.389399402743209
11.356899093360216 2.020427480701361
2.4429483837841315 0.31962050627850286
29.474103169133922 1.5854712480865283
0.5877649140982646 0.23745627690853946
24.345197779149885 154.10329935549248
8.667729927268734 2.577782622656098
25.83446662985935 159.42256981479753
0.7702006757562602 0.2977711130951882
85.91371249583479 7.33390767792537
10.783230929746761 1.2267030389581608
45.425209346847616 113.88198704696718
34.343325594083524 7.423495807919872
24.64979756218524 1.8466195623287822
24.51146544158458 3.359048241806121
84.5201288968323 118.00585880009412
37.2874604576707 2.9602374556101743
48.21604034686154 54.90026610585586
84.38616807367423 134.1076992630643
58.47423401260063 24.332965543387218
20.850943415713267 3.7563894781341642
68.44051150410323 115.66777376622562
34.71131446241404 153.24773514042397
85.07278474575804 137.61039086159911
nan 46.66499761932124
49.1357660454305 165.00349695745209
4.809233693736419 2.4608189513957726
81.50384773702075 73.05340240989098
72.10047507955132 21.9488999706573
inf inf
inf inf
36.56397117190763 147.5230705409024
81.17900386423047 98.79064499516154
72.15726938897993 151.8612348968597
53.67632995099977 164.30254253683512
inf inf
inf inf
63.70813303169328 13.677459966393215
33.18380543221204 176.2430675481247
24.10237782527345 84.83475619999727
88.93713336218447 53.378510553674076
3.2409690821308166 1.3151736366392333
78.2435726924844 70.10525160981159
35.64486823665885 130.47606910056976
82.79785809278631 131.5638290483102
42.44970590857136 139.86003471393576
43.54594224595613 26.41921224055305
60.04417227979495 9.36759369017247
4.541939841746779 1.3929522324572436
1.977298087923246 0.8223573533416789
41.35673995173504 9.340497047793072
13.401883162898862 3.6182331198878774
75.591280710926 1.7818237992422825
31.886370261909093 134.8004839753415
inf inf
18.49347884545725 10.49446107239147
16.52917394099127 1.6179249615248097
14.650490792335052 2.810390612340981
12.509919261893932 0.5906087778917771
5.090175216118238 0.5430881570109969
11.454714440828734 5.2734840480141365
0.5604036527023148 1.685450912159229
19.120950229416565 113.41426727094643
32.71258038701481 156.31314162672203
2.4482182444415517 1.2667651482339646
23.09372998481095 164.61802200838545
inf inf
inf inf
58.43178798248766 154.92335292489062
3.4910950537967587 0.4777402304326141
14.49777061670028 144.5673101001405
inf inf
79.06824973945196 67.73422041497419
61.364267019549374 96.90444334087978
40.30707598267199 9.066772407329456
33.20389290223372 109.52927017234593
79.26248683496502 163.4568929077752
56.14503356310216 169.00585489034717
60.81652754142401 13.0851310451833
14.947009503096874 131.92297888935167
1.0817574502884133 0.8916282631959579
68.19351857135375 115.50785198606592
inf inf
4.803909118157476 1.5752420976130335
7.754606917048893 1.0765899352368054
16.53473363856136 7.302282144255107
2.552092647319728 0.6495404569250812
48.65558213918081 101.9683874527157
inf inf
inf inf
42.651256885725765 3.3635536525932914
75.697331913306 170.5109655347826
inf inf
inf inf
inf inf
12.27430295496864 2.896217211337725
42.57185359463642 33.2740105975956
33.284003843592146 123.03067262203118
9.795928554340907 2.7471953305105234
55.76735362289127 38.621379328438714
53.46717152384686 115.3311966515058
45.36147124489662 97.09796585054852
70.31910924832262 117.29442364891396
58.54266588960458 44.853258384886225
60.85157417498361 46.22753063840282
37.23279013407025 17.124129646820887
12.346054794130897 21.50793802845823
14.018520960433484 5.225399339217768
1.643135047606558 0.812501483260508
55.15619675326532 141.10642366291617
14.130371922777037 13.52145653824722
12.530602292188512 1.4966441115533973
17.35803545358389 175.3176131216693
23.556048511902226 1.407559373266039
1.781108396010341 2.0219564795936105
64.41894581972701 176.59327933443157
40.236730845869204 92.94985424991968
inf inf
50.831477299259035 134.24438092669905
7.345719216458868 1.7622904239726607
55.17398896261057 81.95555024610171
2.4567947533398686 0.585360614278718
19.776186451938027 5.868157864094492
84.18600264925753 91.37014366734694
23.582727158105797 170.75281833798317
13.93211511370383 3.799208170318687
69.54064981508064 176.30711909185567
43.75389566424832 34.851620028330395
20.081112858302095 105.56269908069186
20.933363044566427 100.17516757402514
20.5428469795506 10.23390838460462
14.998938872513293 176.28982176276324
18.37102847616412 8.261913787184445
17.439964252850842 32.10548615077201
31.988176669201888 3.3290423473242488
24.231624951190472 1.8676390364090805
66.97610493436129 27.936600709340407
1.7799246444942731 0.43352383984030024
57.38089555148757 9.406822566420026
4.186956573809367 1.1710117775058209
inf inf
inf inf
70.4943543746667 163.18940961893534
inf inf
79.76613627110378 51.967449256367615
18.043530935243254 2.8731851119134273
7.785965245247254 1.464886500533472
7.410577603625094 1.0273731484324107
3.537895082635999 1.8318965722194447
87.35662933255811 114.59111115317843
67.98011515142663 145.287697164073
76.64759629098259 64.67719842384497
75.56447972634668 10.04328887923917
16.101913944817852 4.207428552080588
76.01184297396725 170.6284128151014
inf inf
inf inf
8.668778733229981 0.41232064762590054
13.654156298066745 1.6408645005674405
inf inf
39.30979686576774 99.92501752589553
33.09727626556085 48.90137755580572
1.6227504749264108 0.653596180987389
62.74957589409935 8.6708496615277
8.093991533759532 1.1335474589455787
25.995626430243505 77.0235815544332
2.2012170456866733 0.8835510945920828
84.64700722107034 127.95897885647568
nan 95.84919936777155
inf inf
inf inf
inf inf
84.3477629296125 33.72652906205257
85.27162161064433 5.486726704250811
24.811868855721894 1.5975162637420963
13.69898385516592 159.6544243276021
28.276871498270282 149.6519381503669
57.456352384758354 101.88169671759937
inf inf
41.27630802775914 146.63702978836295
51.79654734636796 147.52650563842525
62.56840483113392 37.754091052812456
18.31289896515482 164.87958864293424
79.09889529820947 118.86856153374178
inf inf
60.972131018395864 5.574378518022051
21.90467910180432 165.43245747668843
43.99015452316882 121.37819905042966
6.357078780526718 1.4904828432970294
61.90211601970984 10.431456585183565
25.09455366123225 28.791531100759816
69.19138164932373 71.47134239496238
50.33662471575184 152.64384484242794
6.754159750148406 103.69720116290424
4.347850984120566 0.4066114166452111
19.1104724064877 4.819779477590889
68.01952663936754 61.96209488363278
28.39597628442606 16.401529601499917
47.13801397358166 119.65663523415115
32.10979659063105 171.81935814968858
59.027746492863045 23.102512268475184
20.21863754315075 164.48049806518512
63.307858963400555 125.61212145247079
81.0907077705076 118.07277342750656
26.761471320350665 31.0855582274385
21.48198296989426 166.6070343926442
2.9530806059775987 2.715662586083996
10.63047013871539 7.805911522419303
inf inf
31.14842210147217 14.378232275733723
36.233298048704725 4.329198013499373
36.99857953622949 15.568984070745394
25.333147131965724 3.9879976115606834
78.21416402864175 141.32705370497533
1.560488493847182 1.370601966702947
8.944294716114353 0.6771885926040654
40.5196110755626 4.442868419794212
72.97194558797698 13.599406707450155
72.61932474055604 173.49866242285418
inf inf
30.616268309381383 45.521425752414764
28.34174509507767 140.47937205027816
nan 12.586986513826979
inf inf
66.94542308785859 15.9433561688217
18.27106818309298 4.102668647505683
27.847706125419254 135.9766739298349
71.42466260924091 165.78197433377537
inf inf
77.29641544078218 82.70448403035398
43.95598351779299 161.38551281840856
inf inf
34.56569126091198 5.239568345814327
7.306682966183263 2.76168652658485
38.31032005008394 10.356007259544782
52.815781361784346 6.150856758744798
6.8994959526141155 1.5933347241580398
86.55775604358517 157.288666552424
31.050782236918376 2.6960368051050017
43.05596950784181 14.48310338894905
60.022731626196475 13.961200994198466
33.32680425723758 4.175036357955642
26.98056261762006 18.634912285167804
17.24950806605219 5.17757448924459
65.09362662372844 81.98246856660514
inf inf
64.12431236367007 72.51404373228496
inf inf
44.16844342908758 87.7544906116449
35.497281838097 113.48650195913956
85.63317362416214 174.58125101050098
6.663700055612987 0.8894339631865703
37.26546164102018 50.410249881477036
4.145333888591707 2.913582409849471
78.62578626224739 166.1328413098859
78.57752171520693 82.34320588779705
8.514062668322898 54.90510655512287
2.3747016731955104 1.2069703125081215
65.29874473808135 168.38060401452108
inf inf
62.82563871400792 124.23264014223297
1.7352696810418113 97.73945042554935
83.96270536962902 134.12785367554167
64.38892953103364 123.37971182478346
66.76396777973764 82.8899601186381
7.520551235173371 122.09139912315027
78.95725872945195 129.296772514672
62.963670751379404 132.80554650923995
inf inf
52.59682139282147 128.99880435238816
32.7806622947447 157.57775515008524
45.181678163908884 158.3348783906459
46.452309376037164 126.26094381284275
39.01963939597107 147.4637588231158
23.63942193483939 164.8346832266933
inf inf
73.71540765347804 33.687094523874315
86.69567897231883 29.515074247887853
inf inf
6.51306998664984 0.6709607123332063
28.808618936375854 0.6454051200072188
65.74846018601883 136.49165722518694
nan 39.417684328622
61.802967750421516 124.88371908825806
0.3812425581271925 0.3343843938319764
70.73540074505895 15.482502196964521
80.36256041359815 145.28118334151776
17.48818008954536 24.157821043182338
55.716184208968336 52.59087153243104
62.308180510754205 74.34846143922073
70.28754470265827 173.0783133016453
39.57880353911227 108.27434475201244
6.398151582779056 3.070188137240386
62.37049500731175 62.56110605124494
6.099789983651041 0.9821854923671486
inf inf
6.453285726011679 1.5846835587334247
15.471064322537051 6.137837906525569
5.549198921319576 2.460541815691607
53.05608897342732 15.167792323843383
59.75188560287688 165.0753399723409
1.9264286361978087 0.5297765926433252
2.2205359745551374 0.949125954434215
3.1533893105255344 1.1842330048884102
82.69713048925848 64.9117608636387
35.76575591382943 15.64411985931304
62.601545374936464 129.26662891374022
3.5405341741368583 0.5977015098804132
22.30706897073559 3.6375711724894257
10.769673359353636 1.0575093588857645
inf inf
5.857133298486861 1.1839385758661194
5.627288118910796 1.5050442411626577
39.11620208916577 100.65304309550598
11.956615747146653 11.205703807709394
inf inf
65.19204347220655 159.05112914614108
51.18772946013558 173.25584678127453
74.44722703811875 176.22438726569308
87.33495080398251 92.15039095341957
57.471125719535365 123.16000311561731
53.585384665561136 134.87931133095495
30.18789745681711 12.608411236993557
2.17153434275241 0.5464665532345518
3.1109479530063893 3.0766110049144273
57.83844584559951 124.07603721903912
53.433629324712456 101.04196966888587
60.545102263028205 107.51650910336751
21.594658486910408 0.39762609294648465
11.333808110610622 7.014321532805295
41.19939862214591 29.81370267711075
74.35636774383406 176.56561728747832
7.289072800457692 68.93978955877358
35.540784536995126 17.304039718885555
inf inf
inf inf
inf inf
53.98902512421392 148.88471202042584
6.515134243997143 2.0337684143267554
12.237083008874528 2.1303433355628547
3.645206556410983 0.3510715636646111
86.22114708992345 91.11042217122217
44.46370425677546 67.70035583824735
39.89818817863917 26.09141709161479
5.3346035513960395 1.7499764970088727
87.4642215526409 21.545242179200265
79.19449640383722 30.417734406440136
21.974219825452 4.078405385068551
70.35239201681898 27.668156668759497
7.067431634730775 1.7677222053091057
inf inf
16.262141156677362 2.9705644347425677
7.422742390363832 2.60029361558645
51.3275540708405 13.969180675540185
64.73149640706573 4.566334889228782
40.11286525970203 155.18343484541532
4.576124459434287 0.3621686176422489
55.1475008485927 140.44787038199405
30.055809843928557 110.68722256558874
1.488501989464948 3.8085202531671656
40.9150001421677 90.49715241714112
3.4698550705831344 0.18491790771051902
2.887401868454972 0.7232505875130362
29.598236198831295 130.8014446149468
4.066479416837242 3.7442116741058715
1.7924205830796816 1.089425942230667
6.2281334733427 1.9453145431178216
5.240847507944229 0.9977958349031757
64.57577843589536 13.804575255056625
19.915111046070784 2.710908920607039
29.915139807916216 138.40529693686
51.954646958817925 157.86267106480975
86.68297461190205 135.51083269562093
73.01696359048739 100.07807807690794
47.027411843100595 133.45238478324583
55.34016870454448 83.62705236962528
56.77062520559173 179.74477595653386
85.01188269509726 119.91105914515582
43.55063607899356 4.903457562131734
56.603965052278035 125.80629274574191
38.677305248239605 157.7801967720913
49.23724545550496 177.57157110584455
62.14382846290961 169.2501884050744
7.878618229777337 0.5331057033988217
49.19575452182778 4.861041487028471
2.0202818425959577 1.079376550480753
6.058710144096045 0.8708654411023765
1.6319629200007442 1.0156255614946523
4.169955755253076 0.9915804756013246
73.31759726056082 126.39078272441323
77.38484859353355 152.60924834283492
27.914082707207953 2.159643669406992
4.121870401485981 0.9483662599158013
38.85438811613401 36.723035283395006
16.615834967270217 18.918857299279683
4.374610625474862 3.0391892675486156
0.4711708763107941 1.0373980587777858
1.5492620029056188 0.6493701992121754
1.0304083039553076 0.968086523957772
3.0544012794716835 2.7291584217358404
53.0041032803593 136.89950978646007
39.469677954561604 112.39655789899608
56.01027982054092 164.11715428480628
18.52166109819396 118.47899013169449
35.03714033408884 124.77287514650256
52.63850766977623 158.6560146767173
27.96046052277478 113.54714815839344
35.49618135962002 40.88951413459479
37.67423385206081 137.0700301456212
62.218782828104196 142.52179500136097
67.2329919123172 98.51760044320598
88.43262668262574 156.0322094755691
inf inf
65.7079218488983 160.56689554436255
inf inf
41.740847825302446 167.7562622424105
36.69454394888697 162.20467933434117
38.676445895403134 149.7695197759185
52.78470966904733 154.8592137367505
32.392289199652026 170.76064054344963
46.76473701628038 160.95912469424957
63.90534498294203 94.75724178726328
46.61928482724241 53.280080433284446
20.22646016737557 13.151562336288212
61.63201957512663 146.0825227309639
78.12089401236982 158.90346516651292
37.54434296275116 62.67858084770417
39.48847645519178 1.5196875994198764
77.99716659973076 140.19534445073688
55.67611549375407 10.462697414987417
58.17782899790555 83.69939729091894
inf inf
65.27494861888687 112.94265466371712
inf inf
28.814912795534866 101.02300698563911
88.87750757873685 138.79901611861308
24.13905324649852 9.875707285707232
67.37243928911359 133.8901055850206
11.036104501884038 1.9982099863156852
29.85732638102138 159.6681369930259
72.16724787496644 164.29327851507477
57.40510567576021 141.3777032710644
54.3395742308991 163.41977011573462
20.115885884064586 65.00052955962359
inf inf
45.792356371479514 28.249421635921173
7.446042177912722 4.8990416676733055
3.9394888366492262 0.5278799467524017
26.55454881954128 37.17857681345057
inf inf
33.81991141863758 22.74823074141996
50.59913699653465 25.567805279643
33.25590345224302 16.202299562145505
81.07483496900039 119.30315938298513
25.958691927463878 2.7620079887391094
63.44912522290036 135.02939311401482
30.254705651448035 135.3921896921603
69.52148110739678 115.27611388125109
20.98514434398582 5.711007719624131
46.20689734218206 19.05088945934242
73.67243186379174 121.24665444881082
10.056155258189843 5.561077900895718
24.78115654589395 26.506100251649748
76.72927147284388 126.76566366455512
1.8830428248538418 1.1818725468458562
inf inf
73.31963546448135 66.47196556982456
37.23441949577011 1.4166036341231343
37.004789040431696 58.59556117506301
31.036565291665028 173.21533230195416
1.6506549353464448 1.478471908087887
1.7129145503735763 2.7349955218165807
1.847590234060229 47.06776883068703
73.98327979400062 12.072703751429025
36.480733900905804 16.162486470365717
75.83904305030383 137.55480507758634
47.02174417179265 84.31717618658881
7.711975151363236 4.451617870809846
3.8995746744393487 13.748636451319097
40.0422484222676 42.58841075921059
inf inf
nan 69.05359048655099
56.024282697816986 148.49256372623717
inf inf
inf inf
inf inf
inf inf
27.930602206305917 0.5007535688757211
88.70797936092167 113.44299022212682
85.42605999199913 152.0180349624848
inf inf
78.49593780551233 94.60116208161759
27.835554132667163 1.424635234074677
35.08493926351562 75.55687567040601
46.60398234200591 113.12587544318603
22.892769335143555 176.87149501515734
44.283058339815 4.437191957724401
75.4611974719209 95.26538523777471
66.10774971947541 20.09864279887301
73.84069914089312 155.85160150965493
80.39097881977244 125.18550864947547
18.9419310171897 0.9965799516408851
12.13704849424118 158.3933782144444
39.69840063531733 61.19031286721046
62.09763661779815 66.23818467801999
31.484628383986216 70.23777622256766
21.00009829697965 24.32108099376712
12.3725568177383 6.7069156623424995
88.53889307378203 135.60509585657505
85.43883719365336 150.61924387407615
4.987793018932386 5.707715697512529
57.516807681078156 23.326677067435835
8.662738778482765 1.366858324897892
75.7061252654854 10.96023364909059
46.52500697596942 119.72463149747341
17.283037491206386 17.940989011691013
35.7507710932112 175.24062021107704
64.91026564769923 110.22007328913793
89.07959802135142 12.33047946761258
52.63148121738611 69.63418528156673
35.99635162493076 23.012331635184836
28.024519251621403 17.672244182255334
3.5070966067879095 1.0708237783347418
35.59559229895076 128.59456357320184
17.227402033988803 1.4410144766701511
8.669116042692037 1.2181097807872483
62.57288543566016 145.1163022763521
30.580804526341907 3.4868006859227414
27.379349220244617 4.305746613581713
54.898396371825946 18.804354354678782
29.811032175830864 9.605045093052313
27.948571928730317 8.553753063267818
43.75020086360766 50.44829436825363
5.046509848258875 3.727121924677619
40.80062041776525 2.4743824589570886
inf inf
85.08333842569257 154.01718283792482
4.843001313756493 3.115016965348589
85.31835255972904 32.67203315749133
55.299027797153016 172.23123769891887
5.54563961194425 4.393410610343003
50.16609046717361 30.809747047717572
15.067451189451033 137.65930928555005
nan 72.52442542399712
84.71002563966651 3.0538753155124803
48.931514788894816 119.88796891671625
24.95075989680621 29.180074197013912
7.667046052895424 2.134577432549781
78.33281394958308 5.253694839939278
85.10727638478492 33.3642223635535
50.17827384119556 58.972581214523565
27.155286219310682 7.3974331470237225
23.413740310086958 6.550607642761729
48.914441027494384 108.29016723313039
26.90183258877314 13.08641485772568
85.5812674932673 144.66258351086086
31.905089748762535 70.78591515784262
1.8011713238849707 1.282581817810161
16.31906253450031 2.6504583105971604
32.80798453326618 128.63299834068883
30.19900485657451 41.47977275380644
78.93752894099055 32.92283886120964
29.677089516083043 16.373160868661834
10.12593136398466 3.1429227514257914
28.365535650496543 12.365728326376539
2.817536201176942 1.6470930036323845
71.45303524966957 163.208788278574
18.213864938647372 0.1508897887984772
63.04317278462477 152.74337399758397
89.87295831752468 36.74793397254453
5.312965196217521 7.127981281379783
15.21621128841664 1.4113579482673049
4.82102324448659 4.302044321479399
24.855196328660984 11.413542630405479
6.248273940485033 1.0170069564443946
81.81738853847304 171.38007792628588
3.3729944284920923 3.1190163687449295
7.291385156406887 2.3092144389985703
17.088303014158274 63.407941567874516
20.627012378299064 2.7116233608069886
1.3182457576929596 0.5569471692469039
3.479451412096249 0.7721031540634028
10.30335558398788 10.024141524213048
7.706513781189613 3.4937446998781803
22.67990405300699 14.3477359060918
1.3188363939904535 3.3047552278834345
42.61073757744117 171.79321716591625
78.5552734855673 161.5793451498983
2.9223370620559184 1.2871530585642565
6.256718503775744 1.7301242239066021
8.376550935627636 0.7118124714475365
3.869809412828335 2.6806639372707344
86.1261969856307 24.69575983557031
1.6657419623087202 0.842617463769967
36.257589473344694 153.33167410905943
21.619597936380014 39.899994512664485
6.311208388715844 0.8110795411719476
37.11202203796854 3.60092477688033
19.49303890345554 2.0989345120656466
26.579905925152246 53.11473089098982
39.4780580208479 82.20466316814992
78.08263152851934 51.612009088636114
83.36584620810979 73.71777926426698
61.66777474374814 178.24048281684685
24.36467941727389 126.78822288944598
37.88963790034972 5.292365786140139
7.158811084592005 1.880605515259854
3.3055364016801025 0.5470007394542422
inf inf
52.787329697843646 154.62883049249072
21.815388700577905 52.39800101657511
17.990581523527112 3.4575030583742126
59.78078555128043 171.71391210642093
45.089907620172525 12.422758590476352
65.59322411560325 145.90164486193234
33.2791782000388 87.18556151225997
58.923115474981394 141.62073787857838
60.3179790223987 175.73620460926406
30.03316617199175 129.08131225189655
54.685212623689935 17.34167896546802
22.123185809178285 7.529874079839922
55.146685656295304 11.996479846631239
2.241344386540638 1.9146531355410263
13.77396811873831 1.69596296172049
23.6222517921291 129.73841354441743
19.65587722035673 2.745743325255979
inf inf
61.36371589675481 172.76061826660603
0.35032730117528593 0.17792636188731742
8.148837540181688 48.21637649093734
inf inf
75.35280509359619 141.31218260814526
22.943342378498944 0.7779366213848308
inf inf
3.179298521194372 0.8893088696169086
21.929669324029994 171.75578278578217
30.086544134067736 165.80050285908473
inf inf
inf inf
13.968178429459215 144.90962184792372
8.2139167126367 1.2470902437568454
3.3089075102963164 2.046135050245778
20.550923098424857 119.50324479085644
69.5993460105837 5.95371714192977
70.18512932042972 93.30873049195193
1.438613232051346 0.44250514711422184
1.6285770412392642 0.41928750571420104
41.54319011771059 21.062803982732778
7.961188730813589 2.4894900367251283
8.30203563228173 4.883630795388866
1.8960587570869383 0.5184424056636775
1.0774600812799489 1.3448550874871184
10.893682916797525 2.38782919561898
80.54742729680709 14.41299616122406
3.5923761451520893 1.2068180306180356
1.1515500753615862 1.4413526800286898
29.400369074544823 13.459792458590966
3.3026263695194737 0.754218904054787
52.59314899251012 120.7027818077282
4.794772823669854 1.9407795195991746
5.388743909334305 2.993947508018061
7.677549401072313 1.6790090221254497
4.409945876884606 0.299941882614036
34.41544253179335 5.577947362863761
86.75197451735907 90.97009229417215
20.280745511246256 14.930202444589483
1.5292822198162244 0.754633766531162
2.615545760876208 1.6734268052958283
32.465636691083745 126.57468811979837
3.977198219378431 0.6648884287899002
79.72125755128702 67.31590478047012
81.09356328816227 26.08798365437493
36.56975416162405 46.26534066606124
44.20395953220273 94.41353596687865
22.936725805366127 10.392072092827418
inf inf
inf inf
inf inf
52.31732789974454 144.05788458476445
17.120390980586258 36.55603052237132
16.38241617253609 35.1908504441484
21.776643434749467 162.88703242092973
76.04173477615066 34.15450385024621
75.0870097577338 6.381419720279695
55.6917665313228 3.9355879425437044
56.03174830558835 69.58689579943969
inf inf
inf inf
inf inf
89.40182015013205 165.03260553453882
44.585965476810856 6.780019151225948
13.80372608708602 1.6122154068446872
61.88735548239788 153.32718703448828
3.466821232629014 1.7291502703444637
25.677280251095457 158.72301124488504
30.562098192346475 53.98997115869348
2.256925357411044 5.54560655558029
3.9492786100500212 9.452804772360484
4.481545188051858 4.098967754685599
0.6275624414798355 0.4559879562384354
66.65910794200649 116.37816292572052
59.32308708601123 179.30446544750689
66.23676758103672 92.0347416704624
33.13098195941703 167.74851784495988
65.84417763249398 93.42777924865351
12.699740999084792 0.987490285336875
38.36633954797136 156.17342177668397
inf inf
51.80016244458375 117.2273256116643
68.89297577585768 165.211841108931
59.07139400442617 127.60004859305876
50.56275557654553 50.73413348083563
39.75849018086995 13.371906075888713
81.37098772487252 152.14407382484794
64.6608515156007 10.660473464442937
70.41426553213849 53.70969425876671
61.51076370180108 65.38564626430868
69.51612501417183 159.99252353677974
49.41048141871309 141.216123093174
61.12742619158894 60.36194004725731
84.25124963400393 61.102249462847105
0.5117357859336417 1.134011249824546
85.44586868460509 7.548160034742256
75.51347551508776 116.38982688215773
86.97747485806698 169.13442408272357
63.02595503487541 133.67798429574208
57.51950722281869 34.5540193504693
29.472268009134893 160.9706273559418
82.31348262039235 17.47575289223253
inf inf
inf inf
inf inf
inf inf
62.65991050412084 169.58098328365153
10.386882664366206 13.51313967804606
64.55553829115405 26.788344171485903
inf inf
inf inf
34.31327365859619 63.76526102417058
50.94557420957415 56.268175757935516
37.249135726545404 109.28904604901366
67.75784566205087 75.25127508318738
52.262832629110605 3.086980461213952
inf inf
13.958412340921878 1.6703718502614369
85.32744998745389 121.00091712046569
inf inf
57.08911563920144 134.87581531953612
nan 25.57364256556525
35.75703681829654 105.04973298345494
5.755712321498376 1.4726979700051739
12.500739592793206 3.5550816707146367
8.163666789100988 3.8988581303976826
86.9544735954161 38.550806144840344
3.801034371336869 1.199731844872442
66.75952962707444 6.178689505870072
86.14960563745042 4.7258481561728685
4.6632872551175835 0.643844129287296
2.085016183445682 1.1198360012743516
3.1417343056446425 0.7525817481137363
87.11821527337459 49.041919209755044
6.8482124946399345 1.4115127362497255
32.2393868266776 128.31447146565284
62.721668518564705 49.4757940993439
84.49283858934929 128.8718978021268
6.533778890201941 3.017680921767117
87.6598337579422 94.04662711997358
74.88383752888903 153.34424222892713
3.505244164146388 1.2763761185245532
45.898532748960214 44.14770651219018
70.14314558476954 70.92443751867295
5.845580934696887 2.726505843575906
9.592372302867368 2.6142270310514455
11.072651618340863 1.2211128637803632
3.5633533013370506 0.5916859700092949
6.82907516149482 2.800982333341513
49.98126695970595 159.66222568761646
7.021553860957966 2.121368813359065
33.13641302032607 149.2059266779947
70.35201126594188 22.581337880991125
61.78745134092528 152.98987072594866
84.75556541924013 75.14713532449933
66.38810719858462 74.34362645626095
6.608005317152198 0.95786058275373
2.5343342879401085 0.5600512863411622
72.83813530938248 9.358900501627113
13.904940619646169 2.0392026952632523
27.12393524119128 17.26356619964213
59.34903721658085 36.136091160361495
36.82840343750864 5.310694438569241
82.28950402365999 16.353474347326944
18.26472096864821 174.92309027343737
62.89440183365341 3.242608571367094
10.256486662802933 1.739778125405269
32.01093962542139 12.020819897829217
20.665719655630262 2.363047694402622
3.4527109548648656 4.579546639649068
66.57241841569535 157.9297335690993
36.96587419796886 4.761312313005387
inf inf
inf inf
inf inf
44.72724121199843 20.891166512785976
51.510257241680904 24.600867157509853
12.965475036655054 14.55361125601348
1.8182515902155225 1.7329372355446584
31.213178828853387 6.208022782511677
6.203836754133365 1.1294476523512478
1.2702097406742003 1.5911451538207344
33.373746423106596 45.752698272436135
47.55711264047686 173.53256191610632
3.4399852955109105 2.177818925187735
inf inf
inf inf
inf inf
inf inf
inf inf
28.30170818708956 59.62935667633689
49.81622742862413 100.95160719810553
8.454666085420508 1.5991161451578555
35.30751815606088 174.73187412228455
0.7903764454271928 0.4124504611331391
3.214596485280588 1.0987032111654098
1.1709917424869272 1.0015377415803286
16.826667698593944 2.2245715753731496
19.990164817647212 117.50376706315063
47.72691563720491 143.62859163126785
inf inf
10.683749505882979 0.9831801146570731
5.374245584587344 4.561423874994672
42.661122570520234 19.1891102333117
23.230427953113008 167.79840517759405
67.88594273053138 80.33632160477117
6.0599624458131665 2.4293076804250457
56.963447231877765 1.5778897557580307
8.308311041493258 1.7844123001406826
1.7470226561705868 0.9931071553196479
12.606065076972158 2.69739510231013
66.88283487392972 130.71885161979196
17.774653759303888 2.9407784810838296
13.698245252724886 28.56807505227586
31.845800646491 14.915240538930597
57.922103138488424 146.87652973809833
64.25665481299757 178.9066480811299
42.602004544507565 152.67137205851446
nan 19.23518047663577
inf inf
inf inf
30.724471363352876 129.42575375051737
73.33344279397105 6.8096037836227215
19.202075815305825 1.0955318038364927
20.85177307559419 11.71186059383351
5.3858204077249425 2.1224472112283648
18.308768588261668 1.685415545438813
12.665887851543719 3.4366226368117
17.82709651544128 16.794490639628947
71.22128713161202 167.56542484133777
41.83118011875107 10.180274429260773
40.84040251541748 49.20701679781645
4.059147957875205 1.1972692001914245
41.204634635904675 21.970959716931322
82.37126804189963 107.04381226968012
44.12413695947185 92.28393523601555
39.818610772673594 135.87719247600825
23.004852560675573 72.09801966300417
19.158181911717527 4.558503624602858
76.09783469182103 113.15796442825943
14.760596622189013 91.84505547712583
11.276586336285263 3.0959448324624894
59.83385712779676 71.13396833838137
2.3257982012519554 0.8364791006901703
22.99477208891568 171.5064445292203
inf inf
89.917112109035 137.40585035999527
inf inf
22.822542697107444 50.18021949030883
15.819016224191756 162.5361299914397
10.10536196314288 1.3431647209328008
39.64730338087975 3.385564596595227
inf inf
2.7337077986572127 1.0178365735953354
5.554503552128971 1.8896513635762897
44.949002263246086 69.85956066209145
6.662871715242538 1.0411208667133764
9.284911369215147 1.137107091869349
28.06445970716563 16.482595616443238
7.691267083429194 1.2114647448883011
28.686101255860503 3.2316629863200395
16.795578163660934 1.1151633822434792
33.72483705449731 3.0389124032091974
79.78499581946285 39.81129117773206
21.773042381881208 6.454024568716077
29.50137826020284 10.967917684147361
inf inf
inf inf
44.58859494342979 144.72852011966052
16.87114488916889 4.782217547816124
79.37659006243322 178.84695304405844
84.18323500720028 6.301875146268602
28.04939669214599 20.648188351223798
86.47484896772701 10.668245468060597
52.876699422504544 35.10950665831709
inf inf
inf inf
nan 32.46073158979346
15.63019251555489 1.8365413654347496
23.17726047127781 5.230621226141243
7.339731449839388 2.1613149663486477
89.07870266140476 94.00937530856795
26.620683395872227 7.552857194776013
9.536745654113162 1.3332226768138165
4.6046373698901535 2.003870195107145
9.6378873301795 2.3760233607411108
6.3885706513573455 7.443419463800842
18.267410152296065 11.599742984168513
4.5680597310504965 2.814621721167022
12.40288298408021 12.273537528146349
82.03239369019234 60.394348332333756
15.347284481876143 10.462456579459063
9.84200503216567 1.1960219905174856
nan 71.70595524715561
30.409084543392687 25.64814904643702
13.812180225870579 2.450718227844362
23.768464943205426 19.11006359645106
7.434039174699867 1.5173548957007588
36.14492218938649 4.92598269243629
54.62471427112301 2.400982246760897
3.215256799358431 1.484347501122553
8.367357720607147 23.500027318903793
2.1543068182317673 2.499775477288784
20.347525223919064 2.3432772086592895
81.05708486395005 158.59933178971025
6.4830959671437265 2.524714096983541
59.12358839101145 148.56060861959745
30.97151770063492 4.372790753697299
12.530776720113591 11.190063204521328
50.51958936018423 59.140401839943074
7.553951096065477 1.8992499789074748
12.921795125312293 5.826544745202025
6.778648922217602 3.2828854594092878
55.38994635246356 12.253920120676762
3.773490818207899 1.377806011386845
18.79919866204997 12.419218158896404
15.793509724751642 13.622741263939439
0.5680684874957516 2.3983838349598927
26.872344967674064 57.22756258436849
83.96211008739215 170.57494917942304
3.5546371911905443 2.5275332196106537
50.31531424393194 54.833590715450825
38.182300931916 117.04021849251127
37.082399543864256 109.95951631170401
27.551720321267027 102.14077396640441
inf inf
85.37062797190886 4.45516489321437
8.27233152829525 4.006050140683048
39.555302239780055 178.53179408757703
8.882565435181242 3.934412698568272
4.867693324012979 3.383537751354246
48.28204420754537 79.32458877533546
1.1410198577682815 3.8079317822043226
48.31961353657796 151.61984151986272
56.14174708982589 6.394553080251507
69.56442807554818 46.25157851457427
2.794611371572753 3.7046300180105605
30.93016798603096 38.094748448276604
3.571819116700321 4.922427038587705
68.98647100819727 136.30388215559523
49.82761432972492 78.89859126768009
6.1613033724653095 9.289123692026747
26.023668379680483 9.569173646073217
42.58574919803442 126.71299100123444
inf inf
inf inf
inf inf
inf inf
5.232054365966858 1.632334799305525
35.18443786245278 133.54396560967135
15.617604367483654 4.314419668622254
34.511077788437746 7.441824080014649
34.145259238648904 13.919218252805667
8.170102542224566 1.3448137453897797
87.09824695707827 3.7754715572437587
51.303029221715136 49.62099522299467
56.17500074619178 2.586170283036228
67.55243107442611 6.6327345237695905
3.702170140974785 0.6127811086008494
7.191707276222644 1.4503993651721443
30.11242167017998 6.886916762385788
86.91333519964255 56.09660305863794
43.247728142314436 174.40627516257567
63.789071916682516 163.6364569227988
2.7945358528416375 3.0778273109436625
2.2475707629824533 26.388551716593057
15.663894514982621 10.199079852243981
11.503900806810227 7.058770957864449
3.8128919240934698 0.6546840048561071
77.8668598970902 139.25241912468903
40.79686521014011 163.61302003177224
46.595476909469056 85.22589194477449
2.7388468650610336 0.8757283986738813
12.171527098005813 9.08790026669831
32.76470616721755 130.5157365073375
55.859154002106045 40.065697281808745
9.112301538532794 5.007262576922685
1.7240719363869808 25.130145093651503
37.23761594049959 149.416028740348
24.89050503485034 6.887084445310487
inf inf
11.237385470806366 17.189114007794423
79.09968834816667 86.95301420485237
12.102516124505682 3.655445687517083
69.09647636644716 168.29528625835525
inf inf
inf inf
inf inf
0.5129067712045032 4.692559197836249
18.40875560789009 10.673488604273503
42.707095380236176 173.38473090453112
80.80392866311816 171.53709788913417
5.11868720685164 152.82112455830804
5.369007605385866 3.098722428862458
53.573515415311356 4.078050923708957
17.533255061942505 3.2008964246779215
4.836144171773141 1.5319834574259974
80.82207203392494 114.67349334612224
52.15080594194793 42.787669120734186
37.85979884526344 147.14768652741353
3.7034699463968184 0.5952305203516622
7.390465289205595 0.5926802711598805
20.126350520968906 12.207330761715234
12.736342776495633 0.7847984497613876
57.06779814039392 9.352068597505834
42.99578002591841 145.88417387229865
54.600182849032194 169.75051850466076
8.170046649906487 0.7050267343113615
65.96721512074082 110.63310686342331
7.212726538012005 0.6011500474149668
38.41539312302783 119.57772686379441
30.78551450569672 106.24284322236112
40.32497217011784 21.78110797197906
1.3147971480291745 0.8139353208299558
40.89690786707572 122.49577894873863
27.66412238840503 6.855580694544698
13.106962617065353 43.80268900703914
71.50010930097572 74.11873815856985
8.673659267707478 3.2054072830525575
6.767597785157996 2.0936119892381195
8.382844438616413 1.5790721920985458
4.6803315287998295 0.8181270716677351
2.5804742495092596 0.9051901587873555
53.993858970802805 101.89877910916974
67.9784522856983 16.83457166079817
77.16843853677938 39.22651726023351
49.69554440632538 121.82121367296332
11.450624960999619 5.236633875633369
60.51037839161472 73.86936457805213
2.6703696762970286 2.4498030894138814
0.12132446284462992 1.1000697407962812
47.70185386687488 37.47176498824981
1.4895090569090441 0.27830193271615034
6.888636736004587 1.0773692453943648
17.43416779566843 1.3568284389568033
45.58386250098212 4.60405861588774
19.508421804874125 1.7008145115053643
3.4142787202607088 4.1636021124064175
3.4623136937258057 1.7857044641687
13.526770709048485 3.914104352381938
19.229986988779707 2.4001476043357832
6.236311774633647 0.5978004853925839
4.846484705238252 1.9905242279874862
4.092279260455964 3.449204801689491
14.36983203027583 7.011037333357695
4.078747889386239 1.5960058883941193
55.27507829776047 13.564479955542904
61.16540721965777 3.6955782568814866
56.51521152878131 159.06753996994118
35.228135367989765 16.8909978111538
14.509227198652695 10.185684635047208
13.692141925947867 1.0283637348875807
8.62227250516869 2.253640709715864
56.618701139314645 11.945931623464382
55.720962061280886 149.26119260192544
12.586834799795142 4.725494125461058
46.25041214985434 26.582489212623692
26.87223329269521 41.9629345848387
75.84624480716226 48.21166278401381
80.0881161438804 27.31484071752971
2.7781610455172263 2.6881074309572703
15.113145888949495 4.124722270250667
16.54369258460199 6.74023591763932
88.4267317250053 103.95907360671691
42.488781827064315 24.527490195849566
7.516158642076019 0.3667859957797532
84.97749681319596 25.835030574143406
4.158327258835095 1.0950005038100203
9.565930570802243 1.606280722738499
4.231088893223098 0.6155382853487187
23.670803193106224 179.3974160396054
43.70954513151575 65.08590024288564
64.25655932477072 58.88698703775043
84.91861628647122 132.9447843663217
72.48571610012908 17.36224350987926
75.49790099396593 17.430956490531297
67.40286430100328 18.198384693506334
81.67488133184601 12.208128182811205
1.60223996896409 0.803951012955574
6.824575918298462 2.4935242815306733
81.37060156292405 158.5487965810165
10.580439929234801 1.3020487349447518
8.782833049226147 9.651764435178904
9.142960625724537 8.759630728961561
3.8362342812189203 1.2844946148786065
14.53865850265193 1.4047613331390232
3.1596720000569554 0.8493972529086112
3.9109246101969535 0.15658641708850382
48.25837544154962 114.18366071094162
11.54029077025368 1.892092469128944
3.295028196580939 6.656428447087388
12.563534859871346 3.7656208185950852
5.188549674340549 1.9698244094910367
3.3510239688420436 0.6809527563427966
23.59725803831005 93.40830550132347
12.835247760357552 16.104225908833307
73.89798583179302 121.11376459382072
65.00966174746969 148.83629752643066
7.474783940275132 1.151208549358846
44.56442839225587 124.61475854213488
77.86504510208214 140.79815541097977
39.20074298122717 77.97146672149296
24.89405275707381 36.3509095973384
47.301322714923224 111.42004458049419
53.93992641950322 79.55592103073234
88.65359120207428 13.975516466731685
64.14948040203797 154.46451156207775
6.537727710841447 0.7893595543268794
43.36351494347926 137.50372418100275
4.327052141078244 1.1120213778725674
78.8234480134298 135.27372934808974
76.27032623728314 152.55995218326157
56.43186484347531 25.306754004641352
26.177771657861 55.96798414477991
40.03949866228844 44.661789391336846
5.797152014905473 2.022083156255235
87.2772073296982 93.44350980625217
80.00013306951026 158.9615220707658
3.643608598860587 1.0748710983301248
64.41746001499385 26.142913868197862
66.12031428987655 70.7267940012665
89.27149454160836 151.54769463580664
68.19932982841307 151.396058066321
33.91850803260876 2.7200807652387033
72.92229174195913 88.01809972401986
14.799586485905778 6.573967131121708
77.15123134898627 142.27466379779403
47.4530510015103 123.49684788451285
31.149272949964686 44.56568219782206
54.26468647334187 121.55225982869189
70.75535896736535 123.13624952235337
59.84214760643851 91.7006972329434
81.55947537344406 95.1372944968917
80.13753940816332 43.33418256254869
48.9038120853634 150.23047876275203
5.534740836336022 1.0902214509685146
85.2108118093554 150.96913827830673
0.8482437670959686 0.548375028527309
2.967706155122218 0.6006226574110283
11.414910514404372 2.848203729894838
34.634975140928915 1.357501343053949
8.348336808381589 169.21585577170922
72.57963614916387 114.44008206999531
59.11665828418316 34.873591601568286
40.02651884507886 18.718756488064063
49.43528750884025 145.4446025828247
63.887842227932786 25.736547112514888
33.22268629493541 22.587309648702433
6.523270765496743 1.1514282350435725
19.180455593728517 46.27252838729689
32.29672089308209 6.989991878297939
6.029050981796313 1.2098299388118394
17.43222146138064 1.978794540421954
23.109888295239553 18.3536819318131
4.234616976211083 1.4115670792306503
1.4350889460386016 1.7275567688134492
2.2303960126286695 4.207969617446543
8.198588399431113 2.497342632545997
9.557478318213903 1.576520453151668
7.956368154525314 0.9169967653339827
21.401074762796412 6.829112918685051
21.072061921421106 12.907514281892704
15.244458778550067 1.0440768248296177
1.4655879213549983 1.2671038710268556
1.8828526347448011 1.0756887078820618
7.189167652070817 1.1544802595889725
1.4233164124940576 3.8660078953244317
44.00855462911531 3.777383313476467
3.3771718617493303 0.9772647422294789
26.931966393866972 127.10787360277847
6.006722253815039 0.9505772732973298
49.74818262560092 125.74001536595918
5.862925611168127 0.47735374915526685
6.031411680235585 1.1728051241459587
5.695746768324478 1.4093539716780663
2.872324377023474 0.6530946432075715
17.395823101608688 1.9617180485999417
5.562685511572374 1.1287927183118407
1.7788301343613606 0.7700558028714273
3.356283885290638 0.5823474157887619
4.150761063974646 0.9411130513065782
3.1908288497579695 10.981395827249516
6.856428310888355 1.5254396646233919
2.388692144451526 1.0752223116656452
30.61159748146802 11.384393124353139
3.173236704123058 0.2789825942209829
4.242991221914798 0.8661782603862791
3.543845799788652 1.2206079043386127
20.971846190709254 2.064083837683428
25.12263824275721 7.231144569734324
4.975780166487608 1.7528113937437153
10.548664785981456 1.9372026541793081
27.21414356646138 32.67128845596038
6.713527826025478 0.4765522871012502
4.39860047065846 2.237997982183016
6.418653361923771 2.260090074920107
9.349878640406533 1.0681082077221338
16.06124967453577 0.8876408743411256
4.561339377328316 2.4356844144584096
18.43653259325608 0.8414549599643228
22.271981551341625 7.046212708476725
inf inf
70.4433367293786 173.5462528886987
75.16848408922823 82.60133636167974
68.02076356457236 131.98902650860327
80.9695879077218 110.5287186249617
50.27463677371191 51.25552195309455
67.686932481216 117.5881061977806
80.5093033106761 96.02762113240466
58.29532492039528 122.19481454050889
52.94791005968173 146.91438131730408
1.477633699931247 3.0128150934569753
55.18300855229818 20.250027169586456
86.99248308012353 178.50991568203708
56.51704274896282 151.50713550690108
70.67923396687264 33.12180197726382
16.32292645700443 69.13531451533487
17.085628998390476 1.7636460208662081
45.032127882218965 121.29187400342477
78.33563338606669 179.02163139154635
38.10778469100452 88.17860902511416
43.87880356455258 158.43613474149427
56.09667212108926 175.95568832696398
69.87321963831107 23.00321500120468
34.714136071164745 93.73282003021892
3.480517067257905 1.888963099558206
4.092669795275065 1.7272943473579792
35.906896139114124 76.71828504416587
35.02940288306254 10.70988179483958
30.716903173807744 4.759040971167641
44.22593504330476 121.56793129354948
82.84383691736922 84.18181176482064
34.435820042168025 77.03929198217217
17.092544687907377 1.6446567389289226
13.87618434970386 1.8081529032325754
5.263058744170535 1.649731741713458
42.4579043597418 174.5164414231199
5.210727808715963 1.0179216445638597
18.922107838403935 3.0071901660466906
82.7015988021396 178.69743344164021
6.211529221941321 0.8656792307757807
19.821393604713577 2.7643688188741016
inf inf
7.9068316570460455 2.157842870244667
1.427024660554082 0.76743016580976
3.4279980385208506 2.819430931351639
8.247560294936669 2.101302582937107
7.471657675723245 1.6057579066118466
74.87459337545506 167.37331228554686
76.9706986765019 153.6925866184389
6.4069894996354675 0.5265411905487982
2.5792674973708785 0.6971377607993664
40.473705845659595 6.341630364439786
23.594408893034572 2.9553615247498004
59.53876914361129 14.45609762644864
23.246585283549226 1.7487421938006518
79.84328015043306 21.649098833471797
11.443226077394499 13.779515439891778
inf inf
inf inf
27.410160772428554 8.322509270954555
55.08813423482755 60.66547600282715
88.69724063845231 37.50166881201834
74.96926698212961 157.45673293103766
77.2818437476705 122.92727457159506
80.66599800516221 108.07558738881492
inf inf
4.435934622827018 1.3099601159340124
33.75607170256444 154.11079837996252
15.184277853698275 1.3406142763169349
22.777247645750307 2.381009734498969
82.72496784614285 150.9048131038314
inf inf
26.969351012906767 48.47148959723019
51.51181675405911 128.13877890420451
42.76191180756393 146.69505796865468
61.7912993413982 104.03491081018637
74.31140504998821 159.78524207362582
inf inf
43.77251727120091 94.79914997085665
17.840965871809907 68.86989808106374
26.137108966799524 31.375975602939977
16.97545431417093 84.09825727410536
86.88626696127183 66.50665531276006
inf inf
86.08264879483646 146.19537152121904
60.78248607603635 35.91777924119764
0.8648911417849848 0.7910222861043501
