3.902241812928948 0.9728769838047838
2.597480182150104 1.8131591375604297
5.2902673064132015 1.5029244987884802
5.031119686160953 3.954951195566315
3.0885363247243136 2.268817378255554
5.255268615440563 7.617540095698042
10.41452447111854 2.654924846921599
3.819361355056356 5.130527724896743
3.3571450612480285 5.136491964580328
2.0528485106975776 2.8985535881376396
1.9131061765648556 3.1334837790485155
15.769542546504047 5.562990781809568
3.6049434546543173 0.9805487254211425
1.3663138515195268 0.34094139060771916
30.520501088620883 2.186195935146533
inf inf
23.512636245524057 149.3156232322426
nan 5.445625870726254
24.343309644942195 5.877277439548138
46.03505557523761 133.0661254974696
7.877792682150636 2.054292648094893
12.354993636870635 0.33776011400002254
2.889064985382561 1.386543039723293
6.323512983051004 1.0952908417015215
3.285212166998269 0.5377256388454061
8.717498463139346 0.8919397556574012
35.741497685935684 4.228949998074423
18.597083344487405 1.446578925557498
25.69412933126145 1.383535815978022
15.91885583573426 4.235128261674798
6.366620220674726 0.4177578201453549
8.820514633251877 0.8244016587874237
7.58658535649708 1.6872430516340682
9.903787480468377 3.7768042685308876
0.15147833748112044 0.45118776633212954
0.9677217164573344 0.7137043808256184
82.43205389911157 133.42329871336221
0.5516667100785285 0.5980662467179745
15.743160571586657 176.95734649081348
14.37987427229291 179.47992132338388
3.297880837853813 1.1717030036831113
14.453977926830476 104.99183045268231
7.919557994450521 0.6880825444677077
62.20917904556212 6.697623796129203
11.531197375207023 0.9498399010200103
57.45475192603768 32.63028337892937
6.563157442210073 2.2490126565470243
59.86008326432072 144.30794621840252
77.81008759182474 155.49600901988532
1.6792456595767455 6.068323806889904
18.274407878418145 39.223489268255605
43.82371362694528 92.59535080398895
55.72150942682826 117.73448120392621
74.67535811408482 178.41104528523917
60.77763825690875 103.84061613032473
38.02396355231935 88.83996417724103
32.46144850071815 5.036307439969508
27.73275224368214 1.639108492974537
10.525035468648797 0.6422210103012007
5.893559002405266 1.611866266617654
56.70182489586253 38.60477374320632
68.3874164545344 27.201528512170356
72.92487663511133 81.14565358452266
47.2833352562551 39.92349612374718
36.926235529934075 167.8839273227306
53.50407928583696 77.85149483456188
79.51231180222683 140.80951919169587
34.84260517466819 113.24105207326315
50.03475116120896 143.69061903079745
83.1544492032399 46.35895446920486
54.12643818096495 19.571278991791022
75.92186831079702 12.297214530066254
50.506702064613506 131.40432076514884
52.996308433478596 21.87045122999924
inf inf
6.468419628060236 1.9249131964487174
77.23760155151356 177.37630392923953
16.709905088711114 13.83818588355668
15.612507700482817 6.8181237031358455
inf inf
48.478051491917796 96.0386997388075
85.54843947819849 173.1106971941123
68.50890841457186 142.69591640668264
4.573933862459967 2.9150953085211224
45.18541173308805 162.40825083446717
89.26023138027176 161.9312692711288
38.85691158153709 4.49163504565875
86.84019956790866 36.82126168377401
20.09369392335158 6.485336056526623
54.2252464581041 4.871376211153425
78.70179223797368 75.13227551803334
73.91296729789765 162.01014457418933
75.08606068774776 115.95184128415451
76.48749661766433 157.65095513469046
inf inf
39.844630020524214 162.56208655018716
inf inf
19.247445510415872 154.06883142889077
15.181415904644393 1.456795773919332
38.44421482580722 178.82262687386776
67.15367919339783 145.73825581069815
8.471505867870832 8.518834110291873
inf inf
9.968103128273174 10.866954310907987
47.94110907674913 1.069643814445595
2.6927101548887724 0.7922627597520158
53.92548103094899 179.01413969050645
72.77725951424321 175.89885495101902
inf inf
85.7468659338493 136.55419367206338
37.63822309322919 63.87003832745362
44.675217206587604 123.30229814042596
46.615174713310466 162.3746743189403
54.128478454324984 110.27924567916821
inf inf
37.563190565301745 39.19586176151954
59.099786018970974 147.1553887113419
2.854713769516142 0.1339897657114574
inf inf
71.53384320563391 165.84335470352744
5.940948767111122 0.6109883301205575
inf inf
inf inf
64.91384638697373 10.973607217695386
10.610431416039777 4.478607628229951
30.429504802365287 3.4823088779773372
82.66724702683024 36.26075868984029
64.239106050454 163.56631428645235
43.347062746104314 130.42302652653555
67.95055591418837 129.373193706802
10.05566578991332 177.9439096277175
76.35262606618697 19.038436675183107
39.69128646774011 1.1783535711990163
27.293741153032588 0.5671365382352879
50.95690373163106 146.44727005505842
20.797146317796685 5.1054922292819995
33.41606650675917 142.6584176847465
39.96576024078618 38.62484368735064
nan 21.726702739377483
33.44261662736146 110.00372195922701
8.87773937926527 1.4295098477739965
4.283935406457165 0.8146473845156039
1.5878635853537242 0.6532136154457128
36.66677237569189 127.40160196590477
38.36608810045532 4.719832949474198
66.31638375193648 66.66683507592907
9.798241474659767 0.6731206447656943
39.227472968218514 7.411220604101746
81.49688507333667 13.113402623161875
30.03510080429578 142.01780032522296
3.3600794812385972 0.5606615861093909
14.088353553323403 5.481083668069101
2.4197801066855136 0.6147511375109896
13.185846197382672 0.36397532014877176
6.218391994820855 2.4901902544753147
3.5455936165410624 1.0067553150316022
3.356143392063215 1.3989394805189577
83.62848006810584 89.50418374308913
40.926240709464935 168.28291504026282
24.54966305872543 1.5527546205397624
29.505212867626263 5.759883316718663
23.96109441509998 97.15754378751656
3.086121939801349 0.4851876389945977
7.035060297331799 1.0484855847553822
25.79313792416225 0.6715747901625877
27.980508784714544 152.15516780066588
26.685782520186763 132.35408689189967
20.26678470594052 5.075407545595422
13.170195456581439 171.5643726531343
30.978986073658348 32.94130432661878
85.15454947908513 6.251825187148463
68.18113524708856 35.45094374091208
30.358926262493522 5.914877723751774
41.29103636140118 5.9636591327019906
17.956446756122382 2.8983311581539137
15.643764667454267 1.8329857388366777
45.033821731816886 162.59487812795555
14.97781578331498 146.94503494710253
63.25030938555914 3.38438658108568
58.3041973084096 26.68564772258762
82.77893522496129 4.881225991940159
61.444466917851926 105.16410353896802
8.231573221550704 2.2553935391931477
5.372164795695809 0.8531137757309067
66.91764017648627 10.628317950984712
46.30891644141921 10.001928137241022
14.93143324113897 2.5984999037770815
5.6501766178385004 1.5689959672339475
42.432110543428394 6.980808760308414
8.740466428962355 2.5128029520609063
46.355393299072574 97.39400521704091
10.299229089420583 2.998140516582488
25.83471964013478 159.42345647527935
1.5848202288792843 0.5589766492072823
83.11546072461903 8.21425067736885
26.37436973933053 3.305906463212817
45.425209346847616 113.88198704696718
62.602158200251 161.66006248585492
24.27212770272638 7.239082092876143
31.24427000349729 10.735931891696278
84.5201288968323 118.00585880009412
41.80461927630524 3.2054696798383544
48.316237034140386 53.85941884712173
66.83503869627128 63.18725122577653
63.55382100323627 100.13737773701297
27.496046597775415 5.430270273305556
71.28469375140268 156.40883861812816
34.711317793981095 153.24805832409422
85.07278474575804 137.61039086159911
nan 46.66499761932124
40.925561937938944 177.87088159951892
4.980603585775618 2.440955698024477
81.50384773702075 73.05340240989098
73.28068670720752 20.2105171292385
inf inf
inf inf
36.56397117190763 147.5230705409024
81.18656634908584 98.79171123201678
72.15726935272748 151.861234834073
53.676108251994435 164.43462946971044
inf inf
inf inf
63.65008367236842 13.541702362026435
11.4976127505536 142.91246090889416
24.102801899409535 84.83412912652899
89.97137227320053 53.0138102153359
3.973412399538312 1.5846672202642174
77.16443768651237 71.69290789500393
15.527655658443068 5.235200271150395
79.20881471664214 164.56873192413306
42.44970601564443 139.86003358551844
33.16913982695344 173.1901884299801
49.85320278257504 52.66758864432055
11.285531186230793 4.015450333791869
2.987305633918777 1.0227614136852754
60.30046993735118 14.755179415345026
8.852811597803116 1.2402033790365974
83.50326404669521 2.3049854513900785
47.905782268493425 149.69018292986806
inf inf
7.042900436828377 4.247869762413172
1.4593381086017314 0.23892585576074135
33.65913594882958 5.929285072386025
54.893188098721595 13.483188288554057
8.249254622120972 0.8020087646697449
11.413403858699661 5.244137440671138
0.3547392857001672 1.3926882865142471
28.320546388282338 33.441378206171
84.13308282768452 32.752026599120306
1.863283952243286 1.0085988807594768
48.17072161866193 151.08473218274105
inf inf
inf inf
51.94740157244536 175.94779394022234
5.771470106949327 1.044363717777309
29.25759158509271 178.6657888846986
inf inf
78.49493628713375 69.30986656916689
1.6438474315443252 1.9373602171123394
18.908128241027526 179.73301045605191
10.842248941448332 5.633929041577741
78.511607794888 134.871595535402
56.14493426919888 169.00601107522655
44.66557210387995 49.32371962861737
14.735385206430871 131.73684979071163
8.159423645340059 1.3036288522529196
67.00613321415925 104.56387843594176
inf inf
4.842239669888104 1.638640102486096
21.69485222649991 3.2911122241484714
5.706039888865981 1.0656937924092449
4.9653187207608935 1.0713638813390733
49.75373050330876 99.63904731681995
inf inf
inf inf
42.82467361175283 3.354168808624647
88.44100827620517 115.15694612616342
inf inf
inf inf
inf inf
12.181381557182954 2.3760332696885436
31.81428713064387 65.91851512874061
10.595710770442382 116.65118074916431
22.488020054571084 155.19452446841368
36.11249904944324 13.318558414825302
52.28070677884388 123.12746140662027
45.359649503279826 97.07927128663712
70.31899184987944 117.29340648980538
58.56770903666995 44.62205306950328
75.44239765242577 172.16517342971466
37.23279013407025 17.124129646820887
48.93657741963506 110.74123637181621
12.333485736978654 4.707815644620178
2.468499240296525 1.2419658211630833
55.15619675326532 141.10642366291617
22.845816794228334 152.72070698179084
76.32822483950017 13.62273287944424
17.452644798670782 170.64581191392568
22.2452510073466 1.32729292789394
4.783905455277499 1.6883666076174304
60.01931473380245 167.58282126412607
40.243249804320016 93.30055013971982
inf inf
50.831477299259035 134.24438092669905
35.69522982074287 4.7219555765218
56.63701753811645 141.08322912043428
17.387250368075453 1.4051234290826087
35.94259443895159 4.808678923157172
47.06355118472194 155.9228156274196
16.996166296875483 169.7956722635285
5.326327891126737 2.6809255271243844
67.29263368445496 170.64408126790656
45.08906345660401 44.399239300903226
20.051957423260244 105.49292474087137
20.932660427658703 99.81977914540774
5.564333812812696 2.803821656416684
15.000842076952495 176.28275376670038
2.0323727312936897 1.0856213501374712
17.10529352174126 163.19146674491233
5.841333373962201 0.8690586290377272
30.907994133578455 3.4245195949740084
70.53549508005027 29.81037313671368
5.6439827777728695 1.5231351668109239
66.21260246039026 8.145004547580516
2.858529982802779 1.5163434224958066
inf inf
inf inf
70.71858591667532 164.22019732640126
inf inf
44.306120119636425 6.179860485107874
83.31304705235578 12.69959220512717
11.659452328410492 2.204749962162017
23.962579049683043 13.64472075248133
4.43034309107914 1.9337570905399402
87.40439923584658 114.42320833448449
77.92724659622061 135.2614097585941
76.15217821384316 127.12254374228709
38.5196346914197 15.215894157290371
8.494431377158573 3.1219986014030425
76.01184297396725 170.6284128151014
inf inf
inf inf
10.968185005653627 5.03171663543075
14.485550412389115 2.031355420225768
inf inf
42.957999663877956 116.46219440356677
50.341304512089636 133.8545734049286
22.341110892172843 7.743927049143378
9.236610058247622 3.5472718860271955
14.344121475587844 2.9231461874433773
14.307620838390193 129.89197163083344
3.7323897521183445 0.998306891100767
84.64700722107034 127.95897885647568
nan 95.84919936777155
inf inf
inf inf
inf inf
67.61517305772371 58.019037358319736
20.27126489216123 1.8655283665289557
23.68434717328632 1.623869706735135
14.9797162904878 146.60583207230778
28.87004910096249 139.19897820471124
52.76100265657503 6.354232989799849
inf inf
41.76641907009909 129.90967287765943
39.29485658690007 177.97936216622097
58.49600510522971 115.47746904070085
22.994135042614584 154.96631513435307
78.28164269242713 166.4223900377226
inf inf
70.30724529633605 8.09183886777098
21.90467910180432 165.43245747668843
68.58396743273485 154.5421951723955
59.42267082525186 1.1563122740115994
66.59983630019022 24.2875672201709
26.57162451375053 30.14905715810921
56.33287422625318 116.86812996693436
48.05646692149142 133.2242352884081
6.7485661213754184 103.84002738047143
6.102463395775257 0.7387848918740684
8.416458419023304 1.140310375462402
89.34689922012222 9.12346976182866
72.93619585758455 68.70600023219929
47.142701596772866 119.67153953457424
32.15014226438038 171.88890662978847
47.092308022310995 29.941552327469765
28.03751133007261 170.18014417189926
63.31146590808734 125.96357775596945
74.75179080324965 136.0522863313511
41.20579599083763 112.77988325117474
22.759517406923777 150.69077509876897
19.205097656406274 4.939860100707021
65.68955223812344 40.10453312204486
inf inf
58.25774434034847 148.49356146332147
37.31913583554288 5.8059989039129425
29.347071471117985 12.982789101340472
6.191572394182459 2.986508292893593
78.21416402864175 141.32705370497533
0.6488362455449956 0.6007724921682016
11.365801841027915 1.4786590561070554
29.400995032284385 29.95252506010598
75.89376188826039 14.906070579115488
72.61932474055604 173.49866242285418
inf inf
29.51459650793447 134.60850234227016
28.341745576692716 140.4793730944863
nan 12.586986513826979
inf inf
68.45539230310847 16.59566247254499
11.492997399689305 29.798788463736336
27.85372789744178 135.94942220588302
71.38676559661342 165.77093030681885
inf inf
76.1675112176599 75.66149203927306
43.95624874509528 161.38909438756528
inf inf
49.48103744225208 8.224792121025395
38.54132071777565 7.523811634996906
80.35846937642614 130.06871213286493
52.80742440925946 6.156883025103141
21.14134158039771 4.530039938556878
81.79685990328134 155.80533497433248
38.37329637444142 3.125508272299217
41.53247699469355 18.08282800664074
59.843253638483944 12.427276977746935
19.432467777494008 3.1531182570380496
27.423780708753753 17.035647824893772
18.591595848953734 6.697197895752094
63.909867225272464 90.46097826740574
inf inf
67.05125810351046 51.519666929394006
inf inf
44.13703293681856 87.55204329246145
35.497281838097 113.48650195913956
85.63320444546743 174.58132668324058
5.579120481431757 0.630645252351602
70.49754552154617 168.62577845732432
9.242879544731153 5.7495031479818435
78.61297910706813 166.1286980058248
79.93494403141747 167.25394637381623
8.640062832529532 69.9445159035579
74.4103324658469 55.66219115261682
63.94645622794944 174.95989029353902
inf inf
28.652723979540298 165.47551182103498
78.79633868995003 151.21462034440256
84.00839250425247 133.72950374890743
26.832195294685082 61.40303392181347
66.75813405889313 82.89343475675379
7.521002805000704 122.09245720758894
75.82394165249201 152.00120849729402
62.93664887594006 132.82048091036114
inf inf
76.18750684451503 115.57440256941726
49.82287281563754 56.169770206033505
39.79971218071623 163.55573452974667
47.87781850035111 29.254541597608302
39.25509385734753 169.58338564802793
51.78752130894566 127.17089763681494
inf inf
59.34745331303703 25.357063602847013
32.76814941428209 12.73469868861341
inf inf
11.830097624983745 1.27276253471036
22.041511474009297 0.9263757248029416
65.74632588529602 136.44792548746025
nan 39.417684328622
61.80104332082871 124.8902683134859
1.3175808297123575 0.3014089817374224
28.156007246492017 5.69118033113356
77.44233578527343 161.05954470285383
15.998750457154982 1.996742515400908
60.195661496862144 38.610542473801594
62.40298848612962 74.49764851626608
14.503568996873694 80.95964669511716
64.88161636441524 130.53530752791136
2.3689721188836574 2.066241591081332
64.02293955949497 165.19595726316078
6.142451889630425 0.7766646064334828
inf inf
5.626935268498853 1.700584587479996
14.46246611589297 5.931259129442873
10.330040713542548 5.524222534106747
49.62338738418824 1.0643486309644345
55.24930083632839 125.8386015484963
1.7198831495202114 1.0736856862128774
5.232767813311909 2.0651999372930607
3.809729408103277 1.3554025464333006
72.34149539126268 178.10850312657396
45.194816169326906 9.210614935618247
64.823217448643 145.29866348401447
6.68259570295275 0.9784939016056494
13.12623406653517 3.544845512602082
19.375045758379116 7.06292736437442
inf inf
3.4844549136703526 0.700075712037985
7.850380910132094 2.0257727844402154
39.116429035134104 100.65355004637564
18.439188946717888 18.542996159592004
inf inf
65.26516234464759 159.43605097191983
51.18772946013558 173.25584678127453
75.96939246952967 85.78132576395588
12.507966953047998 118.14129703187325
57.230996069735866 124.6227821156668
36.974860184847074 163.03624644446543
73.1587752741026 48.38014830461222
1.772668199809868 0.3856979488110984
69.667689779619 32.099496672892585
57.535384299626735 123.77490183438474
53.433629324712456 101.04196966888587
60.545102263028205 107.51650910336751
20.306554280937025 0.48485865142816964
42.794805855316106 10.235609895267059
59.74044095522794 79.87783077066592
74.35630729874072 176.56548652487774
8.964331499153142 67.59958190546061
35.73488261816282 17.43756258702213
inf inf
inf inf
inf inf
53.98383949803756 148.896614095812
3.8428367092368525 1.0881305545423643
76.0783410401888 9.557096422999175
6.048300960999541 0.654365502400653
85.94836017295098 91.69793154293659
72.01689613943493 27.468832936566947
37.620731699377 24.764224564502577
8.257442776011153 3.036265857797315
3.2880472258074303 0.9614822748668228
40.07712972120555 89.33457021454723
80.79157403719154 15.42105833266015
16.699181426283484 4.350472709437443
7.12953117619497 1.8256450157526438
inf inf
54.57063564369511 5.475335733618545
12.060579693147295 4.241669547251359
74.37588567571375 15.042211059532526
64.66731604637917 4.569302016433961
36.007122745816034 167.1348113341742
8.159540437576641 0.8336080823612021
55.1475008485927 140.44787038199405
29.82151211061739 112.0704683243609
86.26102811972234 28.071644636743
40.91303376768878 90.49100220460242
10.558714301066846 1.2676602279290898
2.5218933194634787 0.6673742147521072
37.86987330360848 43.778870110190425
19.988014172330246 16.179558051773796
2.7030200226433587 1.392022772884492
3.8697281273255255 0.825738987997159
16.007534707308082 3.338350297555834
64.25701531888521 156.021915900828
17.463327413798986 2.4901619126661623
25.268029943158368 70.20066251290984
42.845177312239116 156.46748536448652
86.65290014201017 135.59881024098664
73.01707205720518 100.07730827597989
47.559004392700786 178.20957749676356
55.342135360221704 83.62043796603982
70.37601095739187 176.71064361253235
85.01188330048608 119.91105997775809
30.781367684905312 2.9976367088567786
56.60397088869276 125.8063012432597
38.29891728755641 156.6284215348584
49.23724545550496 177.57157110584455
52.85006899005786 97.48679397212366
7.538135015590508 0.4908345244216561
33.672890802866135 3.4477856066703474
1.693371648126176 1.005143939906203
9.776604923057327 1.8250521171296994
1.555473910760321 1.0013757018208962
5.219671829722372 0.7201591047022773
75.15140127748562 106.16953453403259
77.38643871475223 152.60818709194407
58.36340613718887 9.964314004925189
4.039391780393884 0.5554844049539932
80.85702863715362 73.3667027752597
21.172589610213915 21.68469985411782
3.7917523876322896 2.8397467597519337
0.8039274283977588 1.7396705291689638
1.2878607345959323 0.6533818185082749
0.9836562121633586 0.7278786134453952
31.514636976585514 31.745159383669876
20.25079457912264 179.53742073959046
35.8660239724567 92.62546243742872
56.02845204142641 164.06327531400464
19.4791195696302 118.49942337485776
35.03714033408884 124.77287514650256
52.63821588057239 158.6565623485349
37.95846812555615 129.87358186415642
18.30539764915818 145.68036773340418
41.55641185674182 160.2808150871995
65.90048610600961 174.84915136605045
67.22545909955339 98.612951755922
73.55971695295602 167.61429347614066
inf inf
79.79040843690349 109.30475987823512
inf inf
81.24833078849466 142.05689752315024
13.920797538849541 93.80051376275323
50.79445420575985 107.58345766393444
62.68411069291742 177.92676568378135
29.68756397149673 154.98505597132035
47.19821774284557 161.21823152803768
79.90593444667974 157.3282351432223
46.619666592445725 53.28135535347527
20.252949704792393 13.383790614597064
66.58632955537219 155.40846937758684
61.48829432020773 166.49097998965826
37.544342956524574 62.67857909219207
74.10046935056093 1.3886295226515126
77.99410209617713 140.19785227404583
33.68822946163996 46.092281563533184
58.11231748752863 129.43000789927706
inf inf
65.27573023584483 112.94669610185257
inf inf
70.88693488701666 128.19501436796716
51.971033984465464 128.67508604366864
64.60838314435783 46.46618919306968
67.40073145340399 136.38025897531267
9.402802443526493 1.1653919690321282
30.134308626456885 76.65785006533712
39.86270569827249 82.67998120257465
57.433710773161195 141.44879581819217
54.35262378294976 163.6448638502278
42.74109557926199 97.28313092607034
inf inf
48.79452520481888 27.751688210228476
29.92769777735836 43.481932579789195
7.225947985625045 0.9092358547025967
26.641314805853785 37.39376573579969
inf inf
28.9062382034497 68.65749913297087
80.82571320609736 44.65419256073814
32.169391720344066 16.065042489934687
63.31269168926504 124.89700484709415
5.984062368109012 0.5807789187248436
63.449172424691795 135.02929220984976
40.63512667127693 98.46392798933795
70.67437814737507 176.08181854941725
20.23173129218623 5.603445976326084
46.27159786563567 18.931662058930236
84.93592210189821 141.6900545955876
11.585082681001154 6.89828703311889
19.25569592715495 9.011030803861003
76.72927147284388 126.76566366455512
6.618689103233048 3.757876411993385
inf inf
74.09242515551841 64.54533880731827
46.94997070781988 1.9513233255253903
36.826052674033264 59.2258832436285
31.036401227604728 173.21879342974967
2.541633994785711 0.2849308910074531
58.77274114071547 15.460655176904337
75.86794265012459 154.31628986696882
17.94939405099018 23.02123020490768
82.27161428108107 87.30328902669103
75.73093314385243 139.19601226653216
68.98368108596483 150.08508685836847
8.063973996199783 5.274777312462545
6.057366951373873 8.025914539601569
39.70557855677997 42.39328911522684
inf inf
nan 69.05359048655099
56.02076756998471 148.48942769682478
inf inf
inf inf
inf inf
inf inf
30.273585562599255 0.49713930835119413
88.70786315604104 113.44291845261898
85.77072895558729 65.56748425983282
inf inf
27.406108433278433 164.30962959058158
27.57064221160693 1.3629888259669507
35.08489327938557 75.55683188299315
46.603008394091034 113.13980510995165
24.104385874407797 176.90100320202424
66.09715239779656 3.6682125769495997
79.29222919988797 90.0119085105881
66.1076903441665 20.098602307713705
73.53057430629015 133.7740185305561
87.23731282700717 137.90197502526289
5.649444971546597 2.927558259006737
8.208224207597834 176.0784290547958
39.7031948589426 61.19325602916417
51.424735589037226 104.54810704047982
24.155152455025544 83.34846759699228
19.589111503546935 141.41983463267442
10.88770238041838 6.200499624718217
71.69822939389913 117.45708667008903
46.03165035192291 96.51891456611433
4.6466175255993045 5.810374196836266
62.857183334706335 26.536937544670984
9.260217563018472 1.5263904914218986
53.25824750118764 13.731708547595893
46.57632936310924 119.81158589236146
18.50512251754158 29.126083725400616
35.40757004162393 175.507668931945
64.91356258463459 110.22851999136806
71.06305779184873 10.941730897063707
19.0392290945942 8.555606406100164
9.438992278797404 122.48634194553992
37.745656667001356 135.09229669884607
4.3755707315042045 1.4294381379383845
35.718065054443755 127.8574940756046
3.931099179351918 1.1028077426231795
19.133947002443502 3.100718405989277
78.8391997189661 156.31105470980737
31.209205977054864 3.1156664336592432
32.919303800521085 5.28290116794438
8.54163230478059 1.8078258331612667
30.320094851827477 9.90089393506276
44.42776958003754 8.398405422446887
17.28695167062279 13.211918907210023
6.03072455774089 3.4894412642495647
41.827523726924504 2.4911118881924077
inf inf
85.9481857800685 16.532243061276972
5.682160133566661 3.2355903737347527
4.504775194916198 7.781232541633018
46.20760898989329 153.34490742775222
16.764183426574824 5.9981927138539355
52.65957801248145 152.33766221647002
15.82541059044738 146.83058928902034
nan 72.52442542399712
53.260807875539484 2.3822557782494607
48.930331857345806 119.89297959629016
27.147837782808548 34.049717299317074
5.185693517298978 1.312813996103206
76.03874844173797 77.05350222410415
82.1772853420094 29.9959965621049
9.168970257624043 5.27669936082924
23.772730680757338 6.3870872302972925
40.282234992728874 9.38222481491141
54.172891118473586 100.911325107784
8.89752138233057 3.2051918843464167
85.65552263899046 144.1203305780254
18.719871768006524 179.00629385862592
2.17098431119585 1.5033315376764174
13.574130732920654 2.474175393777679
21.236816738274022 139.5375455816112
46.1957404866187 84.85221907626325
75.35374471240725 35.88563519755641
36.09096857125468 85.36951232081505
58.787443354479954 18.937852435162526
33.093230195951286 14.942903338198944
3.231112813689541 1.7579915699974769
50.55404382799918 111.34608893710208
47.566859483376355 1.1092335723322462
64.09020407622451 162.92633174511477
20.68284259933199 111.8464335196673
21.140535828567987 21.5976635762782
14.098358092449963 1.0850481679501687
78.71828226276672 49.860486565641416
20.199096920457034 9.509704892589461
7.104653785495328 1.1258425368149527
81.88430588291787 171.74007101528235
85.65458055954305 119.08733439589969
7.394209043886063 2.3385731073366767
23.87295490920523 82.28576459617
25.102339457874695 3.132709960687666
4.330052154623865 1.162207475243562
1.601629927622446 0.8391532273556418
40.04732954303439 29.81038016520879
36.36651602191061 18.021365861219145
22.580204942456508 24.330640650485243
1.0003854424919565 1.701962426669871
53.00330237263164 130.33999413669412
42.63912944297306 46.59653236247525
2.218322661082537 1.3600131714346837
11.286586897341637 5.256521836317365
3.3973389136651146 2.0382678909439202
69.81588460093961 48.739005487309846
53.02489563784079 25.763960763139096
1.8282253831068456 0.8980511938362177
33.47777330309813 66.89130405877587
46.792879939723704 86.93689906881879
14.48487671643893 1.4476582141278722
30.60893151731713 48.52661920684856
25.47777374133052 2.583979472871315
26.579905377539234 53.11472949385406
25.348998638053978 9.772733767448583
75.18079652434932 58.299910214785974
36.15595115659696 16.10723300788021
61.71153572390892 179.28500832335206
66.45644793308753 144.70332569425037
35.12714636774199 20.847625203229263
9.791732089430079 2.5880644037887954
4.884663202753137 0.7266462397664982
inf inf
25.191284797044915 121.86868039905883
21.815049740761346 52.39769304464894
60.56435219592662 13.093784439864312
84.37318835321946 101.30331295917021
89.97848081740979 14.745998833864759
65.59310136554123 145.9014335346825
31.92003476746981 84.28377593307104
56.2594282212651 134.37417966972689
61.087081151968434 152.97389091815995
25.589176187435903 138.26002180914662
47.24963451132638 82.86454617186992
45.526792752381944 6.623695395997746
62.772809126738 41.90242952926438
4.310128941143574 2.018167391286931
88.92330858274016 64.92999550210664
23.619755363934765 129.73639475959172
18.803501011063798 4.177665822867877
inf inf
61.507706929833844 176.66151026869036
1.115946099187197 0.45500981115246036
10.3028544659727 163.83511256839128
inf inf
75.35588927685292 141.31210543785593
22.843119410423384 0.8007018732312202
inf inf
2.416072969922541 1.5652448730543713
21.764119454565982 171.92822291411355
24.604125718563495 178.44543993824914
inf inf
inf inf
13.672616490495926 131.80233747749966
7.163195526486523 1.1056014814759716
3.6215306145453803 2.155816484455251
10.88089437326383 133.46598531868077
66.73693536237317 5.363852992301044
26.92598219290292 127.98826974222075
1.2101214898600166 0.4168594315167532
1.6316388238857196 0.3873325343976509
50.76236228323374 75.81597480024958
11.064412872783064 5.209544352914811
54.612654945266044 20.556222006583855
3.49436473014167 0.5888059901464504
0.9662733829155088 1.5031595889321518
12.843410347838615 2.710727653001264
10.439151510012696 1.555190353502288
0.8726765688984504 0.8427115473312426
14.844558048345068 7.713233439370091
51.34891853861242 24.790741491196464
2.08018759840665 0.6966155536793989
47.57382213133039 178.93371565990088
73.60692436251637 29.900000081259723
5.69306953097451 2.19095352124337
65.15393965219621 66.9397313200623
8.019426720979187 0.8365579172345331
34.31824786194605 5.584004652718145
60.164409900860775 124.91269638229086
9.564061107908259 143.77176046206387
34.34698413284087 9.803583513402833
6.863879563874884 4.584163901085681
32.4657136185127 126.57246148067298
4.028726285277962 0.7117182152852374
8.484770145443889 155.16303998662994
80.85882139134894 119.82064076047702
34.88598128924687 161.99213761338135
44.25447656961387 94.17753138268701
48.66791960983136 114.24172924032787
inf inf
inf inf
inf inf
52.26927768844523 114.1972617100511
33.23539563538713 100.72197312507295
6.549324383048033 9.70174576205442
21.743832809977516 162.92539817662364
59.877169959560035 63.007168095506636
75.73276258462062 6.2838888106791595
46.59418970866131 3.09568691652214
56.03174830558835 69.58689579943969
inf inf
inf inf
inf inf
74.9021626818693 81.8077941744788
82.73403238372 39.2443388647688
16.255885316012616 2.2059987415913582
61.88727242024417 153.3285077353209
2.043846620801718 1.2070610890519147
41.370663297182226 170.74514124225666
22.624692007496517 122.92275222808483
2.3875185921595303 6.102934225660494
13.095741210599256 21.17849296629167
69.05573188326032 20.82767052444227
1.3023587224915016 1.2523112057672185
67.37645467079076 115.1662717488287
66.24464205335902 129.48144670372776
51.637702393085505 88.37279483228806
52.947161814359845 151.11979561931867
49.50077546570125 114.25270486388541
13.317713498036584 1.0342008323893186
38.3629184768354 156.22457858617096
inf inf
62.13275848336902 51.7151320688611
74.86250000636282 159.67491228314026
55.197204166266395 3.8138346213269743
40.592260990389775 54.51050910294414
77.36109283790837 96.07569010509992
81.43427809932564 152.09497699639832
7.002787612279766 1.1309085782092199
72.95673466981853 56.080185231964066
20.919966998865135 162.7784843372368
69.34510243987562 112.72845189287307
43.945591886727584 120.86651247448287
61.12742619158894 60.36194004725731
29.244250611403857 156.1209667008335
4.326963818886863 1.5861430608502567
44.43454733881422 3.981135561949837
76.93450111255993 155.03109163732938
22.27194489943122 152.4021511235794
63.06066507341352 130.83649833027107
12.385673217045076 5.052624096003602
29.47227810759614 160.97026640713392
84.91703258632778 16.826988350882072
inf inf
inf inf
inf inf
inf inf
53.24861550299034 158.28768880230075
10.4743445878992 15.279444116926925
73.90365689017987 169.1258182166128
inf inf
inf inf
34.35956113257876 69.46226192634403
30.506161917815234 141.3086392235797
46.029935062589345 100.38707241349876
67.75784566205087 75.25127508318738
52.262832629110605 3.086980461213952
inf inf
54.445832404580194 1.478203236528567
62.941751211577525 49.7023715007099
inf inf
57.27518585442575 136.3032356309311
nan 25.57364256556525
60.65259279031979 107.32309756546117
4.907202823955899 5.457372799153286
0.3697176909669224 31.356224452153786
4.215603185084086 2.3279164943314368
24.56852742275607 155.8853560757174
3.3705633741802075 1.0412701789705008
59.56810960631462 49.51630683468591
20.097881570259506 1.4006796388063278
7.607375508418901 1.3777746446415313
2.3315278860491766 0.9501440691301486
79.11484579166199 18.093546350973362
88.1763841898212 41.758514253063005
17.841526123324662 3.828968267892253
32.20689526980864 47.46798882559543
52.3505180011878 97.30121738409215
62.844101364873275 163.91855657846364
7.76432406404582 3.417844118454203
50.58039072864792 163.3307907443686
74.77133913399065 126.84858994810942
3.7415931972357215 1.362707465154711
27.916759451500656 54.261027004886955
70.62150709015032 70.57531026232785
24.040309052972088 6.682674584733375
4.898272569679472 1.4773698593244258
3.792948560383283 0.6865944025280599
3.30687979191046 0.37464733868690464
10.586860727865965 4.782122879947052
49.476476387293104 145.57114345235894
45.39740440928543 136.59158555558122
33.136415583304206 149.2059321485979
70.34718596202322 22.575245945822733
61.78745134092528 152.98987072594866
34.39805453527052 156.04166856416873
55.961098444263335 30.826338825651707
6.21084505128891 0.9863750758650909
3.5940267489257485 0.5104695267417569
78.65588084759975 12.997686678406485
12.738027375913942 1.8031160887406714
7.073021605265541 6.254905217413497
56.724672868860715 35.20126308856364
37.077574669399425 5.749916458964951
65.26221047010465 7.084490422180633
18.26648554120683 174.92714802320344
17.745778383393425 1.3686469207074947
34.90829084385874 9.687064303901733
76.15328071868103 70.78403014235802
24.532699581219905 2.0782757467415234
84.29643049300489 27.07812121657842
66.7718976006474 91.60343127780665
32.57029273208094 4.477914385069767
inf inf
inf inf
inf inf
77.86429519416991 152.58165560086078
52.232883395644045 16.76822983963755
21.202360873671722 38.38067942857556
2.9318598933385878 0.3970945637828865
32.97410753647246 33.86878106652609
7.928355477060494 1.4389713709282796
2.0178426100267073 1.551105943147243
33.37363507631016 45.75251092060185
49.64997819471925 129.82217445871171
7.574839391286305 1.2893235711461173
inf inf
inf inf
inf inf
inf inf
inf inf
85.78091995758308 21.596456790065066
49.81622742862413 100.95160719810553
8.067642204754591 1.4249946789787544
77.19709441205804 162.47438649906246
2.034205814517442 0.704253450936312
1.789950924822732 1.2165958188900803
29.268216309216115 26.583238492126508
37.66541025891484 4.9504114451930805
77.32432281365988 146.34298051508017
47.92487746190733 148.11315321865968
inf inf
41.56196380425686 3.8547056671002378
14.458013032804457 43.58782638471663
29.975229582101065 124.0412551715699
23.230427953113008 167.79840517759405
67.89284318546422 80.40115827057039
16.766620365414973 6.49688825253003
62.95554547285754 2.3688411542652172
6.911003660694042 1.5740676101592244
1.4479163840603022 1.1982854268552192
28.40127115805676 5.427033738023074
66.88287650885533 130.71874225955227
32.77154226356885 5.25394904617171
10.196390794877448 22.82099499651107
67.07352986997113 10.054976514432662
59.00096841028184 143.95468384397006
64.25659580263056 178.9078545073249
42.58977158596181 152.97558138498488
nan 19.23518047663577
inf inf
inf inf
30.48964193407477 129.3816275199617
75.19890059936628 5.110661874191602
39.5097140397963 2.4841164260216773
30.65846332517541 22.64434883264786
13.241140326671266 4.445421187936247
17.087200968884254 1.5776646067864044
0.4936966908263806 1.2391097711787902
44.22646318849271 3.547869015803981
40.02658648886748 137.57580863709472
50.16984598114051 13.501020666327964
82.48383005522524 75.96740035118184
7.707100849762642 3.204537780519469
41.06322434643138 101.90192988116307
62.38209788928587 10.954918386489021
74.05544499637558 129.3665781518956
76.92653699080334 168.17526254024506
39.268229449950894 165.48655789861868
19.074103905685824 4.4664647427181565
76.09783469182103 113.15796442825943
59.28944759483788 155.22701787024332
86.09003962569764 14.798623243424737
59.83385712779676 71.13396833838137
17.293598740466592 133.05489259598698
22.99477208891568 171.5064445292203
inf inf
89.91700235383564 137.40614747747878
inf inf
22.822542697107444 50.18021949030883
14.583084977681978 160.36980043910768
11.232507143407238 1.5032073232301433
39.76308500582633 3.4140285709621403
inf inf
3.786916388859114 2.231470126079077
4.66894045076837 1.3721030053199728
10.065245101823468 1.353630178872289
11.327063831748857 1.6030010309757106
12.909824199265497 1.826785158020315
85.05158312720152 12.695522718616143
14.697740464263939 1.9409490839631223
26.88223895344889 2.4879525119344605
45.592420384382436 9.688884396313624
31.553489592358705 3.6164847378659495
79.91689706339112 39.692958499683435
21.58322591868055 6.440905442441778
6.428040021613305 1.0108741340967358
inf inf
inf inf
46.903391638671465 174.89128798648196
17.261993619180764 5.353227304800354
79.69245626661649 179.02610396558794
74.33990247677544 20.424715876533917
36.93675406437225 31.83809338284368
79.0641001416262 140.73661896701307
52.876699422504544 35.10950665831709
inf inf
inf inf
nan 32.46073158979346
18.496041669523716 2.0464085930809306
68.4643186444573 165.41263017405646
60.232705271094325 12.591615154442215
64.66243971816269 9.19267114156757
76.69846340226901 9.159328684338258
10.064666506710525 1.362305180660067
4.501014157123331 2.0448549768692463
8.409344960724614 2.078908716296439
8.547542312471437 7.330150975767778
17.711473918326135 13.74109788409624
3.9142834257281542 3.790698113024398
7.065884409229159 2.7422650093639844
10.05159289126663 2.7002428747839806
27.939839996745928 26.880412835768247
10.23622784990054 1.0940783379795835
nan 71.70595524715561
52.10822933419507 101.82315577759512
13.337929510231449 2.379370846230839
77.95108934894152 18.454676688607567
7.036892946489493 1.4897066047556373
87.54203880282603 6.61289769366508
54.25405215130161 1.9706030626380533
3.9890935862141665 1.5165129480239283
30.94839940983239 75.1332437658164
1.862861454178501 2.919275643145182
8.135465121811349 0.86254813812091
89.53840766547724 166.58395180382584
12.5537725632491 4.936395138312371
82.442722860484 159.09242122234915
30.919378517146924 4.595203711912993
8.679057564513123 3.0211509459822166
17.432812029444012 2.9156448103863037
6.742114088926163 1.1873895784353108
42.95644739969494 22.93828625042151
10.847443676402564 4.019773737013501
4.838744993982662 1.1798087329926112
3.695015673385124 1.5399153531251937
39.32785318689113 50.76660261973219
11.777545515361046 4.205898281158916
23.618867469999294 9.136366025999532
27.72987226277164 58.598591057858634
49.03734959876954 102.74817389221
4.498897330333466 2.0871625828917573
50.47929574266436 55.580563899928165
54.68952679446417 133.00379750171615
50.59138204292347 130.46644931095472
56.3510699378095 24.250956687549696
inf inf
81.405592059234 112.64841206820745
7.674190563355056 5.924533301916882
39.55529951224001 178.5317981409355
8.920566646583902 7.0844005772375205
4.734842447452136 3.4812584706228336
74.53448300913124 134.9497530105753
55.39574761927351 121.26953427323471
48.31961353657796 151.61984151986272
55.231929785584846 5.391530890244216
69.40607835613983 46.30370189852388
8.5670211866167 12.538174902609056
26.629637016765773 31.4607583969196
4.181262819156379 6.596787348453427
68.98647100819727 136.30388215559523
88.45865816899878 101.81768273686896
5.30260169935364 6.1591990394834815
20.37473357591665 17.523752669860524
42.59092269738605 126.72741972026606
inf inf
inf inf
inf inf
inf inf
3.459137741300207 0.5386488279719617
35.56804166557029 133.2669223147602
15.036942862272655 4.081982154286893
9.933605502864772 145.09226425939
42.31145132372468 18.79880453295317
9.259639803384404 1.4035831083762804
50.919697277621026 3.094224420815718
51.61861994327808 50.656066239783016
63.11070540082186 51.35864541036475
38.554600371256754 4.112630410598325
2.021206239689806 0.46879903091945513
8.761734879360025 1.5662952219758715
15.794918827758393 2.625103435138121
77.95141629126216 61.77426668132131
43.247717850613775 174.40622775880297
37.88556748176985 103.62449105925839
4.356987870640238 2.9993884867389204
82.65476424824439 116.9106577976252
18.704063703176327 11.974243818168311
12.029009126742842 7.424714278394081
5.188598670930581 0.7708096334901668
77.86685316438125 139.2524049021843
69.00541455959588 83.96651252743187
60.00754590661741 58.48578504854976
3.970059072764969 0.9203340720992929
12.264194371068378 10.295449235497873
31.506575384641067 126.46570561651681
74.22468635895552 78.02490618882251
5.064704097521596 5.379500061574813
17.813400796279456 6.580926538708976
36.50070398186179 2.8349336317585245
43.927649860852895 39.08416173295869
inf inf
13.441423908093947 25.815430257039793
12.658167563455839 20.241924327356625
6.286725562854792 1.8798231245737336
69.09647637881112 168.28232614995596
inf inf
inf inf
inf inf
1.8037007314596865 9.080511323552653
28.024730190892015 13.26609176256649
17.023802137582194 161.65178885201746
80.76310442227457 171.40379400014353
7.350979216810844 17.791648782923104
17.036158293734246 29.553432281377027
77.49122595850375 9.088175647095374
59.019570294848904 4.646609628267132
5.367765702885486 1.4990335741562033
39.078864764764624 118.3857155088596
86.1437565912292 108.03735753141315
51.2394379365671 151.16028330679265
3.2065864016940204 0.6841619378751056
61.81977537343167 5.104574855315404
15.420675432506599 11.001805632975946
11.494404144600892 0.7693623296900125
49.4898407164408 6.148081116458069
84.42032802847196 135.1478847656214
56.66677216594387 172.17614543476958
12.633274691453359 0.9479396006113704
43.518771129478324 54.01138971272404
35.183662466307766 18.22550378409732
50.526172097899604 113.99129405702077
20.327949140652287 162.15707437913838
9.938829077642806 5.141382741484868
3.0309300606928793 2.0108987838647647
11.069302900407052 66.03830878278175
26.25217679913312 6.299344959207214
36.2568555190808 70.08607096371982
64.9835873491901 166.46283553457764
6.536397106918651 2.367433393255943
4.622352729019122 1.7380133234361743
8.480343039895013 1.5936008483683397
4.82237601834802 0.8288741962243752
2.4708499301055533 0.7888061554338913
15.748989210781872 146.59703064369734
66.50200843720452 16.706746333775165
5.963818968853307 2.199995466819274
49.69537900851381 121.81846837162611
3.0975485301113825 5.319252779299893
0.961032615488738 3.6002862895971295
2.536096641921915 2.4248083728816936
78.07216097619707 42.74632336602302
55.123016013018415 124.34137620856657
1.31026816378138 0.4453993428386793
18.23410086311015 2.734686884531852
45.48605862608849 6.9440266347042305
75.8012346330115 3.147458450175684
42.86192835259702 2.385576003891907
3.126500203233728 3.7794029475715964
3.6066414528439266 2.210490851185271
11.809513351975866 3.707503796498226
15.556097751863978 1.987100378483576
9.436330678300875 2.7431200337471626
0.9507761111277447 0.8631648174655738
3.6649029239935866 3.498467513791593
10.987557904693322 5.502898031532007
8.478181476350242 3.0813777167431406
51.42405714053037 27.71065838665934
67.67843274173613 3.93749967509967
56.52039396403633 159.07509221350242
35.228375787762914 16.890991803409587
53.60419406667 22.17492946262088
17.74784553519879 1.3393501000173451
3.6091288139283404 1.6145880199042637
8.460339960668303 1.8780700460023423
47.37127178863789 172.5447917566844
11.788277087904595 4.3806527343307655
11.63311569871965 176.84928737517833
26.87287743465619 41.96354689376013
86.84648691534275 66.99312182073488
13.613953024475725 5.600834109623499
2.6025977700781455 2.9387579538480004
2.589460513085957 1.4782795014366605
13.176310996718835 5.187051203667836
78.13161242468759 75.922295891558
63.41009424532821 103.80420254909694
83.18330917071076 7.821565108682952
72.88431656600257 76.96092509148212
1.3467273603348515 0.7209511356788245
83.23615763102767 13.9166021791484
4.872663227373388 0.9395882859147403
18.23560609365568 165.00227950368864
55.261441362536125 148.6361457263188
82.5323804041319 104.79087051459655
77.02217107413982 157.84707656491258
85.28809029504104 40.223931875177996
79.46790328463433 20.650613324582707
80.19272827745732 21.736465812772884
5.27452958271362 0.5768962362074062
23.15981984750224 14.531874144443274
6.018773635662837 2.5342383772798915
81.38936968009848 158.54930946625385
13.406212376149893 1.2660262859476688
8.825052249843335 9.911883261440337
13.930653348103283 12.154988005716191
5.2231329980107075 1.4917948044866316
14.4399350289069 1.1688244430243224
2.4870005412187255 0.8400058560681151
3.095942766544026 0.4705437578629046
33.306616897184625 136.0138190314974
38.32609501941721 4.5019324417413955
1.9175013077055356 2.5492419200472702
15.308669846064747 4.522905353239433
4.743737100472302 1.8382741710414852
4.069712452792372 0.7903930050071359
22.95415978014162 106.0749309060198
10.61492902509766 11.02334396604189
74.81645495515555 116.66838515794436
65.00994635583487 148.83714602099957
55.584584798974056 2.381958879394955
44.35590399943164 124.33543761408994
83.57898950596746 136.51362326139295
38.59689501425863 81.82463866805459
53.8013345657241 38.549018096740895
52.86910764529401 140.5973637319045
57.88600013767959 103.18233330939607
88.35486453020195 13.679654348469805
63.87182864549565 155.1086874698294
4.671904572861664 1.687333184155561
43.36351425861139 137.50371862233456
4.129777788813615 0.6196326235956021
78.32380163954444 129.15303288982588
88.85264628027394 145.00800971848693
67.94470633826406 115.00341510743401
66.23209132924373 137.32138513663327
43.92330494796507 172.24349361789092
5.159493513518835 1.7842098591817699
66.49867027864127 126.83334551287543
60.62641249189487 125.82695251925112
3.158392153424227 0.9895575972873955
47.5379722632608 103.54060829644376
66.12340064224223 70.72568925216608
87.92500045336027 153.01850494195216
68.19749591793877 151.39577518753762
36.14141275184153 2.7550244011158114
72.93481971868448 87.9092712794327
78.56232653953515 36.421374895004654
83.27170107884287 64.6602434015455
47.45305208155711 123.49685750077857
31.1539361750933 44.55805850944886
57.02651380616302 8.298528689802199
70.7586184028475 123.14352348241538
57.14681456594908 76.09915832392261
81.76513794044136 97.64529403239985
80.13817063644838 43.355225519746625
84.71869259441411 152.27817147519582
11.100063919752465 2.052894597892935
85.21080300294277 150.9691223409438
2.172470830151425 0.8565346605392413
30.1132053570213 1.7435237980107903
6.797112978858514 1.3829311708910388
29.299091259129842 1.2520529479154952
11.82179142043853 162.17431978435954
86.5429046897892 156.37657030497485
76.04459240959243 175.6676022512092
35.235609874332475 10.473734711998453
38.95809837207913 148.95156809300863
69.79020040607749 75.99125710300495
29.72552513745183 16.03220190224096
5.4597184910942635 2.1459373746112322
45.05201014641753 11.460490869276708
37.041204780284765 7.036447776754016
47.228928043042345 18.771437090829526
9.7460528254437 1.7252379570430991
31.380737295923065 28.94004913935689
4.734107913470505 1.597629308738729
1.7695164171427358 2.611898047935406
41.667481028830935 86.59052555373925
9.00545428856061 2.6376956898014723
11.549891873330163 1.65823396076545
24.7273781809291 13.251444210380724
13.749167126172638 4.219031741903261
81.41671756565182 35.43938501726472
88.67383642240769 4.276521872272021
26.655844296083178 24.978216564651433
56.75108548658919 132.9385458903977
6.261728932475409 2.3166090128206402
0.6701103314084503 2.354479166470306
17.48436326648071 2.113741415994101
6.469271256480213 1.511780408340243
27.938152993803836 128.84799053529858
37.61239760200447 14.971776823657576
23.884795213988752 26.686242173744773
4.67215424209884 0.3342231632424612
5.946242319289337 1.2397494194485859
4.183506738754049 1.139848351483414
3.7624154148267808 0.5516111086371036
15.49421740966853 1.7532139988301871
5.314277284555323 1.1237744574999966
2.932234375381522 0.9446757867793695
3.1784705423667683 0.5986817719352658
4.343117004963209 1.0993415931958848
33.17872105925713 10.977140062255598
10.427646092633305 2.6063616882941263
2.5330810205663847 1.4816570959479687
27.925978742884343 10.863777063785992
3.0762397548104827 0.30601343931346564
4.191090466241394 0.8846083995822275
2.3979576402992153 1.0627269593727675
25.697224266805065 2.1739284760977755
15.005493468320465 3.4934741919338816
12.504446896498298 5.657459547293474
10.92072565016677 2.211962077837691
5.692607128986544 1.6997284380369173
7.878626998900741 0.4252468486852773
3.4540427414589647 1.797914132448412
8.074203896150436 2.4587127212170343
9.019292728493891 1.0507013860118486
19.332323826034063 0.8178920317513924
50.14814163159037 12.24237142880816
17.31509728041286 1.3296627038558344
50.35811385042848 156.7837344558489
inf inf
76.00607293961862 176.28940712538872
73.12472948104093 178.03926387823876
68.02076356457236 131.98902650860327
80.9695879077218 110.5287186249617
86.19989617973658 87.24632931387485
67.686932481216 117.5881061977806
80.76746437215823 95.74338053431046
58.42784600606781 122.34567316104119
77.64920112442223 170.57963205843095
3.122893794532462 3.8749680486293014
63.39001650296085 46.67198253697663
11.878618236980177 170.8853506116005
60.58382153697215 168.47164510685525
5.409847102615517 3.07180166425559
73.2825832496761 89.64390344314045
61.13488352104527 7.369080647140181
45.03211834930332 121.29187863157318
75.69009619384371 140.12682699623832
61.539839507398774 159.4027255048726
42.533766785010286 168.65271168525084
56.09332246707795 175.97413672723124
69.80977558614119 23.321531725517367
81.45113440152934 37.76081116800789
85.37866606284851 179.38369507862228
3.2736543672264613 1.5562993806083845
75.64634535932532 138.84991932004215
68.95617923208272 8.693767784391323
65.05761304890382 18.298315444045276
14.747011046388337 5.040531550129566
88.44083069995504 135.53398261187488
35.11631352176274 73.90185981200646
31.13842900472881 0.4752791634730112
13.923200497463911 1.8157814530815826
3.568697516126144 1.4265473968294102
69.11619461891908 107.77584605220254
84.36042226300914 4.958250019633769
30.181047585539282 11.546718300665907
77.69960617100388 174.22098683106694
12.22675161233323 0.5775423042947969
22.349635492487902 3.8032430024771364
inf inf
7.841455125632239 2.367899870648449
2.562041477241845 0.9548724751157823
20.335344997596273 3.7154860711222226
9.045225263343257 2.694173481986401
15.352318106105576 8.284785381514798
75.94117766554625 168.87113529023722
83.25796248211222 160.38351235762633
7.05054618678939 0.6915536185484593
17.645672722031506 2.355198570296822
38.47070534754468 5.8447482235646575
12.99818568109584 1.4543395412196762
39.03731358880905 2.4987987441341724
86.29811879019256 16.64293281236952
82.51230727080012 20.176862950324384
57.46043532012085 61.25562710068069
inf inf
inf inf
83.12788968107537 23.10819914020593
39.954187542606746 86.61029442370915
88.72058331188683 37.47495199618942
57.34937435956845 117.47336829724478
77.2818437476705 122.92727457159506
80.68209064893502 108.08315579483728
inf inf
54.68688427433905 28.43083777554428
33.75607170256444 154.11079837996252
27.840799469677837 2.6386023462754458
25.569441678190127 31.440418206853114
82.72489197706261 150.9044616004263
inf inf
26.969351012906767 48.47148959723019
51.51026950120871 128.1371205781407
9.043354245545487 126.58909383779503
80.73610712865494 179.06977740640912
74.34738794456212 159.77165969881094
inf inf
50.45638344595238 153.90828447178853
17.526439883731744 68.74251223880417
26.137108966799524 31.375975602939977
16.98219046025506 84.05126535143478
28.0793280448755 52.70588062752353
inf inf
39.32097452641554 142.75079623861902
15.90147043298252 14.699671759027808
11.650073846641275 12.274434757055408
