2.1890111463702944 0.5490881339493279
5.1260577120934485 2.809857127444053
4.56278827442934 1.4961282426333171
2.625809300147031 2.2641810754383283
1.956547582362676 0.5339755389727153
10.905367450502581 53.989764936978524
10.742284858180634 2.939244609988683
1.6918549754971228 2.513147102847962
1.1091364420833707 2.919460999072535
1.2399916154435653 3.2901896011441334
3.656455697171686 0.4881238535173516
51.5533805924203 83.0290797939164
10.710098596294008 1.5271552927233205
2.1950070917075704 0.16805633673557593
51.47100774778335 31.111166390602378
73.4232447075722 142.5457067821943
53.92038425407911 16.134240219127797
55.46219039166479 6.467801574237275
23.482613862390668 6.507980596712639
62.95367945535906 43.58616103337326
66.7446104707329 11.35449018765972
87.65510048596519 2.639659019622139
2.093817070618779 1.1779656554595872
2.1829686189282023 0.34607227261061213
7.364634035868848 0.7883462073056882
6.576870709131363 0.6827566206547242
27.949067863120263 3.120936811611499
65.6532359160312 4.80836357003514
58.80826962579919 1.0123504607050111
14.416291059379274 4.168288453856515
7.0896847409138095 0.6830393981400578
6.878345570801333 0.8607245628435745
6.625275125570472 1.4310533114397423
3.4927929075850668 1.0956909966832906
0.71956621214872 0.493579910929283
0.7138229147472926 0.5177538181873036
28.869091168894144 32.96385951239618
1.6278644326929732 0.9593337307724124
6.877285278125794 3.8545445738720745
69.970220902639 12.945772574208728
3.3530171319203554 0.9892163499865516
62.56295191141865 46.124307749880884
7.703609056793431 0.37712462938126545
35.15887400191386 34.253343483378046
11.696408452527601 0.9815764553796208
9.672421868458091 5.111688789782312
5.647701533284706 1.808452442508702
4.1069811499341995 15.954445669816785
23.5073772255896 39.91998326374644
58.28845881541191 31.15419069161064
49.775979327569296 171.74764600318727
67.96824916270408 138.59045377621038
30.643037024309447 45.0039379273549
87.2694262819138 145.33328825523677
18.919477009526094 23.75807036566235
19.54159004193428 5.688351174336168
26.740256659498254 4.745472775916664
31.25136808108755 5.8747315193269465
38.2540124952408 3.5049271366868915
2.6330452754458995 0.6663579239026165
10.601299936421878 8.742014917800315
88.74019768805596 45.717895668592966
44.705230423268546 12.763374970407801
65.47439869113468 46.80834718617844
82.81862333287388 16.89214873157312
34.118638430915325 93.39606759819517
62.562815632650384 59.55924834756678
67.85520110292391 25.395396213623407
53.3957665181684 59.44554657726397
68.84684198149547 59.813794432409544
3.828764781043597 0.34705938492484517
43.92239980852466 14.776357827538854
4.703021541998796 1.8947743630006175
49.750815221213344 51.21061369731175
84.33027851534636 26.6382553909445
47.244591129028315 16.296408311757443
29.07846458057907 34.57119416508414
5.070084433091822 2.1160012703755027
23.001903338106093 15.215960608169235
82.23228020092245 66.01525299054788
2.4286942601932076 1.250251166905906
82.67806642940653 63.04775148058572
3.3486497326651063 1.430580161255215
0.3879631271580858 0.5759886160712605
14.82053607861243 5.5852208343470515
34.05471894008929 7.386433302042695
55.30517249085674 2.585677235213843
4.565315095563256 1.8004947140168972
21.092727951010517 8.384177589602581
44.65714328991061 13.966224454405635
53.517253447725565 116.01214481332856
75.79397909277321 27.017357657133715
70.80231191122377 94.9909097991219
78.42905373026778 101.28378181757326
89.41077744637575 35.27808777493958
28.58195361247034 11.65353082705393
59.85507582486707 36.69017787480412
36.198340484771386 13.455975798689716
8.404617344857865 1.0238504726296545
54.822815072612386 120.36854101401197
13.734125077004308 66.3824395538462
1.7781341518854465 0.6244593990156085
76.01274786570968 61.20665638367733
11.060215343374095 2.945549026707067
83.74962970893466 2.9179873399400686
5.08200493765481 1.2455031075818674
46.865245002235014 21.11585403123401
25.106192333439093 32.98637141292938
46.00686471497417 60.22275633066462
2.8457140413127036 60.069917350543506
5.740021318098251 7.595207969725912
72.99792838337393 14.679594870357667
33.83093151406564 59.49862758961561
75.08523717908399 38.34290166856418
81.27828476430048 114.66939374671486
85.15949229350957 69.70685808102289
53.845924548569755 79.4728642975819
36.52016582358098 9.247286300278613
33.59367205983555 41.61129635860803
65.69019082978569 152.7832743692828
49.11772414263597 9.019620350244896
33.750782375850505 16.345111594664573
5.570320140902901 1.536579546401824
77.43500251072462 71.65437394448155
11.297753654832839 2.6633782118529585
86.92788918909686 17.80769882569927
4.3800333037907535 38.671810817476846
31.27281519914115 60.232579189111135
10.784063432004189 85.96471505931584
82.7408512261066 8.202043159312456
67.75498375831766 18.697336271454045
81.68405925982088 31.125458578616065
40.85906784154042 22.007004749918135
46.46049303176659 2.215985519506871
81.18242531551222 7.161854750676581
16.9835969784605 3.7583540416864047
89.48482738363025 62.448374348552754
32.68545036634674 17.883137505889543
58.82724240400982 25.655166167399514
78.16075379329428 30.774389352884803
8.337773482136269 1.3457856638855972
0.7769571139965031 0.2539129469122229
2.1768517751649523 0.6672171003881667
18.629856548545845 3.2543068861138966
12.064019306824104 1.3148571555378448
21.85699473752274 6.726439901092256
3.1886162747934557 0.3105342250531066
25.22635616862722 4.629786281320746
9.54740951082635 0.5398088677850066
43.900561308653266 37.97619513676782
2.715929553076644 0.9752602414437145
70.68234148309551 30.190359645408982
2.0602612923445838 1.0725714211206894
13.28171753898263 0.36343943128260403
6.7134606821613065 2.686128939917566
5.995444488643614 0.702367671862932
14.243106735990425 6.69924872499924
14.442811317681134 142.95701283177132
36.12985315612136 101.64787897880906
25.807583429790192 1.6231620126762474
0.7933109673600914 0.5092241973742008
84.92138064175029 13.44442596919654
31.456492517109375 2.6236945405701286
12.010750188922367 1.9272861457672148
14.44807847430655 0.4345433471108664
78.59787865617372 32.485542821694246
48.6266281598096 23.137837484595746
84.81519185965632 23.1455033583172
78.60023219538166 30.82690537461937
55.45436795239118 55.18865999464747
69.154530439443 3.4118038199365737
66.49412730257677 60.03007747007454
17.880362507745048 26.48966903412376
28.797188612940744 20.31438931628639
34.84851972681213 23.45970123521575
2.8225135523689517 0.7598087898307274
55.72785262569495 61.268830691528215
47.58071970203048 70.88960267758434
43.52880367894849 22.52680325130931
89.9311420853934 49.869233563736344
16.839732293760413 1.3652235220669235
10.903257793385093 3.1453224142084837
5.99606923216691 1.611765508640999
4.114517338439456 0.7604975932029628
87.74039672226382 6.95819554991498
55.83598792278049 79.10756855313531
67.22912452591291 9.240363571403227
84.68199681440456 30.825792248562593
28.224018525465016 1.8961953235901041
1.772333645596966 0.6397695107618955
88.34647889644765 50.86867070493858
4.423181787536957 1.582748953725157
83.87574954322092 69.81900136006185
1.3039926518047114 0.32978326652135176
73.72669349789119 8.667280539171735
85.0550423828448 10.84927442300984
33.732471635471896 14.64575662516385
40.12568963352423 9.217107681353658
63.43211400628245 27.87919038659577
83.31795646669767 44.51753661903302
32.117594411445204 66.90882114845394
21.55594448908593 7.747613238700999
58.837624366885194 22.290429290228655
30.373770639590127 15.188444553484262
44.435800341437385 158.79000160459933
24.307896770540385 4.766065361538015
85.70558345981449 148.64566987349556
74.0715382990946 35.62428955474077
16.161049992334878 88.98236278352832
37.33307375592065 134.91963549030962
67.70384390896768 173.99246523273914
5.801887943400633 2.7571015255668616
47.64249397834836 57.53999521818711
29.898228074267468 14.105266982085395
30.34304264497914 20.090628909518983
29.98117940248083 9.390229693751877
52.106687931317424 99.70278071087763
15.19784941998244 30.162686028790628
42.600753086025264 81.40020073157679
66.61614501834276 40.17679164709423
63.268814749162814 143.55263282729865
65.21525583250401 21.650529564697834
70.60372814350558 20.32751274351953
87.73423075136209 55.125209663651404
77.66510201821617 34.470004834225264
0.8907646849586427 0.851147047524135
3.598724195143274 0.9701421758556941
23.276649386913643 34.812199613520875
2.805416150463437 1.325547496429746
13.03505400608683 8.392835057352492
63.889498484474196 9.21236340427503
43.776295062303156 2.6347236387733157
47.94192615462853 7.835722691494333
82.68643880801737 36.00361593966398
1.5062457991500506 0.2038228472466915
3.789261209372355 1.03878703712249
17.460815051878203 1.3329037044730032
83.92223588474332 2.0472393582160318
77.6408596747295 15.804549729704366
7.495935276296009 2.4006909720898415
5.954928245118736 2.8781781450942634
6.593516807308726 0.7048200657294648
34.252302407891 5.151722695979291
80.73387388792796 6.623881719702209
8.934534736654031 0.8443737210234453
3.603256938212949 1.4013675368959035
70.78629613431816 36.71359160487805
52.547652365898344 20.55645945996755
7.8050150516823456 2.321918579768729
11.361768535505819 2.9396147802080717
24.238161405018772 10.138086911312646
43.53499958388122 72.46033603888193
86.03017560094051 40.07798427750612
89.26989457794365 38.3653215611571
6.224584237284766 1.3612179046565664
80.23431300792559 57.639494277167856
40.459315258493746 122.92990525419323
86.66908318129548 36.623758110263125
65.30159959819282 53.06690948405972
4.0743977129600255 1.573555536470316
58.35619340058918 10.245045965050995
23.10937516990765 101.10918164218022
32.591767961802596 90.16348501088605
5.425689225888198 1.6233206881367876
51.27934702828031 37.54956943133332
2.2991090099185647 0.6337575774979685
17.219287005635238 111.72589494863203
42.02771154609355 19.862864001941944
1.4498544028321618 0.8097838391664158
0.9962383510603331 0.6220885304478436
64.5933108440586 9.689048165354805
88.81608657005152 29.06271100964829
85.19519387928614 27.781793660773232
49.01857244369011 9.471014685722762
53.694028805289136 65.80924231762671
58.52143680731333 15.503103097270806
83.74956392856951 49.63755864538526
5.721876658911511 10.22132150536445
36.965273738028166 1.7811168625470961
78.06938972451927 145.41364342673822
12.639302139910164 3.1367770993747084
74.02437593636998 23.68602563311816
43.88079033221569 76.52107086389543
71.35737149007521 96.54832564554579
26.322321393482717 96.45451030422767
66.87755636218299 109.61081512868435
56.55692904107512 42.34513676796637
28.604546368906995 58.10123729224759
77.14982457743311 96.99142381037261
46.89203669500315 58.855661919162564
78.13654454690717 51.77780751055277
75.73778481236114 92.47846795835977
47.22982879805136 34.578377039428965
0.38096017023102036 0.7120212572645499
25.56864789310592 86.391591054586
77.21462349188917 66.15964611550375
17.999810224246662 2.3549731727170076
24.212501018164676 5.650432073280288
50.2591110818573 1.7327959473920889
57.339376569235064 61.27567587659398
27.29581129315389 117.78326672484184
35.71725930516794 126.58568339208998
53.227204928637775 70.0538641535727
50.76901214550915 81.02626334853767
60.65546431699426 12.071526593836944
32.12822274467209 78.7713112782961
1.7040310229279385 0.5102966725887101
21.125816402150974 45.53423783289155
39.339512101763106 5.89855295878681
89.51749718734749 74.59245304967497
4.683634554845279 0.9792706465762322
77.70801172435587 46.188678689192095
41.47505315015131 23.804961473460427
30.407512400265695 63.275113179675394
40.929657747415334 10.546531781108444
36.27908613361197 93.16223554513837
47.23548259274652 27.154656395821114
9.138378030616973 4.070666169965162
75.90378718634013 27.25932185583174
24.572662922107867 16.8144180248121
24.138632401964415 1.377398938150254
80.68987524555267 22.501132340895545
48.07033622591783 14.513779670749775
78.80238133806591 5.300813450084932
7.56733514279371 1.0471842904789117
83.8561045420741 17.217815678223964
76.69281656824896 8.051512660423626
20.742881719023096 21.766126568088396
20.582529981988735 9.606796032287475
47.30182521761813 29.167895873172984
10.788831206730334 1.5431916167065765
45.9567190648458 8.48324012589387
68.7320601635466 12.296980959366826
5.66436528668446 1.5644860292628462
58.205555374817806 130.93702686611726
67.36554268064587 90.7781752644822
11.35835224176382 4.574958082951369
79.76883447352536 82.99718464468037
72.61245861248503 15.083113388269107
71.39817622475336 75.66114495243663
49.04273220362463 48.803938334076726
24.90054182314588 21.15524132276502
79.30384539036874 7.7724465835834025
73.91365883919981 17.58307291708712
65.68622229294895 46.23759127007543
41.81858326446255 32.64856553648634
27.55611438508958 17.764246712066573
2.9507130478127697 0.5515061596081403
2.373188066062732 1.5465424978904463
7.686322344703555 0.7095931994426111
38.38387724273822 18.691177955618684
10.556548081222996 4.03867655081254
25.06863648284319 43.43417469292133
50.71513960843978 135.50289306459214
44.02949844592996 38.65804456865183
11.266817430243247 0.7420719969770138
68.24561155457394 37.75744949854163
89.62290773891377 14.044864985931651
64.84737752686473 7.625810442078595
19.998376594976996 1.4100466456751717
65.45562885612166 81.97643711856303
67.98457457061919 18.837376463378124
79.81985539671722 32.1663367109072
81.069235599237 36.03091277043996
58.07005525202828 80.70650972133944
88.51848335529807 45.73769798158552
73.27581389385678 78.63735225484538
41.83443687446498 30.12778200116233
63.90498898770848 48.80975565683633
73.17375010737648 132.53770102871664
3.806183133463881 1.0143136557230554
41.164031159964416 31.243529747637183
80.53429041002431 98.38224860204231
6.2518932101264095 2.294694925349714
71.16433388275566 54.17867386315691
5.361936910966833 1.489908850775938
56.34484610547145 5.759820216901077
89.56004963403076 51.25445639322334
41.89602750913512 12.006139775437562
4.408506855482677 0.5136957647709168
9.938023427491473 2.1361201551925983
25.50258200568603 3.090322698119373
23.687115193540826 13.514683943504197
7.723930782039195 4.648458793553942
9.614520474996072 4.821694460647981
13.08300263853527 4.169643200313535
64.2138387118124 16.60329743812574
23.030497345835162 12.195165977215087
26.21294993210489 26.144592318200136
6.615976656181278 0.5432710879793095
86.35034891960689 45.6027109945301
40.34169080412436 13.248913864456751
36.264518631953464 24.900290112387943
79.79845987861133 110.8856228941394
84.12622413477729 37.71312576977501
22.29054122355358 12.888095000922643
77.92803911216724 13.21653833264843
12.875616850663176 2.9688126371216277
45.96626837615017 70.79051561174735
0.9350620058440211 2.5293182949422963
12.406342256711676 1.2864172041757542
43.45733998360129 25.933837987119414
24.569674304324646 7.764349513827987
48.88714656506761 12.604323735424561
82.48567358819494 21.49056084442902
2.3581118392292177 2.1486556943338555
54.79108127963202 155.562380505254
74.23291300058487 36.70933644821122
19.54253256393271 51.3023253618093
74.8461131488714 39.11393651380218
13.694419375573375 3.5879257007579546
52.48085429223676 53.17655572191755
5.3109750376231375 65.7470600326405
79.97135672742375 17.336115176185725
10.706414700074106 81.07910689419039
60.47033693305153 33.939951790239924
37.31891577777651 68.27878370879381
52.53359084093115 10.727869251996223
25.874730486651373 40.83438358198964
26.600345971658257 11.710314629763682
40.098715371288314 4.970882861214239
12.553818787848341 3.006759692242919
30.776254812378227 72.42748603620996
59.09169251728606 13.511709698266433
39.14661963813713 7.458828335819232
59.898357801199765 11.61694049184424
84.11868848095475 10.439610784716134
78.57226004855504 23.13113478684778
54.16224483232726 109.28198027020645
85.312551217916 19.850158336590315
27.092298279774297 62.71382471752025
54.75766832210522 17.248774680632774
19.958529048420047 65.24988570918099
57.378089413242066 58.15810377729101
35.01675271454985 54.999130048407245
88.00284880689456 79.96011744543456
7.168938630345944 0.9629392627964394
55.432433626712495 108.6975214984354
2.8523563854196645 2.4250335460499617
3.720582869769812 8.875876868535027
80.91251349613367 59.758513007322584
8.768522777595173 4.240763239137983
0.6833209284392573 0.4028181822796621
42.27333571583528 19.08299612771169
14.919328468643641 27.423871998983483
71.65500501396185 54.03262063092392
45.893439391537356 25.815345365593807
79.29632081373177 73.40053795799274
41.607631551129415 87.05621244479629
26.762492693586193 51.83060850877218
55.1025327979605 14.064411458026765
20.597935107049928 39.95355402625643
43.53182228718322 57.03826522912622
86.11478995943224 36.22925332248739
80.93916535754138 23.433099464832367
85.14752866317114 16.858702052349322
71.8372094911941 32.7107433637415
55.022798067376115 44.42695673472337
69.78206544443346 39.43149411102731
84.84965639065479 23.971755970191484
68.6430834995803 45.42005084918317
77.08146496396603 45.3827438315383
8.641997823437924 10.352982827044913
44.334219189348914 63.16559998040307
3.150217216896122 0.7298729863622823
11.750850020596078 0.28036603642690117
28.94841070720841 71.56663252876436
64.34786698557734 43.812226787457554
59.19424574821009 26.206055963718466
0.8258753128582952 0.2823657921346429
3.104842784649992 0.9577269436145049
88.10276764887728 166.50966127305938
9.628599338666456 1.1155652995766907
73.87783002823592 15.21626966413739
5.838606239604744 2.8905818064342146
84.6221298084716 59.25745636273849
70.39505740759142 38.21775104058412
33.52817170570824 30.49165048976615
81.08663992228824 46.02242903841508
20.5767752982162 7.468605152518569
11.427209400727776 66.27219871344933
13.995756743730567 6.637536285986557
15.765541765127578 4.180013371360238
9.266908550142112 3.9755113940026714
47.84702805402182 13.32562944627596
64.52716328493244 61.31044118145202
1.3269643681524663 0.8027700584963047
1.7245491508319954 0.6003721435692472
19.51990927250866 1.4152484535991412
30.303193328637036 18.663280433767913
23.149581481872943 6.338583045013475
24.51276098979106 13.615340393356894
2.5240971172624818 0.6720788261624249
14.410378326292157 2.9404622959342626
13.568292868001226 1.0966842985636776
89.81164562760121 172.89726853992374
29.274416146698123 18.936425126000618
1.1618387136869506 0.5864178580959337
82.75140314171783 85.33118785942774
51.083395310580045 125.76889955119405
66.8590866386143 174.76690902921374
72.5828159431165 111.5147356179342
34.382165795063216 40.6854585461603
38.4680303555476 106.0038508628758
36.08326472592378 81.06482701861209
72.34618112178298 44.814247668399595
86.90316379048038 27.461529101235957
55.76320480383487 6.2279049726050175
59.33717403557342 32.91494160790265
1.5901210731489177 0.9864779368695294
4.502233666667999 12.909601189471058
19.83614438765582 85.70800083098723
58.05983066606157 106.02795785471774
52.71022223647937 2.5612756439923614
70.11460693762056 20.792174105880925
34.51581120644546 12.966709601017856
66.25589372108313 123.0180715840624
72.8797863846964 143.36410929315008
57.10980142592111 17.3679027931688
21.79690983994911 36.920891184063564
20.88188443213947 44.241232834301826
58.790149746079976 51.838589624380326
49.1443394462937 64.586703072221
4.06781836966592 1.3621237521425804
68.97614822579911 16.06308464076276
3.4819368651690303 0.7618890592747656
39.10435088385054 84.79382575798161
78.09914424439776 31.276682950317237
17.704343882739835 6.609016701002532
2.453538758679275 1.1429821692444921
24.909907286364554 7.374962968349374
32.1986640610683 9.661594665528419
18.3950356246468 3.2652246841865202
34.43231267403095 52.36130644863864
7.385006126004178 1.7289654802268417
42.325685903252165 31.345600824950694
41.049717280887755 49.277209980936675
3.2673128552171953 3.0452100301509613
16.729138226970633 116.03144640226034
55.367260131903905 83.77968838488215
88.58679397838692 165.55726829410023
40.35220504340158 20.699881066896516
70.93710675217045 178.07381164375593
5.230732170659459 5.709060749538199
8.761977456177567 8.656355293915984
3.1005010264892396 27.052380995583164
8.120623853566867 0.6946664823965814
2.903974375152277 0.7863145133038445
4.912378907663922 2.9548605066571243
29.14966114967989 20.19176112815447
1.8797690931614195 0.7213323236494663
11.66998981838967 3.1556251760476677
28.18041711672034 5.424034105850155
87.76098274136547 99.42434624511323
11.577220388731613 2.1103229986645875
87.70480284822054 175.56016556489854
40.81971189423601 84.58813805490776
36.99088269879985 89.81359477800886
75.9097371884108 131.53051982250287
47.934223856113 36.65777137532174
56.34682493729254 39.74967761215553
74.54204243850235 57.9943903231678
28.738909187176645 153.57277817395553
28.970780982604733 1.6506152698932204
87.97790422719427 78.42158256651753
55.90721723618827 43.39141756986101
55.507789940980246 102.0083536970463
33.11356719843723 46.70477501442606
9.172775194851967 0.7001949425084074
13.979800537166458 1.5849935972219176
2.3959699771757648 1.4352786719924044
11.651047858725823 3.105752768020452
2.477869790711156 2.63810562838276
3.760174499061034 1.4734705332103688
39.38472559096178 80.46193540709027
89.48709560517736 57.78695599877718
27.91471701813663 1.538103346166765
4.563359365854982 1.1413490733173906
43.907874302073395 140.149829680129
57.79138310445876 143.70739935804585
2.1304177540453444 0.8797674778660817
0.48459110559039426 1.0844302615262043
1.956845856073229 0.6147394360301217
4.845054539826725 2.7118842269685577
28.146444638092248 93.65488994022455
0.813652427575756 1.1124182007213044
64.57976568164477 8.038437205464222
82.08254460908874 79.96418636556572
63.90752116774367 165.9037095642408
11.450743130146646 11.930435896536158
53.65907144277637 33.850482069959504
11.805146351581625 5.5743199464798705
25.800862221432368 131.72878190307026
27.390814647322117 142.9427651028751
79.09621015918242 63.59368306345499
67.93935753953252 71.25895802957322
49.65446398906842 35.6197993216571
72.05127169377623 64.86287220399807
36.248140233452176 4.115653947736549
55.25448643695542 44.78112071836818
66.34441556995775 161.78119811036314
47.15469533278959 27.331367009313364
34.81135079092766 137.96185403264406
66.32590548292644 147.89143146226772
89.53638932053963 23.6927001251188
41.92965082169122 36.33060123098807
9.427315074871991 7.727759151781766
45.13823124808363 133.97998636280357
9.565505554783613 1.6756264910334737
81.65353530788587 133.78864942175997
41.94307231148238 69.0893293741597
62.8867320653184 83.12813746122318
7.321313216005832 0.702638505892868
72.04679640655449 76.83596716928025
6.601919494279092 2.2296375474123646
14.664811486160033 58.6641978251603
51.30368846037303 71.28810590406714
78.70368568078494 136.8034053473839
43.71295283415883 41.65235971494626
64.64631490871469 82.39791459304524
30.096548752255988 39.95045893685311
53.67970674264864 2.802055918842772
77.4912821720318 153.62951320325988
51.54988562852952 16.370723977075077
49.44072672434965 32.82429937412079
74.53154841420641 175.50710094967872
8.73917717638001 2.9151151533175734
44.15433406007682 94.84247753952536
40.80022049006461 15.073698868912889
5.123814389153708 67.7827310809746
30.667854307797562 10.966838583130459
1.9344800920411909 0.6245631998561642
8.016587297728663 0.3800548778232557
89.37745436787864 88.76284000338973
59.933375765211565 94.13591183201171
0.9526529474804393 0.41950775380344213
6.342895522253459 4.737446987265506
6.905647868472837 1.398839052039434
79.13150062542265 163.80857290678813
70.2094912308144 3.617435947281128
10.812411561575601 56.16224767068513
28.949780319285175 60.35279903186247
88.65616138198298 69.91341262049491
21.151736432014037 6.6650878625305605
35.86766015766973 85.27918763784653
27.828159603051475 59.624843488487926
1.1749518257279858 1.4235461876407332
43.54563191812013 23.50823017615955
4.044911613836624 1.912805222183183
2.66075712079704 0.6792747502047247
74.51814696919988 48.32770529996686
84.49166234865027 44.57672444346326
78.24427693201882 40.14110472789084
89.92527587923402 20.414081924595767
47.83788509903192 41.64825459608939
4.6232472498356545 1.2138174555776395
84.26717998995765 121.57161897704883
74.86750756355086 95.88689267557004
9.084111126796717 1.4205921104045045
33.59153887466911 17.1046564957697
41.584316582045915 101.084518126284
16.50782834462555 83.32856677387078
67.20933497262615 54.15690054134168
35.59600878455963 123.12370189247584
74.1617738958861 83.67975046883367
53.750677083742836 36.99301742181015
52.62739652515198 154.6784949870566
70.03324886639243 127.89579417036228
66.59382727575957 70.1564019662091
49.666278956059216 49.45409648535891
79.1966689835687 44.501031919091254
75.73176942637517 120.45811835507737
27.5447434902788 0.4746711078569073
50.67398747998507 31.687432609041846
22.341037376085325 37.61973053074208
30.23408054667142 64.48004808960071
72.25950630783898 41.14692550358501
80.21573146541256 15.485546895917954
39.626920114721884 62.40631951513237
7.964291704802763 3.238832567762579
82.73222365067438 23.535663595202017
24.853247879756736 6.4409161498926535
85.04747081717763 45.060757712476956
80.24964016002806 154.5653265494711
26.563176203235514 97.7883119289807
12.199994476096833 1.3510239588556219
12.060095391440315 0.6894230983567903
45.83507077959371 119.52753568195585
67.63311593675743 139.22186925558935
28.07006380959364 10.458806895464813
56.19319886665203 45.54916608848202
87.14379096374306 11.32892353089465
47.63342681655625 58.621409275604904
18.503269708192757 8.629376580096501
75.57131062099157 61.65626822722975
2.3336617608346453 4.620558566746583
6.489925663659268 2.222656624680028
10.682404727467626 1.756914307882508
18.887378193375934 5.8819927984582145
61.73222274469187 76.56028083484158
64.96738724561709 35.75615444692819
71.5827332862087 167.59112322601155
5.573788472361248 1.4640024104084555
36.43574368459267 9.627063899550496
59.28601185649181 45.83268914355964
74.95320662847175 32.64966335113527
12.810200542486294 8.391077082261354
3.9511531006231215 1.226669567760828
55.92493741343683 17.660816590297728
62.3074376314253 2.832018549273354
15.536033666933859 2.442885914698993
55.10162307628127 48.92109781338923
18.52052182949007 2.1911127520473315
73.34532029195023 37.039068305856105
72.52573047250728 26.3937602101639
78.87387670399353 29.906529987463575
43.99637711816692 20.418069434031935
0.9799769507585554 0.5084755855421158
6.304147586264088 2.311468710455748
82.83235576549734 6.51649335069676
42.00570761171921 77.04920967961944
11.758214158041552 4.383480653394005
67.40941021163188 87.44921822192659
11.55610819783116 18.357781731612523
10.036480579216057 5.196918042870806
24.383874744797758 6.924253459177495
75.85578483272465 40.50816039751618
84.83813290498622 166.4540738585745
35.74460002264186 72.57094334748251
51.68653079673706 1.888387782636121
89.3029326796126 32.8242935990597
74.48206243301561 72.34459225157626
35.073627788672546 22.382373206500603
23.45768435430714 15.496682687314683
5.472507244524577 0.9216894111247075
1.5884052375235205 1.1464542485505005
26.319615001796695 7.224377143394286
47.761389655355416 11.467568269518067
58.42926289380573 86.3480977372439
0.6957699852542166 0.43388609012343105
53.66863706503965 36.68815482570206
55.68925082036533 30.682116378725123
1.3704086185136994 0.9397081762265622
6.93947446664869 0.4490470524551708
65.58641584675357 31.237542805961066
65.45771503297122 73.57841203512372
1.9673310137421003 0.925556734894418
70.3338652454823 45.42332649671891
1.2584387357903049 0.500533352716755
42.860824923190016 27.19760217652297
7.259395610880588 1.4772587890725934
5.021526383878205 2.3601811934588444
60.29862476669117 17.29726940314344
83.28334842615828 122.1707701152702
39.26386284649746 20.909161377862375
4.530573869520869 4.865041512903501
2.934320621297664 0.26489375017832717
2.147553488843291 2.4359386974551263
8.544937516874832 4.546435010716475
3.473423905249211 0.6745816203627265
18.903586871128663 22.99870911059499
27.801158929769784 2.712292713955123
6.411172221187878 2.519168675650588
43.78227788095893 22.364347337866903
9.839493241677951 1.2616172357234088
6.0315782120997055 1.2595196566700224
6.698061294029532 1.1211000166730931
2.1713243360784475 1.4533406702168483
26.814692401850465 101.99377769013687
7.128784969471157 5.404412642245905
0.9175267795673203 1.6257072952747487
80.70343910870186 40.463665264458555
73.31544036608508 59.695178411822056
6.478150412680662 68.35052403576175
11.771379646674358 6.170288156366965
4.294692194126776 0.5104331884490391
4.202311395541232 1.592420218085478
4.392735780799228 0.8688054312679074
4.154204478165916 1.5413037286380213
54.467847385247126 32.70905631445998
10.798006650747425 12.448917723673219
3.5541112737589664 0.08669723970805714
20.025859667679548 1.8133842265972642
15.737199217808794 1.866188699647746
34.90675530785164 48.072571383010995
10.274396465783258 4.424215221440941
62.14934146411755 24.511449037500675
43.92814750978917 83.70548274932429
78.34172400624112 29.134534025651856
10.380866104505438 5.199946011140674
36.5013469125441 2.8719950169278277
6.158604576072809 1.424738515336689
11.103171472649755 1.1316641446824554
23.27252124271601 43.78643866905177
84.12655686642799 104.80000767133635
73.5889690525103 134.837936406268
12.788247155369222 2.390660874976109
64.20380411623984 8.93927638788835
64.63299694457656 30.837257007995216
5.059414571082302 14.741843771953734
41.02811003491823 19.36864436130339
34.584299389460845 50.21824593178455
1.9966710978600837 3.799851649051157
47.93539956972653 110.180021870444
76.41895916500039 11.632722208347527
74.68739378828946 19.2371825112778
68.50257593322846 7.841407550783242
11.865210174928285 4.047768577532471
2.7667476150091224 0.8565039983238013
82.93194233161077 169.9234779222296
22.115712549248084 4.192907187831569
18.887388344385243 33.939987984108996
49.43435752914485 26.011346585317156
1.4829057435658461 0.2817086193452484
33.660677531828696 141.49831910247477
81.41074207653652 19.623817793076974
59.52993087535021 75.03535664850185
46.34179707317608 3.448750642407918
51.540595384436 91.15519587856636
3.272104812373982 1.1799043113699306
42.64765883408168 50.95076554905129
82.69570094107783 23.029641592453768
33.03002296742997 30.100639663575947
74.53067476389904 29.657355251218497
88.61301469759789 12.273808459108919
6.9237416969973316 1.044907191335457
3.510659505587718 2.1122928142674002
60.650166637653975 42.457875844270504
0.10837606910618679 1.3494844302738802
77.16166184472458 62.768087622790055
1.379331770437101 0.4716674721937702
1.8018817025158307 0.38269117042627776
7.818006860687698 8.570975800254859
4.149725871769121 2.7017453877099413
21.903917352671176 21.68500400343127
1.5888783412632974 0.6079886292584417
16.594221890348987 15.60654253454529
6.118624987616046 1.883475675433159
6.822587524265305 1.9644222708779209
5.119178308081972 1.452127106066414
6.260405846595607 3.6017862687143207
7.540505879032826 2.746710657462358
5.134958087609041 1.4739535334156135
41.548209238175815 41.93780771985081
6.546393327494248 3.192611443573379
5.929433998554304 1.2435518139973396
20.622306315127197 4.156943439199655
7.73924259625518 0.44754037574983635
15.659730497254372 2.6995289380623126
23.751089594117182 15.64316384251902
20.043298529304906 126.04713114058944
2.749979885570276 0.889873869851214
80.32252863057528 48.82977523801422
73.04449022503039 83.51846388780504
3.19052106371411 1.0617589025253344
54.43303991597561 23.130509585018626
89.48829269152769 75.72768436710224
48.36689479671514 32.003511971515245
32.40646929198394 95.53657914234707
54.35218896635864 107.89295821463341
67.69841612507868 30.26667990840004
88.268863542205 17.918972215018723
47.64496849595423 12.234989128013996
1.5261443549910656 1.5661000470532775
31.284172659115185 68.6099108728642
64.4683139751506 26.948966604406884
20.58896209555128 54.08280695417608
83.2332382245306 22.038879761033126
3.573993500129392 1.2807329744260225
13.609347906655188 0.8558364647427833
67.43121004063053 55.307029515507296
84.36400971439346 67.41819627580622
78.75126651040267 49.787314156397485
51.16760752308312 75.56776148084721
27.144147966568568 41.274487314273024
79.56428682906018 57.472045416903946
46.20370532360441 5.6101935349975784
34.069834899410125 46.58225231952072
3.597195093193005 1.831520327205374
39.81370424627993 167.67228024956418
67.9888461389723 68.50886095580374
2.9623496347867477 5.212685140571767
1.0121542307215692 0.29742759221171694
61.709011893332615 18.91236992996095
0.7850411567629428 0.37862641480826414
4.487918882595096 103.13910995938926
35.79901699073559 32.27800682374858
47.537772482774706 7.660179768463817
48.07830346667467 90.40701588275297
48.651789642002484 23.87689251917999
22.84356546848187 1.9030696874064401
25.395703710145508 108.58912912965201
17.620821567294733 27.987764599058536
68.62160790069582 13.250157201274137
71.756320156155 38.131842775734604
8.936891084387542 0.4540389667179295
66.05776327944247 36.06778898249623
15.974739087314136 5.3243447503588905
16.866634807732666 72.55179909920955
4.345710877827525 0.7093730123844328
15.05698441375203 8.36441682846405
51.908025757387776 88.35717486227462
30.794682985380394 40.79874588321968
83.169982186017 17.158201991702352
76.82221199396862 24.86584595291395
82.80133320263745 71.3782557448521
0.9631488434829621 0.9164031302108928
62.16644484798293 10.803311246577604
45.54352720315478 75.22619283925597
39.781533798303656 90.59846380914138
4.305164358094943 1.3465536741188375
47.78931877783492 29.064883043493246
76.3990319935263 46.66893579432012
88.60797510229207 50.72854770485025
10.256236502985443 13.575409323213957
71.79814512769877 177.84669994872542
20.111444547799522 54.275406806424776
64.42257571090887 130.7223458063318
58.246390454509985 39.90802462070487
81.2388540998285 42.21059261893708
59.24499369272785 19.40268487678598
79.99924453566997 5.678268068531475
61.93333168236853 24.3174874946085
82.4982574576151 21.41310246238648
41.75660564707564 11.981780904154467
56.45235331582502 44.573684666689736
34.99185633665465 80.55181938283498
37.15110842853604 53.995289328077995
48.10691162742951 37.15346559032201
38.314587073168184 0.9520327896484263
38.982620551705054 55.62477190006894
17.025775847014728 72.29465078133933
44.80831778139343 10.38852595690071
33.348941646408896 25.585724126240358
51.53680038890961 19.420453782848725
2.421322056199028 5.903435361548117
26.17045874621718 46.447570342477874
87.69738975898798 87.58192855437521
80.54695078444267 12.415453029726235
1.4487351967222821 0.5259346226419784
67.04466626643274 8.17106674510154
52.47144729316891 3.269109194545864
6.399594384963309 1.0685892918900923
85.28691991949682 79.99867164596482
67.36207614857477 63.98219689614638
8.604585252998369 0.8819364281353104
39.62464491718047 32.32741882658166
37.92841803436579 79.22218501472483
9.377230790691765 19.13883070756867
19.227409168477045 37.15509356652537
6.629815009163708 2.6103743047326473
71.3531023817716 24.530036760009406
3.810602870582742 2.140373859436825
3.842291967002394 1.3130763574855728
27.82110841060081 54.77905625718977
2.2443888027125123 1.5395408808496376
10.614355419134785 4.926541932922934
5.569343345627371 1.7592487989854562
5.089177283960309 0.8471713177692107
2.7982665680902543 1.1639333592732204
13.813754168885486 5.423810247788671
24.61878847668737 37.09454342806658
4.021311245974475 1.8337817668472096
54.48695620569181 100.80922580999412
61.41778732291102 2.8832923631030076
62.4586314878721 148.97289598461444
82.02964176055802 50.81231931949498
14.40741609475691 6.46115751097674
32.97658680664005 3.0549170888589194
10.896433840792136 1.0320339076910283
24.95917796288607 1.5201008199278958
4.128996729267669 0.5944822298078222
8.725904677743472 8.033417639517417
78.38489639669072 77.66629089686954
23.995008895904178 3.6116508023521976
38.00970150962331 19.84162960214902
74.9628997198756 34.42608026825126
13.757128976877386 0.95533920345241
47.53158612027616 22.2840057614453
0.7722222582823297 1.2485584628185689
22.485691993051717 7.461736820351702
2.5099464821777637 2.04992390426517
57.422854261645355 40.346954191044475
27.073536017842166 6.704854584717766
25.145038292778302 72.86105027481835
63.10536896048815 41.84986172457582
59.924655710359204 40.22161436913202
24.74083581665218 39.0264878987733
69.54213630736665 39.84776329588378
16.800595668329606 9.105435388265466
0.9854039444826783 1.2099074281430005
3.359516033259205 3.8740531182614704
11.726539591110884 3.8566544849019873
4.510419673321767 0.8566662125881882
41.845191103971246 58.05019328182818
51.12645201810062 56.601625877893994
5.301095480524277 2.451525112710064
7.9421268419117155 51.36871290928725
1.889196344637952 55.059427023599184
7.619751828437984 42.874621520268214
18.373825540430914 55.65641555613529
72.8110044157237 20.332137109932688
39.225186165437066 35.6662230156333
12.870548077532845 34.195859617915
8.596995361495807 1.7812212320501202
61.62352660078245 32.1397056146988
1.5912995077787497 0.2920873745851755
78.67633249937327 64.62104805119132
1.0956723601410618 0.7270291899297545
1.7691116939637763 0.44603044907080985
72.25441685163767 24.63503709756936
66.99568061237703 14.401512824015718
29.47890607659292 100.01323068890902
12.119475709012685 1.101760550148952
7.338895427262018 2.7227508996789562
73.9960142037509 23.035760559077197
78.78264479735556 66.81763083568883
62.96528451034682 42.01789799010432
28.112634989333934 7.349569438484132
35.2713564683792 0.6736176292393459
2.40333022004152 0.65500160616978
0.36928985894520827 0.7995485325262717
44.6320882006504 27.217527415743174
61.788750489280545 9.715394210055809
83.0388670379772 19.936525285799153
37.956102122190266 55.09968424502684
63.46904890508255 16.737258487687512
29.221219114167678 13.908914948467672
20.73133670805749 5.967636527064452
82.89963190229983 48.05034079957594
45.591381633307776 19.23487733589781
77.98288142892227 25.53336122237901
73.73973126163332 173.65683024969064
20.12721735482208 70.33984966180076
40.58043671993107 8.289655559884247
88.70541960094026 4.052580555790616
3.019448449586191 0.9984975690291026
4.679949676506305 1.8260696609468388
15.797846420643111 1.4836494596966787
56.387786976867346 21.00068600385081
8.557897203245961 2.903758672500359
8.286140380073313 4.438779554757739
65.69445922024734 23.82407230777817
61.582871896813074 29.544238772581252
54.2304653141632 41.02566752400432
72.46854032497151 15.725672594846152
35.133906649717716 63.991257255828806
3.4812271893726985 1.6639923511128598
8.74644109611211 4.118009344310112
28.534241552049444 17.132367884075645
2.6440699113535504 0.9562886287559651
50.49852819736147 22.714125445552327
30.256293300327172 35.19980939226909
0.6923131170382962 0.89296273939527
72.37933918972463 118.0962816848861
7.0272018705945145 4.136355508825582
86.2264649690346 25.570197118923677
50.8397512690984 51.42411028161042
48.65220846680124 5.893264827736612
60.590619184285224 96.82773294051383
74.85212957944948 86.25306519682597
61.21924775558172 53.13650906463349
8.678151930750065 1.1095731888277092
57.65128550433036 22.163337286268316
50.468725159584096 118.1359724938158
1.0444162829211132 1.049009366833939
5.532159455007111 6.034870143135843
20.50393895165115 4.473366704739447
6.855418932589944 1.032891301711742
6.7139155613925245 0.6662785578659489
3.204357190194055 1.817074489921538
3.954719125540855 0.6136309101508302
18.393244994691454 1.4503570442097018
69.42353824984245 5.664142054124979
81.8704907660692 2.23842808890171
6.1708092018193765 3.1759910406789955
21.025421772004474 10.969051294488429
19.021721196320563 1.813119021037479
78.31081055508096 82.45614115254294
54.11865059607347 88.98300721618963
29.626102799514015 5.013954366144132
5.303042625874872 1.2712207274891603
10.783758995695965 10.86105343468856
7.9382275789716195 2.426112823701358
12.428848824125016 2.574553829405162
7.836586079451437 2.0896151518896473
56.861669395905125 34.536999914503006
2.0253793255832875 57.817006108885195
12.92034538517035 63.603372256603016
23.71006918601165 49.26947296675918
18.772363497199763 2.176118625054506
42.78086500180501 57.2119055311768
52.39828287737156 16.924296570669895
42.22771953642757 6.361167953238049
5.6142200637470285 6.95936046974008
8.295157840319181 1.2345580075465759
5.83696423725266 1.842978588313135
28.075692991308898 9.735015430873785
71.23884974856546 7.658413950533433
2.3110914869553416 0.8039250146293746
4.01546688871589 3.4850857699624154
6.405485184003555 2.4404241582484683
44.18259212654851 16.573222188045246
5.390825592624739 5.4846751354713135
11.284912537048971 0.8462059756607313
72.27295298749753 97.7391202277835
59.5624860522434 90.00801590560138
7.985514052953709 1.477668874200623
48.743808413071235 68.14948973928192
8.404167380764607 1.940336870595198
30.72129289430356 3.887461910682683
24.97837393558645 0.7896825791323409
0.246235979570405 0.8896306350679926
51.94961605267682 66.28736553212258
31.01549586025548 40.70431596942893
6.200546718696943 0.8392164601122033
12.417594151681158 28.844413592035338
2.3139840357132324 1.7156997775528893
37.813714157888995 16.15221059304958
60.703971096229054 4.720354308616787
76.86862755189856 46.10644949033492
2.3272545492185297 2.459655371176022
0.5761567489133699 1.7854004016369287
27.24036305204758 18.74519479662422
5.447132540314436 1.7906643031344487
2.111333942959164 1.0257277387964634
1.9978019003068306 0.971041448171385
5.917164176787254 3.195664968139453
8.54185639491406 4.290494702771815
8.656750418658566 3.3119516221842815
49.61142939904463 58.31574363429279
45.97314418589565 108.13079278464866
4.122166573151885 2.268931052414196
6.2703996423056765 10.260319050537763
4.3038057371189 21.919311033107714
36.199998417698794 105.5190702733
88.50069307866424 23.533274291446126
12.535563254377024 30.57634863178153
22.930516898768502 1.1829212743738464
7.222925890569663 4.282006964929488
14.345507630089456 31.488877078735765
8.40435290811978 3.223596122878547
5.699816164017671 4.307441035110513
47.49102759254623 44.676777181001675
59.80654177420551 105.40546456750404
2.782399443344268 5.254932494006538
57.336768912167805 8.845202218899527
4.615364414708967 6.730180761240678
3.0840178962338336 5.474390313650475
11.432402056527138 60.75108158362526
3.108280780434536 10.20170005609932
73.13538432094963 40.722887451493854
81.23144746422946 137.81190999242548
9.602683359640235 14.5020690124942
40.63917719591575 70.68831759428068
71.97704349394208 28.96622798668117
62.225885339697015 37.054548577551074
66.80039828244323 42.63475283588065
21.800522220546384 52.541654380355574
45.913815552863426 64.52745522688468
2.25260241597542 0.8273657058446301
57.049831667728874 26.94524586348424
20.821366687894063 4.668669997379541
50.57647467714485 10.617863150220428
60.70398940099605 23.573972056663408
7.199651904035849 1.4650607679575944
65.25009311456152 7.097992546723963
13.411860699575573 1.9157313971957848
24.466253173265958 1.2126304027140093
34.468662756220034 3.455432007416495
2.1489335675527177 0.3674449833045718
5.89483609944305 1.730943109794486
6.1209169943231085 0.57513092527966
25.666864954032604 56.49436763148844
67.44953342687712 99.28818366781857
55.88135215628212 66.67351152994455
0.8608728979237232 0.9096979651604045
24.23527213638848 41.99125347167958
29.90862448169042 51.87770149651102
65.90093194623691 48.861320045057255
9.022965872902049 1.4512995902427195
66.04640710622576 33.356718770216716
48.94482783927697 64.84228032093509
32.35191605396786 6.065788374798098
2.3590290253141366 0.32028476004635953
10.578188065494572 4.482839323851989
70.24457111363428 27.422670390351428
58.81223256306942 16.252188799910698
15.895441630300907 19.966552618547215
4.7394829865556085 8.592200204622873
27.85175078207341 7.217437107533387
4.4579411282073895 1.3346105573362408
2.6816765190779503 28.598028210671345
0.24431718200217098 0.9760113391510429
62.03400964471858 35.206567440874245
32.25393284644058 34.69752552373062
81.23936702504783 55.45266051992477
43.92945990531632 61.23518420994454
21.48021741322179 144.9894510175252
74.43668579310649 19.4544694464009
71.66462705004552 49.46562438766625
72.57217736601736 51.10410247639913
13.788619300065704 12.895574566369746
31.28142983829406 52.64174385755819
1.9016160036145173 1.6957089583967693
0.43558157302716943 1.598247906019396
27.83154152885543 5.32866663813407
7.543887622316242 1.4499525974964802
38.73529814067539 58.66750972249204
31.067435739001027 80.02609136337962
84.49038471396885 87.08292799499993
15.424999878172827 154.01776817044785
1.1678972934635816 0.9299354773926021
12.903339277988469 1.0404994930818647
33.3100746792922 13.637915701898068
21.490692295461233 0.965339154090218
26.073572201848272 23.542972092073366
86.38820757166638 72.32813206142264
24.123311136101286 8.721272763130274
77.52929643008315 7.533219121698526
67.80990872135197 11.515377025315841
8.255836313728452 0.8073125498178846
28.62791005708427 60.913514058220144
74.11167605018947 49.0520654634793
62.53984078269691 23.8217060088084
0.24600191752824246 0.6228543501507393
54.87153227976657 60.0304884991675
10.581264885562913 3.647915807526066
15.304059659998742 30.07666187428593
70.60195494042262 28.26776264054243
6.982607379766281 2.609563352774923
3.5320215185287034 1.0513391089742248
8.853170225329006 1.731897730767937
4.6047044901437575 0.8111465798575681
2.5608903434052683 0.8568115325534521
4.398300138267474 3.1884415770618797
2.999479816189534 0.5436560811950598
11.04755579185641 7.049571653117197
73.69190017047494 59.124142554529584
2.9496663528518003 4.733266018790283
1.0139674765857842 2.6351288512683344
2.237494718691423 2.2551185822889868
0.48425534653200175 1.3077079501241273
9.702563110257126 3.9735337369964356
2.0076784828812713 0.3612382633890121
17.31293524062901 2.560429284967034
22.28212057587721 1.92851177922953
67.67007542110474 4.783651363565559
16.710680232354754 1.3455561764409174
9.546288673951658 3.6024312096015114
3.3146358802669638 1.6377591785801506
0.6604733515470709 0.8128563377876769
8.968153457387956 1.1681292504912306
3.8767848053408778 0.4467540958154994
6.003090527390723 1.2208032588790294
12.30708775436859 12.603160954464474
9.686253131904493 4.6251974672166885
6.18321538895137 2.220921056487921
66.952024893306 13.26690990657512
60.85205912990271 5.45175227636962
7.507389764108552 76.18331811733199
40.143131234853286 85.18464324225515
49.91672744715275 49.312021882392656
10.409800959807576 0.7827877956661334
5.9901314977697675 1.630648204157264
5.212525780838271 1.8926959374957626
56.508488380112034 86.09548238488901
69.38442941373907 15.230992177611402
73.58272817635844 17.176230678382044
29.959422944762245 77.99625079232895
68.65433653511792 19.045185021648308
32.83265904443178 63.21751250976444
43.323991699202224 29.62156449959652
51.07007941077328 24.649732710698604
36.59658175828733 30.286706048059475
71.64353800402698 32.00593964420872
47.00164861934903 12.711851006696348
9.080207681558619 0.22161798537132446
5.168915017651935 1.450194513411795
3.760412785874518 0.7643704861377487
7.120936139939115 1.1511893973532827
11.767514211552438 0.9572476103259467
86.68720382971843 62.75082142153079
18.446565136341192 13.75675913635638
50.06717752341093 43.327046278212045
54.57172912247333 28.29979717740802
5.8276709564617155 2.1743305176089915
80.63154697407195 19.80388399257493
66.62763425473761 17.44074927922529
84.83410016355072 8.834078006818158
56.366514162589695 43.27192842510317
6.0333255672475765 3.005906047562028
73.43186002729622 12.150536308305616
10.898876972261641 1.1219621819468282
5.790202491171321 4.668483646258964
5.227447538278747 3.3954818310981683
5.694157439938269 1.6921985668207988
13.201779971494972 12.6501464296929
1.7569830670066773 0.9763454764066222
3.9025676473896667 0.3258300285192359
56.86049758046747 47.344881380228465
43.177114967232264 5.051114492792668
1.1697951403315354 2.145138097387305
20.192777025717437 7.100764812008551
3.6960836510244923 1.54423709922706
0.6445567233951702 0.3751983729950721
14.747875309558237 3.553019408190235
64.41195391472327 134.9242735394151
77.88910392287582 109.97952839740337
75.44106965709705 30.843941478607686
31.10444743791112 5.952045824848985
77.56215284821349 78.59444938142103
11.505561276854277 25.60527542165549
38.18877597622541 87.72847576851824
64.37777125224014 36.26358501861625
80.98809666256331 147.60746389788312
54.87123676623928 97.26791060605397
3.4959866298314943 0.19982743307750672
70.89467783996565 96.46998951305508
8.042173875188805 0.8941163791460662
1.8439404053241693 1.3091861997392418
5.993276084400956 1.0559489541073637
51.690117390563586 100.44519201410932
84.15471355991566 133.64563562299796
37.40039955465312 52.607438304537496
88.79882590188193 101.12443723910731
86.43631078845354 57.32853569061194
5.873131355884033 2.1770004473962294
34.83983707344956 27.86759739374054
44.48239801088428 113.87661929328964
3.1198624018665058 0.9518940484264015
4.993273760205703 2.489814595186762
45.20789224029937 113.25242052924071
27.693060353964626 72.55005263995254
52.076747620225234 126.90057088751247
34.38784081360007 2.634175702618188
86.93218588536335 113.58424565738673
8.257281900337139 3.1450719670030187
72.13900334314826 24.936960377136458
24.817152146617182 21.843752382253495
13.019480780638945 22.66629211615843
19.088517583054504 43.02884006551858
40.483536418222485 50.83608221988395
37.49455643367165 78.3718733108448
61.931085291572245 60.55313338842725
13.022549704268226 8.703706549062993
74.97645160002803 84.45645377755025
6.912040097342998 0.3639955295632119
39.87616307486891 84.73284545769059
2.7246900158415523 0.6938520904083852
12.763883495534753 0.9288516281003355
64.73984267268388 15.643687610773481
40.485721506883515 1.5887622661252745
55.30941174999943 21.443327975774327
85.50270448417766 16.344907926022625
67.26496257695882 77.22872177528102
32.77876752396983 19.69699318221008
57.95258582015123 37.680134280154505
12.387587895297635 5.912077389464196
85.38359098706107 4.991881095814215
3.512257331102653 1.6838404036541281
78.85999656337702 34.26083789644662
8.461718432464897 1.70910601092949
73.41401120663883 12.203760224435937
5.65141053050626 0.28402581952469225
48.88997223218559 25.34427751287413
10.739165409193303 3.8466472132162064
1.3620348613226954 1.6585203724931583
8.220295507078056 19.114186937537994
8.773053621891998 2.7344882229647642
59.98462822656749 10.380789198999754
9.258894465800612 7.788284562658766
19.239128886248466 4.687280743099003
3.1069049512296862 2.2239396276445955
38.52427314885175 2.028491359488377
5.618707593036612 9.38669426908359
84.72671261064873 84.69776859797328
6.090562164931268 1.6979519147513766
1.1719886825159407 1.1707032238167414
7.391678295314396 0.882902236781212
3.2002863798497416 0.8031553978611827
44.344763530662505 36.13264357732435
6.458321056317605 0.8750886488296437
4.4593197764514025 1.9223718720146208
1.575604056679267 0.2750987250964656
3.915251392034665 0.6675961737136121
4.3033933913296725 1.1200862628426356
3.7710934489973367 0.5699649811787373
15.861440893983831 1.8675156807334843
5.975033338844569 1.130830438317595
0.5515876237252743 0.47859102157138844
2.9736015756736576 0.5377757353325328
4.571407324810076 0.8410903712228397
7.321780161398339 7.145773949510371
9.496617981411768 1.9633421784869227
2.928137267815225 0.9635960070444415
4.868342407070344 3.5784286259451386
3.305288499112248 0.3622579169649468
2.473632190212263 0.8375921195156049
2.6537824510697705 1.0648213162105178
11.059499800516432 2.216155602141381
9.125923835128887 2.6156456298502477
40.590697983263965 58.836842362947344
8.307823906907988 1.67319398090287
64.93853114674103 29.966527278419242
7.293952234027712 0.47256955285761215
0.6717106614890291 0.7825075638272505
40.07244605614316 5.7962481375672406
9.536702742252087 1.0829833939950002
19.465466537451785 0.7651670183661637
81.16158874247863 19.585426142068883
17.00635136398244 2.006077921049649
35.614817135633814 103.91085775821996
80.64697964863028 37.09150103963379
42.25334987646744 33.44584061131839
64.44096983987914 25.716998568274494
53.195002889131146 88.458022599017
67.1880340154056 37.8043356260327
37.75749982891562 60.28052933145746
46.77915858741549 51.376268311929586
11.070784123893803 6.396016670701195
87.07898272428625 82.47882629455285
9.743242582619354 27.303374757499256
56.88745214706884 58.91749336203284
4.5191267653178055 0.7073395306286807
12.872727414806382 7.085005923017769
49.1053062427327 29.88939975673785
4.773488944836315 1.9004583283930576
4.9224482019523395 7.954613207775104
14.348892077142448 1.22910345428795
44.69572481717762 86.7849863241693
24.132462267880623 141.13266691668596
81.64368922085424 102.2400745923792
36.45801393608701 149.68430435087146
41.65760400133394 91.85665375754657
9.286181500093738 5.708524110382684
11.35106566538465 8.153884601374308
10.03201330387477 5.332119032803953
3.7561289399301696 1.7133238935810955
41.636868986407286 66.89735997411833
63.722990005078984 7.075904448732543
25.825496564783457 3.560043100560355
33.38536187387706 110.41467001263517
10.250151648109483 13.368359093228658
60.73083784080957 52.946598676669794
17.254201925627772 0.4909354474780667
14.078224913958724 2.1085031734752864
3.2326140127938556 1.4212494385098688
18.6282643408997 31.787187301746783
3.340508450199936 0.8609682779983636
17.41767345984519 1.9679707854480422
17.75419039696132 37.037507556156655
5.423974169043074 0.2121017874072729
14.54011359420079 2.115567970175402
86.94721976436533 55.13510364837235
8.264729280493372 2.611936611981807
2.317839298904234 0.7341287733642046
21.340593670554203 4.072595878080919
6.8121234729871665 2.054334512751117
5.912700176718842 2.9844402193736705
17.871960919706225 58.656160959800744
44.900680941636296 91.266652530671
14.676483408744309 1.437257989849739
6.297850706170838 1.460994599580729
23.289739748253204 3.4947008037768628
16.927663799299378 1.895918377722003
37.51840508818182 2.6042466067707473
72.84768385815714 6.898839747983902
74.79147046925533 14.639896145217802
2.4679684683167435 3.081567239586751
59.52310870827274 114.82478926590835
4.433723792379797 2.641511138497662
60.96313203061881 16.30201345063989
28.217452317852945 7.4792940221686495
66.24641415331723 88.98961952763747
22.458240270877468 45.90318627458776
12.568150602944844 22.243330990248214
21.286262569527082 86.22626963489465
59.75171045316715 63.102492501360565
1.7574448628062334 1.7497235994196936
83.17670264287979 11.087310235201926
5.201667070896296 0.9764546638883397
8.264208733032822 6.603458459756024
4.853511260743431 47.0137691826185
38.9923527665244 59.339241536381515
38.02336508034253 71.01811970495693
48.75764285482391 77.70999060022382
80.55392706987945 121.18843682981893
9.018064593348953 45.0495429389191
50.8453242785886 67.17667416207604
31.31431179989491 107.63126778810341
56.62441475912375 28.858836820782805
61.60772933910151 164.31745568373003
75.02971966131345 160.76238035779494
25.930330490728938 116.89846473703356
41.15908004176728 77.29052527382234
75.46618169595511 110.57766869323113
74.64695501005964 101.74519114736907
1.538425909250961 0.3827186613589975
30.404303814664303 74.70054595488902
