1.9348284097310788 0.5191484815734027
3.1536606203698803 1.9817536896342693
5.621721232826898 1.5918297887083208
0.8681582462738507 0.8622491911791744
3.2837371862085303 2.801750342810451
77.37517835777234 72.56078564229531
46.63203997572526 32.19937719205495
1.6994576184529857 2.533632999233808
0.7343912203739802 6.362562036609396
1.2805711003791476 3.521753955552036
1.8708489549660015 1.3285016744442042
18.708498983092547 12.063009483564306
9.513257847172188 1.7025801572668036
1.6141891820940009 0.33473590377210755
48.31037133209554 37.80720507042585
66.24356044364481 17.696092613227027
64.34605622624278 9.298739685143568
55.606900071701375 5.626628916992234
27.845663969619753 8.980640469378487
50.82610140438413 38.68035091827736
46.32717406014906 12.142468541112807
57.31446757655197 1.3874316283375632
2.2073972670655246 1.2473598209051877
0.9516106078958888 0.4104779036355366
10.507068597496504 1.2682505992012358
9.055120698536594 1.100881376722901
6.448145228985993 0.6155996520927981
10.113349836774587 0.9824822413751878
60.59962371969368 0.9811161603218983
8.102484255815067 1.8069629667032647
5.875465346361176 0.5013323133472346
7.819223442287216 1.448415798145278
10.756310064975851 2.533811314497891
2.25168316814066 0.8389964935346645
0.5986038962807686 0.42130405113964814
0.5103466427284988 0.35088230051583363
28.74043445550116 33.23083008549764
4.2788779644625725 2.4626921881754558
1.4835068617820144 1.5306914190748877
66.51830964730233 12.926174858655845
4.70507867158522 2.0142214098255082
63.2450839750113 33.54372076582126
7.360329655342766 0.5168690931296398
29.513581442854985 38.03211007271921
10.44551769177686 0.8979699819538132
9.541517314936648 4.683771234092416
4.621090797892471 1.53050727696322
4.048850618218598 15.8537721399437
27.310771124913575 46.01471970561256
56.33817149759909 32.38062034432346
49.39784470772846 171.04653534858264
85.5336729032693 151.9339772877865
43.85331868321052 49.66344164483365
33.392576642560776 27.651908773318823
33.62533810881425 77.5301363373733
17.63436199630012 5.552087622627784
33.48434715010717 4.090727547600259
31.404180884049538 5.749726204125017
28.301612214611357 1.965950035157179
24.193183384149876 6.50123560352728
23.186000408170372 14.944088745438108
65.04882475627055 21.19670605437757
36.972741271283674 9.836142297069946
18.347065024674723 6.667157305426194
87.13149002721462 17.737243353931238
29.121010470262434 88.21030213016377
71.31741779383349 44.7270863194261
66.27651362228917 23.61503634941471
12.237944475638976 16.64873154769832
38.73129159367784 36.978366173720396
1.8918355504756856 3.266286478957205
20.502155116779807 3.7612800778969238
15.601889585083276 14.693392362802594
48.97367039010712 51.182366068456766
84.83087441291967 52.197277246213005
5.295076628955681 1.394099724412139
26.506315665868403 34.767428526643016
22.638705922310972 12.677376070802367
32.51821464275863 22.99367489381267
87.40380283054263 113.59664313592188
2.6461005024708895 1.4572950868536867
75.22043296516395 63.23640778981297
0.6373538133552479 1.0493357792532025
0.76895878412711 0.7707040474273864
20.805267770437936 7.613935868638535
34.20804942759379 7.390943893039044
58.19399724550777 5.446041197229222
3.5438318595567324 0.6641626321596211
27.680140807293753 7.8338513644395515
43.75210780900246 14.43886756033467
44.97991058391446 91.26927689744902
6.0931034716685275 2.7206935554485105
21.649829300669673 28.453645079547048
67.9564582096268 66.71582310316452
86.95188906630513 31.817783078463524
57.671937508861674 12.095692827507795
44.30576631465155 66.72543357260135
75.45233547084919 19.96311529081121
6.991079120692348 0.736247860113539
62.12395196505314 44.58276375683113
13.736159691725375 66.49306398290308
82.96400576217482 31.541074368229484
10.743380882798249 69.20925685439212
12.848583839538515 4.153028658641048
75.5818798419726 2.429326423546122
86.40315868418097 29.690853076327986
30.962146721199325 20.244227567589537
30.161629294446165 37.228776994363585
47.6958956529852 60.53836233013378
6.276621099724338 53.3902616589401
6.071057291937423 7.6941811091652506
86.53847133290164 27.931187318599843
44.98621552732271 98.72234442123482
66.37286528837059 114.30613807031085
36.58005269577208 33.703192631483326
25.17628674998634 19.666123942663845
43.05874207284282 84.2970571956931
36.71868411464618 8.626465407802266
33.576710126173616 41.337168464390324
65.79279456940772 142.37245967030236
46.25030488604442 8.241404372925778
33.604101118579095 15.879706432692512
5.582223634612393 1.4818490913514777
16.76508533186351 3.9822221492450276
15.182966060204553 3.6356444366424605
76.3792934888933 12.405867547056049
3.48399446292897 2.399835490985633
42.00432022492288 84.03279213031766
10.042463271687353 71.39829091946268
34.200638920078745 36.75129180876363
56.470011340352116 32.204979050122304
84.24710798231109 32.18793319280162
41.57387227712513 18.103661382137652
4.549635961910613 0.7804000496506831
42.15937309544788 4.471586121301687
11.801979027911294 2.39064696028049
24.78894426504833 9.826420732203463
32.14863019974743 16.19830130749283
18.206606147301198 10.901861326322944
10.700576040297841 14.072948549939587
19.18178540393083 3.280332651331366
0.6562243754739966 0.2397770378145472
2.372469258476505 0.7128937604689851
22.31789196815723 4.065179599578465
2.160249359339799 0.46219541884649756
2.263218074262141 2.028970073923707
3.1031811046856066 0.33707820028071117
46.02652275264438 8.576049657238256
11.27039080420979 0.6810499180108388
59.66273495053749 15.676700058878641
14.900589266434661 4.4056366858871625
68.59133090761289 20.496573532838518
6.279733459282126 0.792731244670177
14.697929459994405 0.46071763223257733
6.579696685766887 1.1407529678120611
2.5851920265729955 1.0177877604745593
2.8551910162692353 1.1089782503826664
8.854188723453262 115.66785545171561
36.65867061037466 100.84231959122616
17.255208619940607 0.8706541259648996
9.565548188717782 2.018375793616314
85.23079078414361 13.52316887437967
31.588275460868754 2.722400118562175
11.235019524827822 1.8759175067839515
13.101799533450617 0.41415713205594196
72.1085549387369 8.929596658804329
75.44299319695259 39.877638797787924
89.84628615622616 16.200949271111668
65.81306751475822 33.48551799124502
87.96004246128969 28.252414985348388
78.19525432026452 16.794147954894264
61.5108627681869 65.25179594326683
39.68158146991343 28.062640621487024
28.85090256758781 19.674526497106584
33.552545760793976 13.917283671296191
78.3046035047922 30.187176179325363
56.908832206492946 59.37999786902055
56.4601974135051 53.4575412540025
44.8390329584504 37.937139988401896
69.96408145015432 9.808022646927636
13.687944753370736 1.0179439658027767
3.558724816837326 1.8028310608027525
8.949693000078739 1.3100619970423495
4.4277748030779875 0.7712840065702672
11.074170223068576 0.7849960740703855
75.71952103790842 68.39062456221647
43.91906973479587 29.319339861063277
1.552314914411219 1.108892081850866
34.55592365993822 2.2724446198198147
6.275261089395226 1.7274381371001264
4.734493300961745 1.6072424447877303
4.431551454518304 1.5767713224682802
87.79709023440417 49.70530462150469
1.4118058906060973 0.3444830442242138
67.18874223181278 8.648986493144987
8.705116578682613 1.367782929364625
34.248570213015256 15.089525613971595
84.24239185412077 14.34195762498307
42.82012763303313 2.4626559339404963
49.02393624109828 7.845583139449637
44.9077477635634 84.33291957181196
58.58679266193997 6.366566849136422
59.743477595672985 23.419068834308696
30.241304023216994 15.442982428852247
31.907268686100565 56.24842907714317
40.27857901741326 36.29601840950074
15.74271686320621 56.73662341435017
62.356445267581684 31.996892073740646
84.82710642729052 173.45600680336509
71.63700618078238 116.92045114105277
51.69500972762291 149.2357985212177
5.903965315665217 2.809665646375947
47.93148960583548 57.3901659028532
40.610656035723686 12.444233430797512
26.21796803861909 98.40734322315264
29.794769487790578 6.9013020096914826
52.0758373121901 99.79100513508367
13.664831089807606 9.189147792459845
44.2138189980806 90.97208875674804
60.10701083810843 33.20103360411449
31.810320384685525 90.40159416856106
82.48410688691028 22.53474845918634
62.96226550512391 20.923664017684693
66.99119838296296 16.006255949421273
78.89815214578667 41.87606445560713
1.0437857755892654 0.7167536003346093
3.2784899548759348 0.920750812289184
33.13553289425073 79.68736957144651
2.6937542375833754 1.5453909373113168
5.892222433032721 8.606032984868621
65.38693868730779 9.09256273906659
1.771677046297009 0.682323089740376
50.82452951400427 8.331525209361793
8.582688394606574 2.7892564564173035
1.320497090941673 0.32030415221585795
3.216388399830393 0.7042443630863308
14.340768037249529 1.2246630160612568
87.5483593081268 2.3635699885002515
27.332944188429668 13.668149609358956
4.604175452110759 1.4553287849804462
4.193174177178616 1.938527328736746
16.67039287399329 1.6130566072116195
46.4128514124331 9.793185990973823
74.10539744783989 5.603016721526268
19.38449291387536 2.0107465704569996
11.79740325846805 4.075254283047333
85.1983160996744 47.54322476147836
87.24117486946804 36.862096473093786
4.971199915595805 1.5363083787149956
2.866010896404932 0.6420483253077139
23.813893371486277 7.334229782771235
26.662243703265723 41.93701835123746
54.82327832276803 152.3097441983571
81.28863812680032 32.381840757867714
2.4583247241281834 0.44707635149046226
1.4694403358309898 2.6448705946065583
88.05547719186637 39.73349006917941
86.92622417837659 36.19426846676438
68.16483884273863 50.140037547794535
7.105115297487191 3.355977915593719
44.84863881315653 10.164926511579152
29.829242261651387 126.65894545438049
69.95308498312457 67.75528175896312
0.7511151586070552 0.8541733270332854
63.872008513706035 87.79683952298275
2.3881792908338038 0.5076099605672132
14.552209060290124 81.5447813370777
27.796935290311463 12.317036532331809
1.6190415594307646 0.44055731432518275
4.766475476324042 0.8888296327126497
71.80451668477531 12.504705134684919
89.83219710905406 29.610650450174987
27.321717412853452 13.344237831685808
75.63000064996871 17.923154805684856
37.717096500327074 18.536103997241312
56.192801684691716 15.352360137260911
83.11635813162076 48.885970782872754
4.152974505060272 8.178008270584094
36.02176424829027 0.9975026017800052
57.770548711435275 95.47668614339644
14.874215557761897 3.450203135005729
73.92602193828569 22.952024739141642
47.868757207283416 78.14078423132722
15.924278644934732 7.868207803192983
30.86026254881705 9.422772888298077
57.34785219827249 156.82592077191362
61.54772265697167 43.998082839328355
28.36037137463802 56.76777514446488
29.30851526498791 76.1124262200069
46.679822289526285 58.94007915261882
62.97714600976467 53.25520649110937
83.38913624439286 106.62205205126732
6.214830024449991 3.7960050256285562
2.5591795524020506 1.2295279388932308
85.21251062472545 54.00843425937813
59.71994691029332 58.87059139142124
18.209492335849763 2.3403542939230135
51.466192664287675 9.770487895643031
59.4336236802699 4.116897392699646
82.71389725445296 38.71041384548633
15.708970795122216 35.02465201279705
87.5518094393137 45.261397702161716
53.62480028328305 69.49740468721448
50.66643845435084 79.21590073057429
41.879879298011865 6.382546271595506
32.10940276289418 78.79442017244973
3.9029353412959655 0.5635697050340674
24.426182726364686 61.90670772916515
42.6064321073779 6.547320561358024
79.51877238034318 13.135017595228277
5.693450608586994 1.2338428657336329
0.9612217523441007 2.841975241894991
41.452097106373536 23.806149583618414
30.457463545543707 66.4074314135643
40.3128822964005 10.323054396293651
25.10346264889816 88.58609246972594
27.034863661921406 16.386645737610912
8.418122139795745 3.810906012174534
77.14378938180391 39.59465474665918
52.00541835368277 116.39801747737057
17.14914668202983 0.7537556211153981
80.12603823259236 24.190848665989858
61.35488958854889 14.96284261939511
20.6319355846905 0.9034680685388363
7.104801974471336 1.0266457093264982
22.214281574287245 35.206504899637764
32.14596239824414 2.8894196086363872
20.264328748326566 22.044232193651332
86.21004724177331 36.621972095140315
58.13132112045324 40.32216477099299
7.661558164921553 1.1273556327868879
70.64964350081988 15.895620824003629
71.71704477724553 7.3359794867048675
75.21292656249756 31.20938605582483
60.667138120937466 123.70879633525844
46.95910720892288 25.448871356083632
11.505325572745377 5.734749972920415
86.00802512000307 10.696237230792565
19.555536719648842 5.110026672597855
71.21534143214352 75.26590812590256
48.82779901775718 50.553731563091716
6.289246690083353 1.195046588835156
24.60583299811333 4.173045415890755
74.12936320545595 17.352100896088846
66.30028089088367 44.063034841221246
23.490910299281158 15.975210577299086
20.4632252359891 13.25074253243852
2.2196531248463764 0.427652772639817
1.9716786625241765 0.965512261475629
8.955678742924103 0.9193005852749915
19.224909001938553 6.354477689997581
9.862159238764233 4.068078069521175
50.50350458808941 48.21476701882976
51.24659423138597 136.1184929928519
45.51975900038116 31.72432294436526
10.798490304886341 0.7695498449118624
62.57820461920008 13.330026919702593
89.6345973134815 12.019701420098993
26.603230123945927 1.9401466211601075
19.18077376650206 1.3557534081605216
60.627215605584446 5.482125217770623
69.0674467959208 20.35840557560235
87.6020172818046 21.33286955313235
84.9978729253933 32.61216993849223
60.73457430447965 78.04697294157668
77.89128369619995 16.632159858938287
79.55893729297559 10.254370093279142
77.71693189292598 33.33343201452978
61.39579945666911 32.06338660057922
72.1150336974788 135.39372746444766
3.4126530962715798 1.0753821708434212
27.48544631293582 56.105684998988124
20.828542895920187 36.347803139758014
6.338832241380163 1.5999510754353166
63.32598118308572 22.773654503815614
6.000232379090637 1.871610414057736
56.31251763418186 5.747287405502729
55.621196433226615 101.19723067223516
46.558937106884876 13.531921298049175
3.836869629181019 0.40523206182362775
10.611170057648524 2.7193579869428977
32.5717659818431 4.8957830393707935
82.79804733606103 47.04496794693519
6.927127992735061 4.247372975823318
3.2937158116341037 3.7032034765469093
14.244814590206875 4.462480826358588
64.4382957517294 16.61547355497397
24.587125213947584 12.277064493309974
26.805165837588333 24.825873332264987
6.447797684836065 0.2807542272874931
82.55165846484499 50.272522179189245
56.61326632197867 20.958156568244846
31.777950954967103 24.5850834627944
49.87031184469919 48.306946637326064
82.98332740629819 12.693416886543663
20.217111484665825 10.358878359919727
87.92783765946358 14.590259413937105
18.275285372160088 2.9405947076502272
46.06892744881597 70.65608923052193
0.39087312062873397 1.1164846236488062
14.11902567284777 1.2480100618091807
71.64995435510401 7.171427994512109
10.0705189248222 2.726414636802926
54.7026118265112 10.5936628942808
78.15863870790162 27.511342296776178
2.3797773078876383 2.0641843480171973
89.26098094396266 173.7248218488369
83.16481931585673 45.96080559332646
31.50069997847049 80.36360633448405
46.38577309514682 9.125512328440651
10.77762669067468 2.1232994591216268
69.27159967131915 146.6589919196973
56.93887598178501 8.884416023254815
69.84251945938126 16.66189877146919
13.275360450154459 34.81631047730637
59.245055814196775 27.38045058833341
73.76511522105588 14.746864179877134
49.986316336729516 10.628975453267419
67.96256429157515 11.532721198963875
19.175521770797662 19.607389279546798
26.579613662879023 2.711646593628877
12.213931160193402 2.961837997998797
61.574721534014756 66.982231564237
61.676889980591845 14.872174803647658
60.39943225135017 12.9484032557475
63.83468560875778 5.897591220208189
87.56956066125684 8.528314364552358
77.14634610801417 21.821839540228016
31.42773053356074 74.73164873085045
82.13660494635769 11.728663759197582
27.03021564029399 62.47601848059841
52.825381146489086 19.426112196541705
17.129653588981427 65.01033153095271
22.488315638623988 58.445533251529774
35.049789573933424 54.43967920364362
89.27713768568287 64.5286607338977
5.244605923691746 0.6441013277857195
55.77802383370458 116.62920297677262
2.634150799247132 2.1367499828354655
4.308209885437041 10.482209882420532
81.12857918268121 59.29214910155147
5.037492517840975 2.6983528914295283
2.7183731429772395 1.3635701594293252
42.0398816886527 18.735144548767778
14.87328950975401 27.410510842856077
64.4424545491243 28.092490702284586
32.774693859497035 47.507686645239545
57.578199792520195 92.27767228227779
70.14338118678705 163.83561092554856
34.84863228378951 52.40294118741743
10.902361030674738 9.089567533974305
3.565879360735357 4.756783670880685
42.27891412969714 56.496296331309445
78.20689577450229 50.510018518914535
81.08384209628818 23.35933198439375
87.04317179954535 19.626394945772407
71.7196329904525 19.69781981046581
51.33400021352938 48.4518807564364
79.16431266201447 31.226100123442343
83.47986284191627 24.162640001293184
68.82409099434011 45.61699950377529
19.86225433541466 84.00080042875379
7.057224106580305 5.625538850993866
57.162191913191364 116.84260176259225
0.598180974984708 0.5561954625556729
6.730295217926547 0.19763672087482664
68.73748787405002 81.21375371945659
62.28385379770552 39.44051678615822
22.297922695964175 23.391565588921026
2.011985560756435 0.36949055518304846
1.2893059462001426 0.6328788047760832
87.68464708918357 166.1660257546902
9.693810299742523 1.3440705692301402
41.18186398997123 10.291327041159548
33.28520935448293 27.535230380938874
24.66775889937001 72.14258247427772
32.21457068562479 22.234237574619502
5.010863156950162 1.2523584503148208
81.6126306284494 83.25332091611858
19.172068607790163 2.908340978810875
25.814873401062915 37.763785257983315
12.726016006785361 5.518370027029591
9.78983115492206 2.459614101671916
8.186029371819709 2.681310107737992
67.20020052132134 1.7679451222110825
51.61729324482801 63.64856390470672
3.309912614744289 1.4374307359885656
5.654396320679039 1.5496995027218097
20.114729770675325 1.2198518876112403
29.98570207075798 24.59327128332391
30.08941315798734 9.495512041528945
23.11347327295746 13.232177268233094
36.0558199794423 6.977917891583371
18.284176441623732 3.7299500584148024
14.863751686133892 0.9805298974332904
48.23978521380185 118.99270553550532
82.79661912765047 18.27227228807546
2.263383667821519 0.9067938462837273
57.46352379526522 47.75710974641291
14.336774491141862 5.046946268631858
80.95913740165993 146.15098180354016
26.408301702103785 82.24776251660556
33.88439416102535 40.50002982284856
11.400144801970088 5.032334449391135
88.47696099436568 48.96812809467399
82.5591379140046 21.697675929077537
73.56501787722026 19.442684126237783
53.54861928606266 61.60853696178405
43.780657354768586 21.181589465820494
1.5478702457605105 1.1596770033522772
6.880858616942833 18.28657437842697
45.63063245954061 125.6932564599645
20.003165302899 73.74164058823033
54.6018893197445 2.5721524841894974
16.53232797953765 9.812170009935805
35.14800996969013 13.450524839776776
66.84009157255309 123.48793591559097
66.24606467499733 133.04000599155677
78.7039071556578 15.593315175329257
48.327673688146156 84.69558959870537
53.95758134021891 91.76289106226996
18.279509030340165 30.20390961421473
44.85791374437384 97.1613859531576
13.667015841737552 2.112416963170341
26.813046757212106 14.274188931067261
25.52810190738766 1.2823713346830268
83.51135110092977 35.60460365842642
78.2978240076021 31.21441688975282
9.20855147593995 2.8638663373748328
2.8746130142008304 1.00439064704219
14.676417188430294 3.492164957354495
3.526979343027372 0.9086423222042581
42.33948136158974 7.186857925688214
57.30731303782886 21.99418329237508
7.452005455193569 2.0212317789346073
52.0984456471283 24.4720690388995
41.43614470964477 50.07630566698652
3.5781009332668168 3.255812010404228
9.612085909220866 75.0521906979433
55.99989937015394 85.2966235710096
82.56453014754187 142.6677700453128
42.428690459406226 17.161002941857486
73.68674967487826 107.17919822873661
9.135379603211856 7.4763422845137875
3.303381352559711 3.0099585015558645
0.4817881352598539 12.290680090457498
47.258781766153774 4.783967922823271
2.890386212229878 0.7504055430026751
3.070141959841598 1.7684202634197057
9.471895895856507 6.189481176124574
0.4999562121495095 0.15099277327515911
12.63810991350686 3.3767922274442017
38.410529043881134 7.59863487189577
52.13527272727232 16.045931575813004
7.894144817384949 1.4850440957957767
61.00245110298695 88.70765962241711
82.7475203912566 157.6703406182959
38.72085375632676 178.44982328804778
71.71062463718316 171.34970508255495
47.78452221409872 36.51325112130762
55.81750813520712 95.3987787535233
61.37809823199934 40.213905777105914
68.38410965991811 172.78131134122341
24.810263387556965 1.5449468529139099
59.579419913495656 169.72480331506543
23.84618822928843 97.05525384973491
55.642286307987334 102.41138023577065
19.781284101480757 34.603591553775864
9.410494272157099 0.7510006368071913
56.594789501508 5.707776591984881
2.1952932752033685 1.3675038108297248
25.031248737533588 6.837854398283998
10.708173860910525 10.927001437931459
3.626156267097533 1.4054841368673328
44.92251589154077 87.21581508592064
89.70219984403847 58.21820162867093
26.685363958755577 1.1055635178440746
4.89782100635035 1.1096579302237786
61.486995455098274 96.46783524851813
40.554420456217564 51.24328289708441
1.962042488991632 0.9251300649159222
0.3512456316137512 0.5905942702633689
1.5802881911469728 0.5045948322670725
1.7553628381766333 0.6027224211042569
18.990205420944136 66.43017882319641
0.9781885259083803 0.7689062763335812
8.321389735345399 1.4128671721921557
6.7626805788398645 4.869939061359675
64.37693929772401 165.43974951283323
22.821436304371975 45.48965847392497
53.72214229529338 33.88406666470033
3.938278994691529 2.366466621128361
25.4011807043658 130.85626874602414
53.4080668030397 48.83654669758132
67.72780359395173 47.83981807138754
40.846887243587275 165.6121964862914
69.71643456914859 101.0822928761961
46.81404827994626 60.92712675272826
30.88226249480021 4.6404486498395
55.430162172766295 44.59811445137365
12.575953626532026 93.27046441725211
13.84801849586435 27.31026337350313
78.68540911235385 75.9212118931018
65.13457001981519 47.19546558382398
85.53766589568562 33.99503506197084
77.3164602283218 83.74742532693202
9.726527798792034 7.353364998495685
44.51848722633051 110.45925710362022
3.5161837236663915 0.6137656791257706
5.952699717766421 60.66027583552547
32.62461649739452 66.18138459899178
62.29825384970983 82.87305353798271
9.766488376144997 0.8248430510169347
71.16525429856272 75.66862325643991
1.0958821346278578 1.5136919363791572
11.224422809478227 69.17661749190852
81.8951686685647 27.3915246176875
68.86081110172752 62.23613071480903
49.34242801671864 45.60843368150315
59.475914346223846 61.21154729585516
60.353010679558196 48.67384432661495
56.501348329923395 2.14546517291607
48.04139430627875 52.497825185342435
51.14515999571566 16.466371315867697
20.129498433562695 13.564384438877928
68.28575383045761 104.59901046614735
5.366244054876055 2.3928194122386954
80.20608187514881 59.37592366299906
45.75134974604818 15.177894983683244
5.225827804976783 68.99979283587354
31.00101813195535 11.139587670391384
13.568530891659488 4.114789184623826
8.734417929467869 0.817327948900738
3.418682719014984 7.498634232601952
85.42188416562854 34.92989316345855
0.776405591714957 0.9885553225716278
2.811202894957746 0.7791211335485944
3.9499354694345343 1.0039597266465452
49.734804974145895 115.78759681785786
29.05670176534864 0.5955646316715772
10.637319007468705 67.00853050290527
36.982933565338946 70.00774409955564
81.98528333326632 92.59325366832284
21.692299956617102 7.056816083464221
48.42338478934061 51.12176076869759
29.87696278731167 83.89364081230453
3.6386182166703347 1.467098348524938
11.876501665132734 6.0578584753110185
6.00726662064152 3.2408681829114094
4.31163671802094 1.5092699364221722
54.28383156292708 57.841328212201454
83.06327621485542 6.1906749430078705
21.4575798808155 4.6165144259204345
75.69249900327979 31.897103787954354
54.25612066285575 36.89903134316289
2.9839704247604106 0.3109994200672289
30.882417170316963 72.98888826907287
86.84084385307047 42.82544730176309
6.975863715692298 2.30753836234198
32.17346097937127 15.55016979779472
80.47699900299062 125.68771042494328
15.565889689925523 21.998225084676847
67.39087593556579 53.71457523018561
61.38014881921926 76.07461459033378
73.31555127115429 82.11688768617245
60.4947139555064 47.93988473897153
10.81841507710775 71.59096520254668
43.61386684911611 84.85071596292515
41.80196437237868 48.65362054509011
47.81699498443555 53.70978575504582
79.36321352049225 45.02767935314043
40.734996361948916 61.50355443388529
30.07636065651426 0.48065580645415784
50.27603737170986 31.247756801375406
23.055817115518664 36.28810294481474
15.264355663187532 68.02573579697301
45.46089911456721 17.147803743544607
86.05583449177624 12.443221357622368
36.347958472535716 143.3518468928049
7.517424540363284 3.0420869415781846
82.298800455827 22.71448426889592
24.08710227743441 5.328427288943449
29.828751818368417 30.681278793184827
33.59823655761071 54.8525424137011
62.14734382935179 13.469335778790047
11.370877245366751 0.8115964671733293
12.900326425169363 0.7296983037589974
67.34631805463765 152.12428202613188
68.28292076153018 135.71760455231308
24.66346287693973 8.578675034967905
55.802300651034585 45.203680785927325
41.45940578521731 11.253949368412693
47.41516673599735 46.909439267266585
5.526602235674185 2.810469299670571
10.802956660108812 16.031641198891855
2.652560488491824 3.4254195995497065
6.3335875422966685 2.1749750125139773
5.366940652198132 0.8338119367121143
77.62128850156999 7.049151576178769
32.45043063862485 120.676071666445
15.631088677526378 35.72446724395809
67.71692730194557 100.17041941748883
5.981642310322083 1.714988931370158
34.511359067647476 8.589452717775773
59.03477443658559 46.12120627194092
83.41150035618243 57.61671424083198
8.167111582420757 5.417734282492388
55.90934863868233 29.811106520475594
55.952028156802164 17.625714718942046
20.452275513505334 0.9508613209361348
21.326741711928868 4.896641669728887
5.052704556400729 2.2165280126755866
24.015237729046653 2.8907841834587145
87.16664991651268 70.72489048927594
26.470876643632064 4.660101072430258
83.1822655711776 31.90890867853081
46.31207001882033 21.606547652100797
0.2134564652685172 0.3492307281395197
6.339008462120767 2.1215857243824314
76.98487034593325 7.143936398573768
30.200083300632482 84.96196977251114
10.024052077788141 9.013906176673826
4.860165940734033 4.391270063846102
1.0743467280009595 2.157996410110837
3.2244370838800185 1.9989244960432972
15.932427318324214 9.33073738832375
54.81796068014266 40.5594347366223
58.00464410155226 148.8472983650739
35.86788013395744 72.6188551863047
52.512528634882514 2.1091797186506147
13.45953598832567 26.587167656448766
74.7806992655201 70.0183247821817
9.266181359169728 3.6493506584709667
6.847498174105603 1.6001747293215909
5.831727264052705 1.2935340961357484
2.081080259843739 1.4166147538930531
4.641572710798194 0.903583606999083
11.817758892695489 3.800922205990454
58.13092049139976 85.02893275991356
2.212428172903575 1.292848368913386
53.71399886406199 36.69341426578062
64.01712417111504 24.634011200513893
1.380057418328571 0.9334590749743302
7.060941822493267 2.495325636027958
88.5604347893279 25.43855237501486
82.13352211412132 45.34289067998569
0.680490309883516 0.35701230429069175
42.108673422588225 62.461200061661856
0.6311782025894526 0.23870397376485838
38.28544745643068 18.550454167163082
5.83012254062396 0.641596494183045
2.6382028024640745 0.9670654452266743
60.25028492246384 16.6801310116293
2.484047428225527 5.4382311985869105
38.96430377161795 26.82305265277821
3.4044748880556797 0.9325376659321973
1.4494881531073012 1.1925933108752071
2.741254681663586 3.2679635435825043
2.36167679119782 1.257758569971074
3.9170087897032406 0.6763332665801912
18.939032397554683 22.904641297802637
0.8693688004465914 0.799434350904113
8.074134823870317 3.090428631726262
45.56324339917766 21.255785979264104
42.4321221363519 8.905359976104604
1.0334811638480161 0.754675023417954
1.1791126429751475 0.5016443825659548
1.8324659066570868 0.949141721164944
14.168080365599552 7.428658049806808
9.390158392725295 7.012872278967844
0.20458963880141193 1.659598759891152
11.981388438525522 8.844479942396973
27.777976312769116 24.92252211285674
3.9795081391345937 5.823629317272785
8.816094377047314 3.6470045300441156
7.031095054962517 0.5472912289789708
1.2467685614506208 0.9762925547386551
4.017974898040032 0.7342949445503727
0.7206585457974688 0.25128697032895764
12.802412647248298 29.962792829877092
14.39264700578716 6.940330434653815
3.181400612824697 0.24603230669170173
3.0063324930734043 1.0152028879384198
10.874653985048838 1.489954014734821
33.44337427852021 50.89894687564315
10.698857474507877 4.606708332388427
53.10610425741052 69.58975460940057
14.96740865893339 8.898503553000802
75.6874099118149 43.29376230077993
10.180151761757289 5.035443991144623
35.418714022869864 2.3839306519180283
6.545601567846825 1.3198147322801945
10.757522253753223 0.9313276387981303
23.472101135418967 43.41542533194106
40.29395818612744 127.44547639140647
13.061499997695941 170.45562595829807
18.60921340024542 3.160721619245448
26.38247571839783 24.80594757919353
67.55944081123002 41.563110665652815
4.057442102330099 11.80100227337871
0.9943546474552996 4.286139868198396
15.293642553726283 50.30119604817775
2.707837304450938 4.207021133008935
47.992649945746855 110.43275650475289
4.830113997870192 2.6950491826875953
74.81511199526659 19.882649002878527
64.90822024335318 8.5650858599797
5.552344224018412 2.919561277460413
1.838677715390733 1.0082548024359492
83.10055788245779 170.18718965937066
22.112953123815494 2.0248137288059227
21.39388435260427 12.75184317273149
29.191806522316625 59.42282011093933
1.0836475577452285 0.12848535303361502
70.1021785087881 35.33300706851536
74.70875230364005 46.59439898610416
59.5583677838944 75.21862194314201
80.66027524317514 7.6320738729579976
64.49635290561314 130.13152155433195
3.5630535462968442 1.0113084263545853
48.50896945200404 52.64727793211916
63.310801558188295 24.720611410827445
32.98532431050211 30.145705443774215
71.81980327585426 28.15708124779906
21.96423585042274 12.417689453473711
6.925155446412836 1.0752601037253837
3.5794064444837055 1.9724267174873809
50.17045472124244 54.63488342932501
3.2964599246594806 1.6023015167070547
76.76170200946832 62.81096192348762
1.6922198383143265 0.5032171283784517
1.699087165239994 0.3406073148191827
7.40992858815714 8.167097332016876
5.130475144897008 2.2023553793011597
0.8216963014961074 1.910159180269974
10.445582065542544 1.4146568692013204
15.407699460565349 14.551056855562674
14.058996453681795 4.471342433751178
4.721564175909086 2.1771538598563
4.237101047146463 1.2776175609889227
9.773532265226953 5.323021384697094
2.835687965322355 0.8209046112458662
5.373791759957424 1.5942752883797235
41.8831773930705 41.379132748646434
4.522250599441841 1.8983642698690533
34.19141254519098 15.36019335440499
12.688305596399603 3.193474651095398
6.903376598883806 0.48247518431823183
65.79963445386389 10.516272950884472
2.670799381652171 3.4780534957305935
2.835373927178043 1.0153841636888816
11.22116608184326 1.578390789525993
73.12700758598696 41.09238077281696
13.013664541656661 44.676994054274836
4.141684232169533 0.7830825210631102
30.32756990378175 6.897799928411523
89.56007168589342 67.02706500431164
73.63208480096239 51.27213942176516
62.51142121606699 68.26789879975036
64.14828230536331 32.38623090239892
73.04438975876673 21.333678233368353
88.15677728969484 17.89362337584649
47.72935415210037 12.246885206597897
2.9421687190003447 1.9575546035515037
0.9574093783279803 1.609072994249949
64.60882522818922 25.162852527473937
25.323781420092384 119.50732636481587
83.07541402706053 20.860834780445067
1.7079326451916894 1.2091861884387765
17.477087950361955 0.5098221293846512
80.06934451928277 26.185561236715444
44.32766919056908 21.83890273903815
61.91981113069559 99.18204521992273
50.510034226471504 74.9608112405241
15.568036839453606 19.024113912115045
79.44817522195167 57.70638683646452
9.787450267225964 1.1392313348665575
35.869022626137564 48.325315722834134
3.4745038997798576 1.7410542246291119
19.475496335049513 112.17374065172002
19.603920087801065 79.58759807872187
0.8766906225260764 1.1389233079970746
1.394863618683422 0.7095466484913613
22.070861625277306 9.919043892279829
0.7185121690157643 0.42948674891658245
84.28735637651543 28.93424196578232
66.1319113217734 60.90752521200696
34.463722721744006 156.6817615241684
68.67935561971152 18.90541672312239
82.52760397480125 20.49809436036951
22.607805166792915 2.0540173509740303
39.0802502014701 45.67020433965033
10.611933365159388 37.811387530108036
68.01444161605694 13.332986212377241
70.72193005959586 47.34809985834999
14.314462479009865 3.098432785749581
60.91829898887457 46.161992858081916
20.629105841730308 6.09972544769095
20.73073815954625 86.00640095808016
26.712938506766488 4.667726655694142
14.09683246600097 7.975465955489385
78.2923070289978 46.31074652708706
30.39164621402192 41.983988184161774
28.94413735903686 99.90254558583288
73.48903335464304 54.158222285261175
2.6405060028363754 2.082731145289068
0.912239218490525 1.8821460686956182
69.75027752355348 14.100966042429572
40.909762313688844 87.10026561449791
44.44536264986104 76.60278368432849
6.597191845775787 1.9791866289348012
47.69975418091471 28.55086317978762
61.97996122269011 64.111534077949
1.8427344469670288 1.181171591005379
12.368824194889719 5.7601321386795306
76.14168275926387 170.8090863479594
20.15778748370775 54.03894980652221
64.17252927857157 130.90876468425105
79.86611007686604 101.18866143314949
84.37636394180025 42.613422629045814
4.240026905870026 4.010687136196797
83.03815216500745 3.740665971286614
61.9604766815993 24.70116766361759
61.68341201465654 34.01255854565405
35.770934230754825 9.799642156137082
55.976435940633024 44.312155175760275
35.102979710891816 80.67048954107744
83.92550861185636 41.526502978068855
59.23230066895802 58.45296688641338
36.024692856118165 1.2597650171728803
80.17713345707378 73.97180975287766
19.000732461115177 71.68059510428365
62.92117104735739 3.2177020668225462
45.77226767563113 38.22218272003239
15.15900656344095 10.910346444261366
4.542485616148478 0.3625816022073817
24.110500672818425 9.061660949587496
24.495067507866764 89.41634174056355
80.40973062422145 12.41223599612772
1.425240237459461 0.508454993108962
75.99013666652802 12.283943230484303
83.17953255768926 4.28618639535165
1.4439590016142587 0.32148250869215933
81.01923756232254 58.002787568639064
66.8769732707764 19.303259357959465
9.210700495406941 1.187036191705783
36.478005721685626 6.263243917041126
14.49755606070948 10.925198040034221
14.324242220818286 24.026974372209406
19.49927056933766 39.07258293942466
7.166590972182682 2.9929235381782293
9.12594449448638 11.485173968436639
4.747882163559594 2.7323779382368483
2.7498050650958583 1.183314952302308
28.517514354660808 45.120995895327866
1.0078944966995096 1.023715335571388
10.312720346652489 4.975888719036822
52.19232049955545 25.21151204460038
5.056265316427016 0.7291461959145171
2.053812195234159 0.7031005796455663
15.882813505753287 6.629316762017379
24.508736941878112 36.66995815644876
3.0546335922551946 1.477361462860912
52.7893071030162 99.1711373953865
61.18407722918151 2.773645821351429
88.75870773453087 170.83625010913283
57.57825934687216 51.19705077169194
26.22015878278967 5.456333877946314
0.9491383240912594 0.6501759513808377
60.148304024325256 4.959680761513393
33.45728591321628 6.754332585187273
6.804586682863095 1.9563513770531602
30.431815146891932 19.4288589370089
54.596089976089175 120.90456542753618
26.335680002762196 3.9255277845669236
37.8749110132041 19.873723336786167
74.94380524156651 34.40822173220067
86.15154266412895 5.449299451500192
27.965275917219987 18.211294459559134
1.6858534867133097 0.45408239055927324
4.433204867380878 1.3811465825208789
3.515547100141413 7.262690303019931
72.26898036469633 22.087463000588652
28.914090681283596 9.471985593218355
35.14587999670156 71.59189231046231
33.45113305835187 57.70088735308061
45.443266218740476 16.683932640489648
21.684232394870094 44.6116469352489
67.00406950749769 39.24270962602189
17.08824096564203 8.380717773789089
0.721493117081655 1.417814979271386
3.5030981702527786 3.1678875304990144
2.2887318151840628 0.9541060864718856
5.134888713806757 0.8014225709122621
41.82622185376741 58.00307841877738
2.552184270434863 4.557655342215893
7.118089646032045 1.9403484564661815
6.5648471445458085 52.583870051776096
1.8888069552095033 55.457171512141265
7.847470597279397 42.803159695760776
18.44699603501749 55.20094734155847
72.77281002205481 20.369745509688226
55.53211311790153 46.56831483363284
21.83460252366075 33.26119300589943
6.759151946637878 1.3861521915745345
61.9446784134724 32.8197412694868
3.649652898562288 0.47982603363167436
84.37994775857052 48.33480920753333
1.01877241233072 1.50260045029694
5.2296135200975105 1.0227535821429368
71.7358956495475 23.439843323498355
74.77200118586036 16.352569065087856
59.803530829958504 53.565668381791454
12.571932272200371 1.0766392573089885
8.402743910246881 3.086142922358572
60.17777972617034 60.526283745463225
69.5533349732507 26.78070712887603
2.6386669745055538 1.956588481054088
28.10356592801413 7.3710259972355505
37.21959323431807 1.9513666650706585
3.9299489249171766 0.9155452837026214
8.362346751115831 1.4871657663206108
42.09142525170668 28.873809104261976
61.252340839672605 6.8960059975970065
85.20103594503246 20.00889743752597
31.164650357981593 51.5166043749842
64.32976798777042 14.9055350714717
60.878979215081486 12.415692676948535
15.15039507189001 3.543241597114368
77.01031398243366 40.43316813340542
45.59582093064692 19.193196421316614
79.47521542424131 13.441713172332944
12.047859873248793 36.280339009759594
15.494485576192744 34.023552863219884
38.313354718090466 8.115875482831463
87.80778612358854 4.225408787101227
2.596692221866413 1.2206472404942053
9.268179948771786 4.353889822760081
13.14352690233484 1.2900245252010307
19.213788408272144 4.730086445977237
10.21424553154129 3.0299452695928792
9.700002936890177 5.058586994993281
29.13731694365835 9.855242245398008
63.85420862024523 11.741864311759256
63.2867961924166 35.23760529448545
89.78790186829221 40.14748755876878
4.053788274116526 4.17838498324215
5.04075981834721 1.5604126251185026
0.6033545538121321 3.6457409133300427
12.150704474789482 17.082478289514313
2.3280816986853208 1.035300989881104
7.404256196846997 2.9131557445567386
37.124059482397335 25.505945924625493
2.2935353044420963 1.3274943966190975
72.49750696168492 118.6643727924334
9.336867680669151 3.9038867899239316
78.08028968551075 11.316689172907843
53.65230250699901 47.894061968064406
59.278377754255075 52.8746660772767
88.62453473613495 92.83010704455302
76.85861885262659 86.15043796230903
56.87830853680468 57.44803037545141
8.231194217086628 1.0918292803540814
44.991451828197086 30.53193891336753
28.354340703444365 95.00683411840936
2.6246965682720718 2.7381488480567855
5.3209641797549905 1.4410319461078576
20.24953610778613 4.043233396354268
5.860732085921445 0.896568730388047
9.287152087180502 0.8808517026097089
3.1065500640596873 1.8553245038052621
3.9466071298516883 0.42904183777131
22.968442654717165 2.136114376037172
68.06181624861733 5.123644345254808
82.40790775793867 2.404342565788664
10.47058420984529 6.51863856604256
20.214970229459862 8.796066530248027
29.941930973836122 6.735153614056964
67.0968326427823 12.912327123175572
21.094071876679983 21.252520234121313
23.037586343351414 4.260873532347133
6.181496505511407 1.6402566443029483
12.57002952661961 8.078263268332316
6.978488382595607 1.6507235450688125
16.083336846946164 3.091793481737346
3.8479747106704916 1.2042985182354866
11.063972041657308 50.47493479355647
2.0792176018582893 57.851965301762654
2.809865919758181 63.369360154851606
29.539253640099304 58.88508685857317
80.71109869714468 12.695192695638244
13.71523851252877 74.10560580939539
51.384320553471014 18.01619582302946
43.52063193659308 6.780493210949987
4.008536609014653 8.217218605275947
7.590526981801135 1.1655738213433524
6.112329803666229 2.2124421400697276
28.911853335827544 9.708223450174291
68.76390197942024 7.827901634310612
3.5144604247753937 0.7613596129296566
4.279405132307478 3.0458380567944587
7.220515133591636 5.896078466198094
63.175546383278515 26.516846755561954
19.479193800245582 86.32266617553788
12.449794904630208 0.7568037357641045
71.03010660503907 86.18140326041625
54.99097204923177 80.80456228290076
9.001126760971164 1.6219227346065686
34.01716173122392 64.51698031002027
4.440460699919779 1.0156430485283947
30.815427133808264 3.7310563201561866
20.36567493431479 0.7047677916137632
9.212118488789965 2.3679634875033444
5.111171863515566 3.265875811692004
1.7834398522446724 2.9679747692044733
4.876493889903516 0.9320936991730733
66.81975980035119 111.8589366909753
1.6765431231768306 1.0347562285396366
37.649607120483594 16.1294158485757
3.7482207476605978 0.5998936315271463
17.549429387846516 39.64847594700852
2.2825914945286385 2.301085852232347
0.42025178809052743 1.6739755584342442
68.5075878488863 49.4697356478276
1.6805158019160946 1.0899275114305742
29.045572771210097 12.297715963099153
3.4489076238187595 1.3292966786226967
4.9230868307072475 2.805395315483802
7.166655826113918 3.743067894051658
6.078263836030245 2.413476202184633
5.782736535362598 37.36196784825834
44.711058042649256 105.85906510379849
3.161137439120259 1.3744160743495015
5.873671044075005 7.346237744086174
7.227141766289234 39.051091530694464
36.180969218048716 105.50992124175934
58.87880997982903 10.213743527313056
12.312050030845825 30.58688069611983
0.3806095836220649 1.4494547420370394
7.594091607349347 2.2507954330632174
77.52325971866688 96.25726663777739
9.402703762884071 2.079520980401744
4.689487017556342 3.905277327329339
4.074231008855356 5.54735678016983
51.5209299053269 64.51371119124227
1.9442461880285569 3.4771774080365248
55.5177920347219 3.9894648258411354
4.416860565144872 6.1595786861599136
2.4824493621674812 3.3633083764899485
30.134770519957165 38.78648770361122
3.062654645589772 3.897309211774297
73.35400620983125 21.355031631873796
5.158632072322158 3.023286371608959
5.9447780737872 39.95501518844134
38.884407778959826 71.90655981444431
29.679869005399784 17.27241701830519
59.292125814049996 37.247288759457504
51.22253623654203 34.6187695913328
21.8883647744631 56.542616117700625
41.77206138386533 60.911835827356434
0.6597403072206934 0.8993225778581803
60.24107982546271 24.519124694424175
21.01515420419396 4.793048488025074
50.61649210256751 9.936116251795253
53.54308411151908 18.140851513184725
12.1388161432839 2.575983841755102
59.24152915466813 5.1881062928222335
11.89981197516077 1.3000574904617708
64.77523917564108 2.3198004868049233
66.34023182962167 7.402135622656726
2.7243639278658836 0.8522745787668599
7.3444530791594635 1.959391506187117
12.14693275517124 0.9170682294683958
12.900544136998295 16.26492169796833
68.715439007814 101.11242956571084
54.884893476559256 66.67925222778553
2.2473910760291584 1.3104411151423592
26.86584490767342 31.61791314283206
25.492075980101664 48.51207198558754
21.013707676782502 86.76388406327764
6.8560128487096375 1.026189281844936
10.960117159673903 9.535920882252102
51.40714234141646 55.329016006550155
1.573993677728838 0.5113928773071543
2.045339118441625 0.23705891853633587
9.158511248827496 2.165178914042605
5.72921892683599 4.970260795423389
68.82828972083098 21.571924691331823
39.92735822070693 36.850268295722564
24.384731631022266 59.04180518142329
14.266372405799796 3.6050735487912804
1.6118840575186686 1.6948256571146774
2.8564101556945705 25.56935401438533
2.4992743314048647 0.4655377372397385
7.832161636193654 4.464041493438537
24.07876807651897 26.77940755213412
59.594647842160256 25.13752456942281
47.68785400800271 134.79904174493598
57.11616076423369 52.19047110916469
71.36760652243737 25.15529558427878
71.6269110385948 49.00291687910298
57.39949096212649 35.62716744076594
2.5021356880997256 4.644953791452586
48.62636118885647 86.35899707806327
3.230532772102539 7.0713080694363795
1.095820853576 0.554418031773835
38.43392242690854 3.230571234730435
10.122076113931648 0.736774801631042
7.666128520512146 1.7982795230930717
60.13172769345472 177.46593729021671
81.7836102304482 95.28379282842928
88.84952792224063 37.464586166377465
1.44932595465928 0.500838488882453
35.17328335659625 2.9194647648497085
37.551968598294444 14.553057171074116
21.524935584319543 1.0221165486405264
9.360000716690125 0.4931143251647885
6.072352459971317 9.62576300942641
63.96334592527634 68.5806083083447
15.431034756286248 2.3025652930107943
74.93878452805146 14.142142205286461
3.5069803568716305 0.7130692643168222
49.58236469786116 56.52054398523709
27.670338178285018 29.090593311765197
0.8942526686054328 1.0234950001204137
1.5426845882377587 0.27042363454632357
67.32125631708757 14.42134222941493
16.4009226342672 4.168761121934559
76.28840007421365 22.78775481206673
12.62580153221539 21.71222673273937
7.6342128515768835 2.949663272480184
5.8412379676285004 1.6787156008383721
8.573609441662969 1.6427307494138115
3.746997488640486 0.7346349015151085
2.4452757051392515 0.7702848750074289
4.773384229663313 3.175822643355961
2.950327629784438 0.42553504422495925
10.697128919000619 6.47125569403874
66.26270357272114 10.704035550477814
1.3574118345638937 4.002392747145066
0.5603600662235098 2.8774594123528776
2.7587582514048594 2.5614864939171804
0.400836651947085 1.1167399605692163
2.692603301976931 1.1003861796397796
2.0432460605159806 0.6604068710998704
15.084999051188253 2.2247626882947396
24.56585824744755 1.9350260583292072
66.58716303492206 3.4436129009308574
32.90795343730151 3.3949940589091585
9.982249062520896 4.423460325219311
3.5943321440840124 1.6840337005006212
6.50058818601674 3.602931705875348
8.67605502304324 1.0866810772832258
9.731456602718659 2.815638038668308
11.33792455030434 1.5608997250494918
11.714188995874581 9.889436343017525
14.858225204868022 7.100311790286893
6.314845037539885 2.3156122791785756
66.93645285524204 12.806908114889575
46.02766260311617 4.640092057515189
24.82878505076414 95.45179166965269
39.53270631789101 86.7875239320011
82.45929095067754 61.38575134619531
8.413451070286756 0.6095015199426989
7.067025331204616 1.7180594500278923
7.8999353969278525 2.158307837326689
60.42546285484033 125.44692872670578
66.35602321745527 13.861814341242551
67.11615345741228 14.70687791369666
36.54089258878224 100.58893396692744
59.315460389114264 44.491849795096336
32.01972117577395 64.59199539707076
42.94194405404383 29.39748305515868
20.697633310525646 20.64860714139218
41.1190823818383 28.912967711102826
69.0179043812811 33.20510127227897
47.040209110887844 12.836077134642093
11.95841162895815 0.7240731439718328
12.645237155284281 3.348971213830245
11.967819296264544 3.0655523261885214
5.498521714363267 0.9355211652769523
3.5850668760733755 1.012015230046038
69.95039924746112 38.27740054668581
38.710527884295544 10.960645658519782
28.90312187463347 24.549073649742212
39.50449779386205 31.798522752954504
5.761669492675805 2.4155075134150574
7.546767860431936 1.342665066634041
61.67786273324574 19.85353894733949
69.78265942375437 6.53335790719895
1.3356706871487678 2.760421498659333
5.485899571771353 2.8092183874727765
84.0789266099661 20.983338034254153
12.531055810394243 1.164790021238948
4.020044630440541 3.0143433041482885
6.384214918125105 7.150137080615556
4.557157752096661 1.3823961330614052
10.594143360846655 0.24068484714124627
2.3042854464177798 1.0306387289475105
3.818977136174849 0.4015770967717255
56.35572929526376 48.217204622544465
9.627337107409558 2.0021279913454477
1.7184084862960927 2.722557620248523
17.794807325896755 5.247059004742464
3.8182836341531234 1.5825155273820337
0.8335751683223092 0.4898352554105282
53.87599518295293 3.9499551029906432
84.87904323401462 113.68095961700583
79.20957874190073 80.32834518333692
2.869352425543474 5.626945867746572
6.390653443816453 0.618181492735686
17.48464462213565 8.838046323894472
10.682507818114408 24.042244774814005
4.844556748086137 14.339895477808767
3.9300795067319423 2.1015048589750998
9.333007486584647 12.110862483417367
63.00545540519785 41.32378780818466
11.086891634969628 0.5393722201735143
27.80908098651443 50.56544705234603
6.933536307639819 0.8336773879276178
3.248418391815534 1.4905157294998015
3.93646151355141 1.4265417668518066
16.019058164681383 28.333318804130663
83.28178957461601 164.40317097871193
40.82713361404004 121.41239273721594
89.19894667235278 100.59081108902063
64.94064306516438 66.09374587713197
5.922533411021942 2.1889974727354624
12.266453930734075 6.928915714131119
44.63652157724357 114.01772776477384
3.1118313599361422 0.9417244768201951
4.637550665693051 2.2857089578864858
27.59546063471555 119.20761739214275
26.70893335842871 71.906989365297
52.045923568601864 126.86712245541008
34.17803521745374 2.6504634778608103
73.5673291642759 87.68517840981616
8.00597473947974 3.045764303877038
38.701093957947336 75.51131851439516
86.46981233562664 21.862518563237366
13.176430112099482 24.417801577957736
17.691465205084317 40.87238184397982
35.26418227001005 63.13905041675057
13.452636008573121 28.55064351930731
51.7681721578962 59.0749009576398
32.88313385292335 46.81113710458803
24.796872933617284 33.54599902537844
6.320724944635116 0.38668044888606334
41.511702736076415 86.63295994745845
1.7645470844063638 0.5618250463384199
11.068914708681504 0.8742228444980397
74.33190004890996 89.67191306279645
37.88264500643179 1.562524134436411
56.591180547114746 19.33806974748473
87.65386072383373 15.913102018426569
67.70669790332649 78.74948766005737
68.43395356939327 60.95729613036251
58.48003404663948 37.10558373625822
12.664753480617097 4.968265842315156
71.95236921870375 2.873046028778486
35.25615599895878 32.35215747963351
81.11585580200428 18.65621174545563
2.3010370227519905 0.6352899115052075
20.25410136054156 2.070317302099266
4.872081305953831 0.4690957436562169
26.44169622887213 25.306045084209646
10.50728943756987 3.6835802956372055
1.5542064739391053 1.8476965966842025
2.3486421056625186 3.7107206754966984
8.748422081411302 3.452048228385671
6.6378518331504 1.064626772723875
4.9159996953277725 1.918438963539932
19.30583344565906 5.371366922545275
3.245641804781066 3.5581116887112243
23.68642370966915 1.5713355236869153
1.1995075343978905 3.5384343242917664
1.9887548568203142 8.089562969448338
6.995000736477491 2.370119105530819
1.0690136546708817 1.1028757381875463
5.712693411513861 0.7929800977499041
2.3275624487261357 0.7256738780557879
87.92146076029113 92.69183620356847
7.122136798306513 0.8967965199264405
4.899725771091579 1.382693203562472
1.517618140899986 0.25891090125359856
3.908801348840072 0.6666367715556486
5.224672681611324 1.3425969311497474
4.226128109732884 0.6109625223785536
14.346663097767067 1.670576603102018
5.9922443326429224 1.130861907864097
2.9020066069325683 0.935621750420427
2.898498348788862 0.5357454270653966
4.744503471848836 0.8106448036925629
2.7899100860698143 3.757813874931536
10.224055677155286 1.707800163187416
3.0953998133698213 0.9919119809687907
3.075400689293364 2.395735575155312
3.6716084221526257 0.427671460897765
2.7339987336049942 0.8759167989057085
2.5102179458445533 1.0308967043058666
10.99579635245179 2.169260414366728
9.603272610230698 2.9700686901333775
31.213981170715186 67.66155834053254
8.298053172458426 1.795547093147563
64.3735329721233 34.227428059693246
6.970260637450647 0.4172727078915566
1.0450276066163429 0.7121429685563134
65.25647943108382 7.437274575993474
8.873617218651491 1.0917022021203142
9.185771990466908 0.7755411932736993
26.260108940568777 9.506689391525414
15.144857427291623 2.2404780774119235
43.14167103236207 49.664700951679094
35.622028101306284 66.28223107100432
44.14325972403109 27.25550875320513
63.735629306294285 24.897949341013852
83.2392434268756 83.82240179515797
62.49713614078233 25.522275210986354
39.28622963279725 60.76902891046674
46.917700178771184 47.02124842452695
16.629156440896658 9.005799717907085
87.09140282143716 83.42316924293777
68.09853656836144 99.84838905085581
77.9590618235825 112.79843365033585
25.279435372356797 3.118530942556342
8.146530900404805 6.979210090386429
17.07374794229642 54.27207502268772
5.908753736568246 2.1524640926623153
5.672630468802436 8.35612652493915
14.518597909292925 1.031252980457975
72.08765250389784 148.1576169856628
68.94591851224182 91.60190468536393
5.188811429487318 4.918871203172259
78.31754811077808 80.39637153504452
41.45502684867881 91.61805380756296
9.996709410263064 5.270473220594631
14.593587156523396 7.891376594704726
9.568710614422908 4.694467961269787
3.2696803405598267 1.4319755222731547
70.20834186756215 74.59378774962309
58.8487951818011 5.433868444015787
31.550069262364175 4.928211232047879
36.4838805732164 29.23076375267318
1.4292872696453707 1.9081790900947517
65.34691078446535 42.26880185194374
16.762393433194372 0.44464604718622036
17.633097341507916 2.3484981182769493
4.550013796550331 1.5218530346988766
12.636956710149576 55.79235830425718
5.783641478136585 1.2793559288860603
16.110495598440746 2.0426438277897194
17.797778506114838 37.3529316147607
5.809679216603143 0.1766968620558366
16.43865516652449 2.3359419659224296
86.57968871896061 36.632717825394195
7.829977353502134 3.6308314506232877
4.630663101728281 1.916661378312731
22.152122763318214 3.687424876692634
6.956115450883923 1.8353710401196999
7.388751402065944 2.2297113000836477
18.345698756360093 58.8555956046824
38.15625275405236 79.33613760210325
16.483801505358592 1.892470072721607
10.586600942796185 1.9286641999841752
15.746770174166276 2.8803710297873204
29.552665059509955 4.084545128043089
38.65216603934724 3.455596543096901
68.85008982123226 6.515309043825884
36.80249872450502 8.168258439888536
2.5473549320615967 3.2323608331487184
59.2262628817866 114.90339816802094
4.373791709869087 2.2182145656029846
52.70706914412601 15.009529705820992
27.92950083847157 11.861578131184926
78.39970505013068 59.872348880333114
23.64853958249293 45.53875583092344
29.87151494626639 44.82504882509662
18.16085732231636 81.55079518349638
19.87817290557717 56.28862563823791
2.4048637959189167 0.6566115343254333
82.04135204214533 10.375360796592233
0.8414541193563909 0.5741857428639249
11.980595974334461 6.597496143022045
2.8924383463459264 45.49654520855448
34.82416797623563 68.17449257428238
34.69971167636103 73.93692370228516
61.5768628753021 98.75456810085731
80.84456843178319 120.4707952317359
7.3070072787752975 5.6628459850221375
81.14949510752339 165.44095958782611
48.84370358229802 107.71702052538969
34.32207623870264 20.903813602671935
60.149622048604144 166.43696164841936
34.51082517875194 68.29118018499868
55.423078755195235 75.67893284076081
41.29471018845081 78.13424589901699
88.31190233438208 155.9636562188912
68.63392962335263 99.09260644979494
0.6492405445822382 1.1323483096388864
30.656321718733494 75.02833596279025
