2.9345085955032264 0.7286204367883725
5.139566165323154 2.8552371147032787
4.237005715368968 1.2976649715579223
3.0141810004189944 2.5111850674483196
1.9901089693748444 0.5040144435678757
10.837459768784239 54.02648087678504
9.456137895828848 1.4292200654137024
1.4406293556548635 2.5409078672634626
1.8987033594223692 2.765897933860541
0.3267541500133602 2.0359137810388686
2.4873411618869103 3.2739758048856835
60.687378370726066 95.30212942315917
2.3288664991029013 1.9261163242812516
1.3484843568123717 0.32139206481302507
52.18005637007133 29.364704191264316
35.522459664755225 32.58878041150287
70.42813488946105 30.177829234252837
42.149577212630916 69.39610373035683
12.378455549669786 2.1305739046927448
63.604710102708594 44.67883106715126
24.87118730331525 5.202976664383747
86.44680909641336 3.167352057710526
66.59393479794485 21.27942898669536
3.6063784080258894 0.48870918332208235
7.178619474103123 0.7733425119006133
13.811624621491752 1.4825780881477477
44.350328986751904 4.85035352011579
68.04746988469289 5.025492418968296
29.788213708371263 1.9263283809274498
7.542782711051015 1.828337677250247
5.534705315781875 0.9066721862139328
7.361185773493734 2.04166644564633
4.661660823341986 0.9213397280901181
30.264225264163922 10.227041419445229
0.7656436866354529 0.33208400200533655
0.8924557962482689 0.5082356034919994
25.046282645560844 26.332716594661573
6.263903703056727 3.1672468452928393
48.943867286831505 15.93857189069366
70.06726943604848 12.944559074201596
5.507196123920616 1.5821180975521665
80.16195300233981 40.1159121196398
5.678772823031522 0.1598785300652047
27.679618275463753 51.82717205847626
61.74317277606943 7.238769658132292
60.86890527269995 43.92256533151447
6.173097426847045 2.011934129962024
85.85463626375244 47.5443281592022
86.20875637344035 124.8488366016379
37.54645531860398 25.67750701080448
58.362055496110585 173.99844683746105
69.86864704533104 148.21054920365464
60.32472155682679 130.82497969999648
87.26261262618596 145.2869658086852
72.78914457210816 141.46089259470745
70.50934370242483 60.18670610542699
26.876738579230175 6.167843578361468
32.914983470725446 7.528783672739934
30.665845347477312 2.7426287924851787
25.111176759682586 6.798883038297666
13.705962623004451 9.76745216287821
88.75599211456391 32.01379514693766
46.391125649241616 13.875072443141303
74.19232155045425 138.22277068834256
62.26178825453948 105.44180606143705
32.19901154909198 79.39492560884143
62.534266118850084 60.096855600904384
81.36750130305289 39.00821939195272
65.09647160313787 58.76415535727223
68.64914482609507 59.361062034213454
4.737179098663815 2.514666618400929
41.80014888523269 15.69237539069703
3.788523984603974 5.066599941157891
66.44346844347204 118.2760634955256
84.05020873212946 26.026115765502592
54.71741546407573 25.950608207031628
85.76999803812191 77.52819603222899
31.186189569783537 10.058487082775509
25.389914819771704 18.43530186021175
76.1410702757282 145.4729912681036
4.567128607889937 2.224377485423785
74.70180994262124 84.96144527633172
3.1982171878737535 1.3808805417135472
0.5257678886959646 0.5338093079319899
49.12264919672985 102.53548074206752
70.44374642382552 7.272303459132183
62.13892293364296 15.36645045065689
86.2948087539811 47.37969934372733
75.8652012574946 10.2975699903992
44.16534611292874 14.682302711542286
53.55195941365629 135.1710579584315
85.45350570007875 94.23277848098427
58.98310116898468 40.32909903373926
89.35634104729886 86.83975752804147
58.28453858826384 102.28212207590963
30.52450176786356 19.291537301330166
46.845005159503415 47.7618778033203
77.85432703478885 91.71761027577841
10.173261878804322 1.201632759671755
36.67171773023637 122.8811732764374
13.719592205038662 66.34927820489384
29.41005634871295 29.19225598910543
72.0036425098393 75.47953011567476
43.987069177192375 17.91337328463646
85.03225444001735 2.6770753482286103
53.771244739343295 9.878343031462341
72.72390445308073 50.70939948522596
58.41748237831288 97.51556369281037
45.157110509307984 69.83880811038473
8.573087557722744 69.4052190188031
5.617264904300064 7.378894201602003
76.95258079628711 38.66251115437559
33.58805706090891 59.695603328860976
75.13974756388033 38.31899768746212
36.82361821041397 62.06556540873133
15.881341461515623 12.894726576022737
56.65267030082049 91.7856549345881
31.5976976485492 4.641340520993134
33.60914706849561 41.53288128614048
65.06948263180001 151.13521031314
46.651997424061975 7.452809878785681
75.99749638595954 25.799651152536917
5.418646387017349 1.5718937774764958
77.46407309161516 71.87588428470089
11.356819949606384 2.683851976324686
72.72678572759051 14.839180293306526
4.279652646882283 38.601999464364255
31.54316850879772 60.42011001419518
9.290545365453283 78.22940284930236
82.68168224477064 8.350985725055434
68.57085603660511 18.452400188105333
73.1302669898383 28.441883860786096
46.08549840150488 23.728039742247926
45.14781272363146 2.799293662372411
78.66556478201493 8.306701024382543
17.65147384485811 3.903398220276809
89.52621964179774 62.491016313198436
19.41141007524077 40.739367818114
72.8558190574828 22.32272441117728
56.98665970983675 53.865942710736476
9.580510099284036 1.4415115445877773
1.6498086664084166 0.30603869933654493
1.9991171891605626 0.4022565239425439
13.034455894896167 2.300148586589072
11.751738541694559 1.298308496346822
12.106200245029905 3.8786882741780135
2.8491871933779938 0.3279713786536907
10.564023946128964 1.5181024920593975
16.780169713225742 1.634657560647577
43.35127027584508 66.09109324199522
2.5688135739530473 0.9348661868799931
70.64289741975713 30.188079636534432
7.8054411812301945 1.0998839867143402
14.02447329983416 0.4590709925364834
5.970617527048431 2.8674105694870256
4.6741272042578945 1.0611582127875843
68.55315297704844 41.47041853060533
18.878616517123447 94.90766329770753
84.06165717158002 55.32744766804828
22.856246790605695 1.3568964395325427
3.415713884982815 1.3004152562706064
7.455938647871421 0.6941732942930253
33.494244873975894 3.0829767457791943
6.590080592734263 1.1274652486820655
13.109373712160483 0.3601674419614145
67.87364331290706 91.0721348684047
48.55090738517264 23.13452946919132
84.80003325502062 22.98648869915384
78.94304982821373 30.374225017549527
66.09987370424106 42.49692616351444
71.11651777076688 3.7162043062503427
66.1373724243076 60.98080613227746
17.735808173806333 25.830601034906586
30.430382842558032 29.606738018937666
77.44411412743997 14.792320016168766
69.82502136735444 23.495207987740606
44.37173838295766 89.80757090648602
47.54877307303144 71.01827699294172
41.78362033755579 26.967601460369004
57.720524335970225 33.27560518258757
69.66505560451 41.978623664039965
19.90366967269688 6.064356400430723
15.15868498831328 3.543470699041727
2.093651555907804 0.44406239953275267
88.91908890163525 95.94446781380334
85.54677678627148 64.24832831740919
71.86205976468884 40.646064692131056
76.23683358935222 41.069156745495874
66.57712178100432 14.978220554646725
82.2155884692382 26.525329075655176
88.50723101031515 50.59570432608211
5.16863957759087 1.6139507047795623
81.45648508939588 30.027487272693726
1.5023083023547943 0.38682461366917487
73.66694854895755 8.669090556986657
85.31414203250566 9.511671924540646
31.819629449547794 64.62895339156151
65.67694109151832 24.93567151029376
47.26085198534965 14.776674142982053
75.63062931151892 85.8613521643858
32.1509065831048 66.945568220326
21.363760689068528 7.114543921401376
59.1905581286789 22.797372517261895
17.24711087981413 83.85659687036764
68.67892335369935 57.40165286516204
17.24892217925524 3.414937199974326
76.82873345642312 163.62876430168916
87.54510345596049 77.00428401543259
16.18055687247594 88.88314476975792
75.36945296454822 95.4883848359904
24.18686391103232 128.40626078957976
5.819947622419458 2.804596376346379
47.6404175108628 57.5739807491982
30.912856418051682 14.329181684821318
63.73069592420512 106.50351961287956
30.011105911072793 9.300406465751562
51.92560120628139 99.8036843833257
54.8830438680045 73.2824822497416
42.45045562509273 81.68065247653858
66.93359700909204 40.54318476057843
63.66846046639613 144.17043032836625
75.46466109508584 20.604160669225863
70.46324854476457 20.01436105435506
61.210374163080516 56.421344408113896
67.82786152250571 74.243133448075
2.123902145817376 1.4274152092041077
2.8947459156413826 0.7748656696681077
23.17388571826067 34.760887169697675
64.21718000200818 38.20521853816305
11.323046409300996 6.7833990570093965
63.94924289426864 9.29226057786098
49.9268835517511 5.422337443412143
80.01807285799113 21.887000425654232
52.431959076214795 88.18850709370977
2.907609848642243 0.34574034789680397
13.419041913617638 1.5467703670667354
27.017561972590684 1.1524913346997496
73.6167187030195 3.3967046968655374
82.43510887958784 18.52944099413387
3.283691289221259 0.34444391826570686
6.614547313744303 3.1947577117877772
8.974337634362222 0.9108234425356381
37.29325015373419 5.897095583091589
76.05491845341027 1.6404616619264454
8.010981878338379 0.7675963857911913
25.237162915480585 9.204596274788182
51.05823273602037 87.84861365795813
86.64027946309128 36.15435974107727
82.69197222788969 33.72621477790733
84.31275627849853 17.500942677819037
22.877549261993703 9.47879951658867
43.474818621130666 92.29189513023562
89.53086301813615 80.32290755930102
28.94526921516706 114.01168484331521
6.486408785123059 1.4546997154324095
88.60563251867441 50.797979435732756
85.09893808441964 65.26844032398269
86.7507047243158 36.526386469215524
65.50969249279355 52.87645229749186
89.47415051135454 48.157102400354276
34.34252818959541 6.615888157492828
67.71849307731799 166.46064853283056
34.156071146313295 20.515968862309485
2.60711158754499 0.504963508738546
38.117649559826084 89.89597831700424
1.3748813243100875 0.4089189549811304
66.72010051176659 64.03499185536485
42.062764530663095 19.657996049805732
2.0063726452204027 0.7156405239077326
31.49133913893401 4.000783761456105
63.55368521124136 8.779242501898022
76.22199595341652 55.31350094814588
85.40410565913201 28.103907309077425
68.02286250920382 15.501929446214323
63.678865127654035 99.34143669985343
14.846543129399818 1.8822605735844729
30.31176624180722 98.53213924416099
54.582016791338134 21.71802385979159
72.07772936582528 10.962302911492975
89.0980000687843 160.9264497691656
50.63674027159622 11.248896965671769
73.8607784681037 23.64668148394377
70.01593722012326 13.620509603694055
71.36866898644757 96.47467026033722
43.34018409104055 59.38230824065433
70.57506500255944 113.75238251528233
56.51627595900543 42.42050057651124
28.542965927604968 57.12888397110165
85.29581349596404 116.56925368489138
46.89144062100505 58.84056282532845
77.45940819882505 51.676604026409414
67.799002861139 78.4958214121013
46.5859801810407 33.060849913514396
4.673074909775838 1.439218800307286
88.79700998753943 56.40168342532879
71.26100983378805 77.53771178264847
13.770617123259806 1.7198673735403
46.23379823506566 37.53272905312018
51.0179782375418 1.940184685202981
89.09484141308505 27.48916492861919
18.81323307665454 39.336527211412225
28.617674768891305 115.38872210003964
61.39355215556263 40.89186082236488
50.2993628807977 86.8695762973844
36.176397768597354 54.2297609716822
32.019147918401984 78.77160636636843
2.158718264343514 0.4203811712649618
25.18833489099044 31.53695921780569
65.84027582311101 19.896888041124612
82.7042968580338 97.03687776723032
9.655078544724066 2.461529756411555
32.55856201064572 129.4021267763818
41.793045271614794 23.84620212975706
85.29457999463567 89.37687267632116
38.07738348871879 78.25845967387156
30.100611321403164 108.83576927485674
77.83331359632709 57.627023872148996
9.102910330936687 4.03004094283857
65.16782894927613 28.6639792422585
83.99571681134458 70.07439644488176
87.00418872573859 73.78794926605727
76.89028395620417 50.45965790157189
55.9506464184309 60.29710160716933
84.62469680776343 5.724731146071361
7.43738653273434 1.2621596468530067
69.7853290867684 61.56067039854629
76.7933154653785 8.063409972291138
20.601350866810265 21.738199077172588
20.548888075077418 9.549918139572984
28.095312094294343 20.773720013703038
13.613773478184763 1.9496126241074978
6.983490950242723 1.1382348973036314
69.25169839131709 13.028471508879543
75.93311704342577 30.86460536412964
58.22299682941569 130.8923464692546
70.14976188501107 80.94380356686477
58.11918166223777 40.72568570380741
53.381120510421766 58.80000351684718
71.19896397271066 15.03531931443667
69.90743694372904 56.64745821975634
23.866302121174606 24.95849022266108
31.869506443859073 14.303813226728339
79.2611959793626 8.05215426103268
73.2177718129167 27.097472262521784
79.31423161034685 25.86689290464776
40.540990722114415 31.305106879243418
32.525022864313 17.90551488947318
4.244666433162847 1.100731241165846
2.027230650902793 1.5030436864356822
59.62377462693882 22.118723710044495
51.30283261267483 32.49877812493171
21.696762357724005 7.686350561265759
51.74577165550166 49.00170433509698
62.79849920240137 120.31021784122744
43.218854155051446 40.53893196763737
10.766020863411356 0.7355707757473948
36.23821424420396 163.69051615025393
60.268628041168526 66.48234022440911
56.569829237705676 11.048174669448803
25.822690826789056 1.4110277660610786
42.73689003321354 11.330719720956644
67.9512260650663 19.315886699073342
79.87605183569158 31.899699651087925
62.66396084996063 78.56451319182302
58.01699462156428 80.91335563763435
68.11116746023704 22.38064069359284
73.28618568998917 78.68863283247062
41.75566772183118 30.166201170917102
61.31459289844268 29.13183984884873
31.103737409244342 89.4199600609604
87.49575071180965 11.765411280017833
41.01138638223615 32.163899959590864
9.11843300402261 59.87580783588239
6.089233546200286 2.670949744556663
69.65905050515028 27.454654363817106
9.828753223442968 3.906300868298488
66.73606275083543 29.97959555808529
89.51705196132598 51.203742605489346
30.004628027667692 99.69578613252472
4.09340338343916 0.5656880356931957
57.92454617101515 13.952471748710813
23.087168338238047 24.90895749667373
42.558392709267 47.93573931364356
17.89119004031045 11.389754896732496
44.4640904452433 16.996475273272953
22.842556789357843 100.3898124148062
61.11654889951718 49.286274382099016
70.04230709852762 16.07076649755696
17.008848596023512 40.77475480386667
10.71819936115494 4.577895876983276
81.94996100803503 47.13825864633786
54.48115908460635 18.95853698471579
37.32495981149513 24.660369832712327
31.193977150064484 88.39460933744233
43.06806673344358 10.626766931314183
23.01252692817965 13.235886769732259
46.85987054789035 17.728432312821255
35.09660006304009 5.333361803334615
56.436178423462465 3.177499384024699
3.359858718199864 4.200632872222353
16.914296587183607 1.6865294878408
83.04315328867617 8.115943853446153
20.99284683696854 9.6223342767351
59.68452500419869 35.88710472971291
81.88255895708515 32.01230208944134
61.38581164117546 23.689557761653052
57.42274738807001 174.9645165447279
74.20219109358663 36.681665652380026
32.94546145656552 142.51280572862612
36.656032224299416 8.157990738686289
14.338859526588124 3.5904646946270824
46.258209939466035 21.944582300257366
77.5807187350827 31.97890999943612
62.85442485477244 17.026312623219408
85.79314983405622 90.39864193050202
60.42148293326591 33.86157280446643
46.346367174442236 86.57709411391095
52.71748743525482 10.791208959778674
26.435795273663388 39.908191071775335
3.859828265927588 8.468607494407294
69.16707335043108 141.49774885874714
19.960251415135385 7.738727038973591
82.36613926614352 58.72394417990088
59.808386535413305 11.222576305873629
41.26544648274529 31.653625874604522
59.71930605440262 11.813324176416655
58.72596759310899 89.90501698451372
30.827595510935847 89.86278484888014
24.899728245594893 110.36799125811845
85.74084070744095 36.076528862874675
27.16998700300772 62.82236436768551
41.46493358218706 22.48416203811939
17.862456692497858 65.0267151498293
57.393559500656124 58.154969380138866
54.60063330906816 54.24342188048165
88.00683479274674 79.76489267378753
14.263944069150483 1.557758952365024
55.437557850393915 108.53987210317831
1.5640928330868393 2.0618873552974377
11.076463634109533 3.1183326538575513
81.01136529877633 59.77330159805128
82.29740855551941 42.7732197472836
17.600090286230227 45.09464938359413
42.384920067063234 19.14768009852921
74.80068560723996 27.45437516117857
87.8126915643669 28.016785839789353
32.843872146672105 14.194355739277354
76.26423393636118 81.43419902400386
41.56692027509061 87.04172498009845
26.765105387152442 51.81192232308004
55.086469196639584 14.170930432862988
20.640272412396648 39.98758883691271
43.68575515351088 56.706327083155735
80.58747087872247 61.37386401523029
88.55399628174492 43.02041235532156
82.23922068754025 8.503030027474614
71.08128690192042 66.44776538154467
70.06126935248483 65.03394332384492
66.47497715970621 31.822747037587888
81.05350496008116 26.525917870955347
64.62721501267823 78.28718240295663
62.20780487581786 43.821183957070126
26.406727956514278 12.780967710047587
56.42969756216062 26.264414517082454
2.1556952529896756 0.558559693099775
11.129318764270058 0.22137314420877421
51.41794627195836 158.0229115896131
31.369729396870042 99.12036515408289
22.407005392104097 23.07294291361507
4.35788244043469 0.8706838123320372
31.340466740053557 54.086144689374144
46.77450661030716 116.26773282161008
9.71574298025865 1.3430450198696928
61.03944219992344 10.514488382203705
21.99752135295629 15.140105400484353
68.37741957983862 101.19063435663814
59.15965082957235 116.36576453215494
33.41007113169902 30.6050453401524
81.59205737681036 82.86529882995936
23.64435021621755 27.217169344615947
1.3631762359449624 115.70103102518792
61.1506382829628 18.16315915507424
36.15433440135605 26.488739362708746
8.653794315677255 3.7348957181569746
63.72928107057044 13.33709251772669
43.60699685660876 42.036753261827656
5.1745758690141885 7.2392051199368455
2.5186929421750643 1.190777461121765
19.70921137603115 2.166097220970007
29.903657173557093 18.82605698265444
49.54684827895187 6.295700550685511
25.15843069334621 13.933505232434067
3.2777740405093825 0.7217716413070574
67.33603639786574 59.47337795764968
12.706235902823051 1.3497988870980573
88.36468202194804 171.74489675996415
29.26639899403519 18.933850799221585
8.942399420327305 2.448879427542677
78.84913755983078 50.46711456520334
51.08102991895518 125.74220526973934
43.97538774237897 103.73161540031334
58.06324358910389 82.40269601738304
43.2080837308643 39.485177082271605
11.784856384341168 73.95191425828122
43.8598719587782 127.24785710138987
34.25732587278716 13.610564576625881
22.327890387209465 84.12408243636936
74.82928075279975 32.02358815688983
55.644812081986224 10.288136839333365
1.4483032436164245 1.348132323545838
1.1905715552512424 10.227685016050614
72.00285103445917 55.553573235762904
70.37482072120153 108.45120782688667
50.05597969242521 2.759849243116976
59.963890117771534 11.872945953101944
54.13736073800268 16.823091905812625
62.72760444715988 120.42888532501931
55.35059486777756 134.3805025000505
59.279705338866606 19.850492567785796
17.003633690858504 26.942437196987807
20.699155192175603 45.14080254412599
70.43610543781897 52.887930804995996
45.1889566257188 95.50124634957348
3.3397974693933667 0.6074718152097529
52.518622877942875 35.58191649930603
3.9014362995451446 0.8834704336815938
39.50897587716463 84.40266466462155
76.90413897573042 34.37280630152382
17.032203169597505 6.35958358877494
3.776053261589051 1.6682074213356153
3.6043618638451904 0.7646475808308901
32.26981218258646 9.481464236271837
37.1315030646089 6.567034961921339
30.0985900548813 69.32708145090457
7.166193013324785 1.5622923507737545
41.7964538468704 28.109878857426608
52.596462304704076 78.35140471697521
74.16627764436053 43.39756254898324
17.12137727297298 116.54902355778871
81.94324788467765 19.637192812145273
81.48016212920726 156.05187761975333
59.66344989712972 35.02943324862587
73.88102178931067 144.93707889327305
14.225392269080748 11.084223074583157
5.161434084871974 4.122918093790296
2.913506483210893 14.644622629850835
4.399743052927758 0.4672373362713512
1.6245716712944525 0.5037846190103455
66.83254064428542 67.98644043580806
28.947551718834024 19.868678309011628
6.398174552963707 2.6621454103564806
11.415376612685616 3.437863065033766
28.18428300533474 5.5216786140251894
77.9878142523855 70.8846640359334
12.562688350956815 2.486936780354218
87.73088056054297 175.47202461593685
40.870695472543275 84.69948187042239
21.783645909574687 169.96568574041245
50.91308806227816 98.29058628278862
42.58014060919567 63.39964280319066
56.49200542377818 39.46029677874376
61.068114705740726 39.09687763319345
72.13868443706531 121.88302546066042
23.97361123068802 4.09381077668994
60.74124591477607 139.8831796503881
56.046487722420885 43.265600045659546
72.47268642554621 37.10577933203477
13.532360901310621 49.667900861823824
11.22907408589691 0.9982410719327015
9.409625095909634 1.091321960161944
2.5727358225710675 1.538400215206002
7.152791971145666 2.050633350788087
1.8071752875778113 0.8956128099691385
4.057520640647478 1.9140089384054486
34.91779772721344 69.19434743247288
80.3743474669154 63.934529940469474
27.667693154157696 1.3828054042021478
4.18981602343934 0.9644311423602975
81.92501876575604 71.18358424001974
69.72175913590094 124.67242435368676
2.116576438382968 0.7678580948079116
0.45394069269401316 1.2404027606230512
1.5958877686988293 0.6185082618482982
4.46880534352758 3.2735160631087457
41.32094963424447 92.1309193757713
0.7682901843429997 1.0457879170945683
64.62769084006429 7.995939770465249
82.06872480199907 80.02562537542633
63.93605754711925 165.94780708970956
10.523531398116676 20.461293012200894
36.21669522829649 85.40150568803422
58.13793393620425 91.59578755040656
25.811331343052785 131.7178440151554
33.427940712659705 104.6386062560383
78.4752411066007 91.10990343261666
73.71115203697249 89.82155329614376
49.532874233242495 35.6552890004744
67.26699052177564 59.64875048739433
80.69872230315093 153.111865274865
45.81480088131753 83.70868774332037
66.35824280835735 161.82248564094053
58.51679002777301 71.31174087021923
34.434010573546544 137.37624447040093
10.756848910587934 87.07988311393643
89.49411735034364 23.69883545440994
24.482289693515554 110.5888986293397
10.968173928304894 7.814669396268283
82.46037633592508 67.04643232363631
24.2738856556184 13.165513601512238
40.55898704591618 84.04137853746178
41.944347236370454 69.10154263853966
54.08672112937582 179.33387752585142
4.360211325838955 3.8021510342672857
45.82403858271678 111.66439959310382
2.0173475686073465 1.4306051847451762
7.105535213239384 22.382225732317423
51.30490486294019 71.20768027297477
78.69002110136053 136.84317259146016
30.709867528000913 61.25690332823258
50.754388307968895 128.32623680182826
85.9911071314381 158.47721780591937
49.467532605435636 1.4357928430264861
42.266880254589836 94.06658916089381
86.40240410760057 8.797652641510899
47.70114471909999 31.13829239043177
74.50002562293842 175.52770923737347
18.899882395282418 9.838931503305027
31.140570130892115 26.008681531003482
40.76779276596722 15.183787190528882
19.815061699281465 57.752296209410076
30.432730418304136 13.36559430648084
1.8268230601819913 0.9330537971846236
6.569589845975801 0.24395913780261
79.11041780814995 94.70066637399118
59.8420285925324 94.27166579488616
0.7773871649390898 0.8591569456013733
6.419363786561297 4.998179508599513
6.866359561424832 1.345226190218607
45.18920715027363 152.45851216049147
63.8305168739677 10.92674198544481
10.972620779269988 56.73936196118715
28.940162961595288 60.73024305906067
88.6175689834249 69.93232800595956
11.893517301736182 4.187057023875842
35.9653890613269 85.60424562568825
52.6524679562708 131.82556760078847
2.2899832196606416 1.0818398642826745
43.621493914863215 23.48326323798063
15.147459312993622 60.26862052935701
3.414036762704504 0.7536686594329332
74.58636044953599 48.30526848224642
79.65058486895038 44.39218229037378
12.362123920875346 1.3776804886627245
69.70313563960526 22.014340516664067
47.99697559712678 41.505279780859496
4.538264195564321 1.115210014207766
82.88095584762682 117.40299033599673
12.63202626670515 130.57809268618368
42.343567324272506 18.874566540842814
56.32100515283422 30.961831969377194
12.524405219603874 105.78937822310667
72.20286252168461 22.95912949434707
67.08946181966432 53.938246578728844
35.56487650756606 123.44041982036407
89.42740003113319 121.8438938120718
53.666969894889384 36.85099418299327
70.3463291641121 171.76001825611465
70.0363616304102 127.85834410900412
40.957013203533364 72.98902537261874
55.748785534895866 44.55057457218182
60.87353012056434 134.92884564372537
66.22923797705886 124.69227836099515
27.854294427542566 0.47541339570312036
50.872260179045696 31.756038460721314
23.807683402241963 40.80513529602061
50.16327439666867 82.68440720013083
57.33791319495063 143.66357224325853
78.85298594922166 16.300114570126706
51.815958745116575 128.5992983785445
33.25228621833395 103.56038700783147
87.18608104661 50.978924163315845
13.101149192397486 10.027742063053326
67.10661651757502 57.86570553694362
58.34880411651508 135.44278984910036
66.18493736373543 122.33674084809412
10.829159477998463 1.1548037468575991
11.732366904065952 0.7317262301274888
49.122231726684284 110.76722104441933
68.13382777736619 144.4553362113447
14.256415856755165 5.206861063221038
44.385232793523365 138.93253292788395
71.48213899292497 11.403991557066442
47.650753681467584 58.72684372979678
65.2481632975204 60.2328386392897
64.17920619256762 73.4013912844846
36.340943194794285 34.68018164900118
6.899790440101945 2.3831590324401004
10.289242693108136 1.5389179288637607
75.13312044456778 5.542255741127737
43.56452120513589 156.66277742281528
64.9519774973636 35.73713657043058
71.55444749905801 167.54294262142363
88.59059911079214 70.28499281828314
20.67898661268755 3.2803799659194346
40.31558755167606 32.44202177061823
74.50856281906108 32.6334751400729
18.673478155443615 12.969723462695786
4.050907209051795 1.4839414578982155
55.86864933655634 17.64895423226842
78.06847472831555 2.5712721499026054
19.96355530955558 2.9529142223844174
10.059896405815266 106.1260632413994
23.641746282438156 2.943345335661485
73.32008753832893 37.031002392686574
80.96851639622052 32.61937958230519
74.6476513007568 13.123251674253531
43.99430196191426 20.434633464755496
4.210564189819608 1.7646594540040843
57.99671300882445 91.50576970536667
83.04056812741942 6.407605686642672
36.26973495391894 109.4130758642598
86.83207342487384 18.558688982672585
47.85142692488832 107.50444540374781
13.430553198088443 21.05080539012735
10.239515358186157 5.375605510011718
60.300698674658605 137.87819206057787
87.38979706752927 51.498250112382195
85.61476294882637 167.1512528704778
35.85832394278327 72.99456925697527
54.81708249170735 4.066513360991087
89.31204630153178 32.8234268297629
77.53378547388877 136.29569954908658
46.738816425685826 90.96633933019174
24.453740624946878 6.467301684133948
72.06412523043088 40.1146086331754
1.8185114529378525 1.3042443028835893
23.559151100565717 6.468009917562288
46.20929906760976 10.140762914973411
58.42202398020615 86.38788739485928
73.15755297039168 32.62226897069898
79.3809043364105 42.62433887246794
78.64710885080495 63.03940373793089
1.9556466506634214 1.0767053761645404
5.480790674300806 0.4415810207010752
65.09979366353576 29.44163441156315
80.99673338270223 74.30699782737167
64.91899310854026 37.45947127805683
70.38724305512734 45.47070877627592
30.716780759837814 12.964336834602062
85.97776051942066 62.49342748945465
10.786192432059952 2.464124229914086
5.759791957399285 3.8488408872147453
62.7000639579148 19.52620202892304
83.25710860432466 122.10096072438193
86.57696077447739 93.26219647718125
6.092269776311033 2.397193955106928
3.6116555581068917 0.31746833526347884
2.587329762495809 2.5015965645026332
32.70161857748587 15.299927813410589
73.81997017308919 35.94369171018411
10.036132522586295 8.446946243809451
84.21859017728761 30.048567324625964
9.031512483063244 2.8221502940111294
39.81594584051297 25.862210654317227
3.6109947446457986 0.633218653130563
0.9143565645549471 0.9330548250771421
6.869357396757354 1.2303300200371738
79.54786887562302 58.19061531834306
5.920728702118815 38.43429224230838
11.784123076585749 9.239759129054875
0.47532366255796393 1.7549799431152604
81.01873180729494 76.32851571885948
85.82766426742056 66.55035258001705
12.738429538846333 54.901860572114416
11.82143282556134 5.675087564746317
4.431404553494427 0.5133271178922455
32.58146394368617 25.241818516928877
7.909875069361447 2.2840433555938833
87.04381112738241 48.913778680464134
54.504362608358676 32.83321668020182
74.51573274181857 40.53917229974982
0.6055302656907358 0.4258598710855923
82.63225452059815 21.738224324795734
24.285279595102853 3.073322097412321
34.944192926698314 48.080814658694
9.173934175608286 3.857460871211091
39.65645061205288 51.683953133815244
76.52027963899378 116.75625696221168
78.36057977935552 29.17374538805034
73.90646415708487 36.03484821317006
81.97074899635454 16.271044489783378
6.489807926204683 1.3482264201761223
12.251936177405593 1.3360861528512122
23.248535509123457 43.829480648168094
84.13942740627685 104.89226869982755
73.16042534211459 134.7886887581342
12.494524981993822 2.344615068835411
29.519694728854034 25.76094445212056
71.52851855555724 44.64214683269403
5.034941053866513 14.784750219603536
71.88793251750828 60.88504374986872
34.82219246271704 50.22190367220897
35.06196218511711 55.099383545816664
47.904742418110786 110.08779749720986
76.52872782438872 11.627494420162117
27.978968959507313 14.938280676069901
79.12805807042062 20.295265539640884
65.83076880857392 59.74891415634471
81.61423612235434 28.444942053919913
82.74054437847398 170.14474595146146
21.196748151031773 6.545398807925259
6.495005449954704 23.195944857994192
49.13683059628677 26.01637289286863
0.8567946256057618 0.19535344185103515
33.80387957086512 140.8912295930783
40.812536603689296 152.34616471355156
62.1672956256418 82.01057432454947
64.08315770308756 4.080589349169502
67.69863644066278 96.19040001850226
3.361160228940074 1.1682746570808886
60.4470625812667 37.16976716516815
59.779065257310606 24.848615319876195
57.717722867464595 27.35277884553306
74.31362770881017 29.524191564556702
88.67541801604665 12.258361285941247
6.263189663421112 0.8959306399758273
2.4976721734377567 1.0737738462752373
60.68310712853784 42.41323652136394
4.9079876325700384 0.75916425273112
77.6929115322699 62.876017738272395
1.2967269219611575 0.4867476185268351
1.7470152931050937 0.42631582626302017
8.037947002869814 9.011334097570174
4.409489148666244 3.876073392605809
74.60981847523085 39.56476363832347
8.69390422569881 1.690461477655604
72.99034058657128 51.72366936561404
6.414377052138805 1.9086163084512842
10.23228796670542 1.5317530477048693
2.588976898247437 0.7560698435597943
2.5812954676076023 1.008838518673564
2.2518608747190987 0.5823315457909805
5.223443190286521 1.5052301584348684
65.43228425069209 14.632028128419568
3.079966025461128 1.3219244240374541
6.364998323252986 1.5693553601714338
15.506074982487943 2.522825063742054
14.82970554196059 2.173575440564174
83.59407240661245 17.24486794604959
18.691030740984626 12.548968378225206
20.130695115508303 126.21093822929876
19.717928145844674 1.8763823005125428
6.557410976602286 3.0322497903233834
67.00661443971005 149.0956893577146
43.84410318359389 47.62505987800944
16.862297596652912 9.514244835401842
89.45745189597285 75.13766703066678
48.53344468379527 31.973789596833686
84.55901387026233 41.487046153922265
78.22569867485394 105.2634745582592
66.53392163514629 28.699743265882525
88.31399638291265 17.915886822850275
77.74873464037009 16.726641010520847
69.67021517688289 70.34208546690581
77.39834492461787 73.42271546402637
33.721805252461195 67.12932674779283
10.065138879273864 1.3905804701014937
83.21495480763035 22.448371007744544
17.867072289947465 1.698525032472103
66.25648225381717 65.52635051173826
57.674297162146175 79.72521154649688
73.1714739859775 18.776462905835924
60.638189704058306 55.70709744133252
52.901772752697525 53.024089446895815
88.84733946881411 58.68036795318869
79.59435094132058 57.55204795657084
69.63540580473986 24.654748364137582
64.22146464334294 51.436265600263525
3.913469282718547 2.0632359437501178
16.603844023809955 76.9235375449807
67.96100376366115 68.49368033939706
67.69713584924801 75.41298692586737
2.231310850370811 2.6829172983639102
61.00827631828379 12.84827539281882
0.3265377845909674 0.6449397583924911
71.40013853150518 18.078675218758477
35.786967825523135 32.28515647809952
81.9716679064072 154.46341768896923
68.0914724807234 18.02245935128839
86.02320672356892 39.04333765790021
40.91476704699882 4.564007096542557
41.90062936968595 41.44811984808161
13.577384272001286 31.132599302481495
68.72445542475592 13.680358187506041
71.80283343640045 38.14325049626709
73.52808874212472 4.87919677658908
74.91394505133341 54.988013304673274
21.617765454223985 6.459487782636575
20.851920646604707 86.85485407883411
17.285572797584766 2.8684035978611564
64.56277684705908 88.68750192441567
67.7045535468836 28.92154424797468
18.518906187658693 48.96724088328397
58.89184352595305 72.72805360201184
76.82803318936958 24.862851015079187
70.40728011355141 51.59747687751847
0.8683080978722741 1.0795912100702068
33.4232464550804 6.483790503938194
52.3295559312237 106.00076328775398
39.85793936511902 90.48212083462151
59.37368671556394 24.34155391556503
47.99867546668372 29.06329399244149
64.9752354054643 63.94158029661963
52.73149987560345 82.33579694470285
12.505917956346224 92.8908237765939
71.81630538141586 177.84763436510332
30.24029408654812 69.9617648328837
87.112222122501 165.71610676786443
57.7936365530683 39.88294880162026
81.09094673621395 42.20169369592512
40.75598132441672 50.763580022425394
47.01959467848016 2.875544854698235
19.72911821583677 24.780832119341756
82.04419493912295 21.348196772529445
41.289326920961976 11.8618769352148
56.5176902265473 44.215659054011894
34.94726410234381 80.48408529514023
37.91976354879469 53.3760658932934
58.76175103925816 58.63241388952494
34.0311554028657 1.0142127050464944
86.33790126258619 52.497183355830416
17.109129026516683 72.28775661167981
62.58030247691697 10.357073241149882
40.13946618486445 25.58807745932799
87.04804995979028 121.28344815665744
3.1671247158040954 6.241891190600286
13.067473412353792 66.34338181095416
87.78655636998835 87.51695783139901
80.69150154942551 12.413071982901089
5.054732965683581 1.0370213284225647
40.92915892877382 20.507957244657334
57.95872578203451 3.966027994179611
6.778395655761108 1.1784725963014238
85.92370285136084 78.63430520543474
67.21024436103967 63.44461633718733
25.389377069531623 4.5610426382808695
43.15801905797174 29.647858029013264
14.788182198031842 9.835348573525984
9.484230936458692 19.130214156775953
19.229942993859137 37.20728621516165
8.416835001579445 3.3363743478991394
74.50400988258902 30.984891138825063
40.557630241271426 77.49040302307567
3.7645934014987543 1.3268696627385685
50.11073370066543 124.93410485335944
2.757582548304245 1.8718198627156235
77.97184816850407 45.5055322488033
19.682156889971626 15.027799463398045
28.76046949784469 7.377174409970876
2.50233747618225 0.737068276698912
42.37505455283452 12.511689343593257
40.763480422681766 166.21204180335593
5.624721936440479 2.5831916813833433
27.74379925375615 69.71612059391381
14.487926254564137 21.900611573277978
64.60635535498132 130.75172635559653
80.33915948011803 51.039209426611784
82.41895504769192 21.655987743500006
63.179057592588784 8.481156390685028
19.100096286703813 2.909327626721444
25.30359586131198 1.3651626094858695
4.344290235296332 0.7353196905707995
65.04272220360745 48.58595789152254
78.64240259708811 77.75411634947056
23.590105264300433 4.085992445419087
78.5373998408032 19.81111894535818
57.43116175645484 37.31651122685135
44.47400695388522 7.502396595436578
73.69415132518203 27.768214642594465
1.6418596994097359 0.7827738494564102
3.7457370018230978 0.625476908913818
2.6532392397157967 2.658581212338205
56.82831785619662 39.605599961665625
27.15104168384479 9.542062349054996
25.143783056661473 72.88748019717447
52.48634801652202 13.322670637139835
62.317655876660886 43.390004042688574
24.701879199546028 25.36005083959493
66.9967861199924 46.609803055441496
1.8056629662415276 14.585103725013076
4.403636487492458 2.8947262611087488
5.5765712702857915 3.9948292183280145
7.295054035400971 1.2448658522800091
5.557494956394925 1.2879492659822394
41.84824104449277 58.044385857972706
51.173468925818355 56.49941002715945
6.630199531565517 2.8169540755978812
3.1297796847353823 51.202558870498464
13.503645858182352 55.91487542221686
7.61243104444975 42.91105832563246
18.38933178330106 55.66311547717668
70.92302628735906 21.105715937457767
39.291201570447924 35.6668039647676
24.284685411647757 33.38016258451841
4.518489448258852 0.9363525593017609
89.89485767259075 32.00817639028138
14.992385388818214 2.1377296524383063
47.775080679051854 16.297063593741804
2.3166726038134726 2.7143267304839767
7.127626380631749 1.73287115237526
72.1728356795255 24.764715660815337
73.38314026292028 15.821375652410516
29.505316781230306 98.87718623095452
12.461237808819114 1.1237378699080305
19.8115746241995 4.286513857255664
75.1671736047354 37.27152813227749
86.51820665914926 64.27596803700168
62.96302158580086 42.31799803551127
29.37202752601324 7.925254355699478
46.36536647572808 1.66598898394723
6.362240590632662 1.704141905701357
1.8126149493354007 1.466368490076335
40.34418234749964 26.891719343838847
61.44509036891251 13.614276176007241
89.90595555654791 18.91568390656937
31.625990882410452 52.15910826049679
64.8514420531689 17.55444796896728
29.27279912523662 13.901483554412547
88.04038909679956 40.76950437289469
72.72517378120833 17.10069707179174
46.04662421214508 19.237416953282843
73.49330211410368 26.682897530385663
80.32333306300059 155.0273990295292
88.56277026704768 74.39095128037881
47.17388325639115 10.289562198453742
88.12613360780487 4.318598475018252
2.9173198013579875 0.8937305398654736
4.999473879188931 1.9016817961404735
16.891861583012517 1.5832295795594036
55.7988470227924 21.221412456753203
3.986130701936389 40.76217096080251
8.08286012265238 4.313959797850096
65.68910081735035 23.79379009314055
72.60333448516022 77.69522760954955
54.58391582782161 40.78239593919581
72.32293454202103 15.65022452021053
49.29175485518225 86.28149755175212
3.076604313142988 1.7577957516648703
74.43784315445271 118.16896109314182
70.27786731943272 20.79156697231047
21.777105273448225 8.504941043586397
64.29083058883577 66.95564331949198
89.66653179496623 15.321569058125625
3.912478936302607 0.4198727476541453
72.32601377823794 118.27796832795788
72.2871746927566 20.88093675823124
64.66404418696128 64.25080490542486
59.282861804593246 19.235397475479164
42.720409453655485 44.92098278175386
80.84987977878224 93.85335939240517
84.91301442323956 110.40351223697375
80.82632476970883 24.531087148895836
85.04409008589627 15.309686651622878
33.39425639577388 57.68174128019464
81.39045506625538 82.78791894538912
8.325230547490314 4.533200478583411
4.960926874296092 5.922191242008967
25.104900137624465 6.058045083390531
5.955008285044062 1.6917604666104062
7.4831595977661465 0.7568770870505663
4.2393358738364775 1.6062851329350818
4.057253738991053 0.6025218982918522
73.57547873772452 25.580718275498256
64.20300013500714 5.4074889506137005
85.22722702552389 2.1957728790061797
2.536761777651364 1.3019452646708005
20.38688534287809 9.613618781037962
17.648013566701493 1.5444044311737894
69.67443837695055 31.202116405329146
54.71981600291365 90.17787813649724
29.065295019167937 4.86871240838262
5.172688411940538 1.2167748778939225
57.85649795555869 12.359048522458469
55.02501800545858 10.309382135429546
81.65566084740281 25.53503815597505
24.447394883034 7.91441502983845
56.96478383185028 34.5977235177546
45.443660427787506 86.67647029547487
82.97720156990877 63.42210615722991
23.869549907934328 49.14968535775535
26.794845520884966 2.7321572677892263
51.248609859168965 22.692302488191768
52.99195121624763 17.50035524195469
27.39847044105461 15.168511136311686
5.167412287227275 6.614183798930673
8.466765338064054 1.254293438330757
5.299570170199751 1.9679506497036576
43.699566405551856 11.180728352918699
70.98501334874078 7.67449175558494
2.281594691593174 0.8134716593669555
4.4078470525153435 3.0417129139163954
6.612467963815772 2.5990025623528545
53.340965030171745 62.51015789801488
21.761938368318447 16.878601451747315
8.52147139621899 0.8671036773727793
72.48064844690516 71.0680551727693
38.45130270658953 84.45709325409318
9.521108812620929 1.8367042226119477
48.90028511369252 67.07638395545789
8.656224721963245 1.9811228649395782
30.23429295749172 3.989672629539742
39.59692209295353 1.2063587897083357
3.393265980644687 1.2690463851682552
51.65228706278532 65.92491240443448
87.8849789884158 86.40405176227675
9.777964234810057 1.106853203021831
3.8962313101275616 8.288235433312206
1.3677151508745986 1.3211339857669757
37.874562693939325 16.151705830638136
56.68613758926624 11.064826743215553
77.49803460214795 79.62451893502619
5.500167344601952 3.1190577953853205
0.5945268915017488 1.9193830151529228
49.88740268958196 48.4068359082078
5.436089207064924 1.4969531738195874
1.2019204274934507 0.8397515422051663
85.74995972502765 17.319733689524725
5.711680060834139 3.1972315097136836
9.828008597593543 5.709531643911907
79.66411541671846 21.910561838447872
81.04902756446653 58.75938179866072
87.80369713000724 95.6452790170349
4.287326479632718 1.926399596113927
22.770220472210923 32.40375177890258
4.648556928468247 23.174864557930597
36.22995023647528 105.51831067444837
57.237243778550294 8.274525698212429
12.597825154801 30.577457609650814
63.87608411000983 20.935597114638494
8.557358631089132 2.9463937070107113
14.339723772539982 31.484055763573032
7.897169623196949 3.9005766482712376
6.528633001662052 4.894025583885353
57.71696257612366 70.76526927071066
60.068901067806024 105.56230944875493
77.66841224398107 77.05663891228568
57.034732134011534 13.93067695960876
4.653721708120173 6.613332366722152
3.042485632957162 4.291248294784781
28.324794777167018 34.442509805785214
3.182878082355904 12.328045426312137
73.4411382902822 22.246923924104575
83.12945389870524 58.23348199649269
88.23364258642263 75.40696867039318
50.27740667362161 77.11534696973891
71.44326987429449 37.20167251670426
50.83502769093076 37.15512875541731
58.49675974686997 32.4101455957825
21.89169505561344 52.5269773755341
45.87750406905045 64.4585339441232
89.41030491142241 16.876605118702944
56.976295048076544 26.91417175468666
57.937299543820416 5.449768286500036
54.010066829627135 28.668932110559545
58.49114641795355 20.46093775912738
13.565181382502368 3.3871539358973077
66.45379284625952 6.956514480771122
42.35024864680298 112.12580966743677
70.53553624862474 15.488469748334346
34.97705524313093 3.484705490070275
1.9386556563720898 0.4446805685683087
4.4190985096090705 0.9663991113169523
8.24057996606196 0.6420922643247478
66.72528710158606 106.83841210721425
72.78754219483805 97.32032854890787
55.896663486923856 66.67740921677078
7.493888655192426 1.4170529037398012
45.65125769813935 87.46873121698518
29.015105329084204 67.45064391374827
65.7788980292966 48.81042010662548
11.960879998674164 2.006880720304613
65.91636229984073 32.8294789845553
48.74015279016879 65.15057863229411
22.325606585871814 7.0181468229739625
81.29331879487007 21.09495181986347
10.512080955635598 4.412021897841963
53.95604314334661 26.97484490731469
27.271023884640215 11.460595612697592
32.545356619325375 31.709679619051435
22.081252271245372 43.90733438365736
22.59900892360874 5.901735509323947
21.27887116662101 11.915884229714829
2.2786908382900037 30.234493651926336
0.3113632858275407 0.7184430965292714
58.98399281444454 83.15367124530067
30.29286822549483 95.07782320633103
89.23451984801277 17.420380877247275
44.583410888979785 27.623015308179703
54.830230538834954 98.51596943985399
75.73426723323324 19.340518920175683
69.78085729483075 51.061912944579944
45.250254915170686 21.926902504054844
89.00406562660089 21.02453645785242
38.50872934921429 86.68454082997752
77.26739476611546 114.59277763303784
1.049121786432683 2.266069305601609
23.4489742013762 5.230252707645389
8.030600635451446 0.996747738713552
38.736050195596405 58.628294728241684
77.11732908162787 130.80827327111484
60.34937943246692 27.210451651091514
77.65782629101122 94.66746479230518
7.9314154689090275 1.2302643326339036
12.199016148363288 1.2723148987936261
56.06475568394589 38.66604949969163
26.04812510431504 0.9886259453757302
54.44645715209313 6.2768801306691575
54.58741726197688 33.73024253783096
24.133063894929997 8.751641893265461
80.52300393840541 11.38935457049364
67.70362528075442 11.562516247183694
83.64979748284591 4.399548508545111
28.084647274426086 140.07932704399101
74.00895939719648 48.83778642177294
62.98439576926184 24.032912539500096
88.40095038164351 29.869608570159713
54.91195656939068 60.151941651592566
41.56234017013454 137.71249070246344
15.38789413959541 29.425031028534807
70.65802696035583 28.218672138218665
7.660856469435002 2.855677649429225
5.600284691660506 0.90390520877688
8.989624170695636 1.7945959957652489
4.693124951273767 0.826669798030687
2.5156157064116877 0.8536425027995408
3.8367893470433683 2.426973514387485
2.8971483734173784 0.5096151336794795
10.370031220673381 5.0408090345993015
34.221685683580944 42.98345082978581
36.326538106586646 13.862804107794865
0.9446866798216328 2.6729334825024114
1.8981070766699817 2.189179203942045
1.4169207277594769 0.9645966280408418
22.760399337494835 7.0591306871479516
2.2498521769195508 0.18372613143461003
17.892443352985826 2.6010906529716777
16.753179329473166 2.7363062155183706
52.983200226511215 38.38675496785283
15.615773291890628 1.482006438478659
9.229337949903497 3.492055737745834
5.943529003773089 2.71632890493265
4.736280683502889 1.9874485597491687
6.508326499196218 2.196812025079872
9.13170636177476 1.8881275708636849
6.726591735463264 1.1129175983831334
60.60966556068975 101.0013319764704
8.4555316080801 3.995998211646877
2.9504389729985503 1.1787393641312949
67.15676958021136 13.765807750914657
81.60448972127178 13.831613318408582
20.936554339793503 91.17685456411779
39.979266617526946 85.36621147433965
87.12864317618329 81.70808235472995
14.611166527041405 1.075157320311921
5.666465860439486 1.5669143637393461
12.930372855068978 3.02822421740322
62.80605375456582 89.63066275864678
69.12790315333447 15.352673764372499
73.3617204672547 17.440777463989715
30.203270061009846 72.86311071250879
68.6242794612097 19.070331096556764
31.56870834635788 48.19076342602378
48.942081799980514 46.50618341635132
80.5152562305858 18.933089927799006
35.992087482770984 30.987235720527746
35.873163250271475 15.560209600157286
52.601215209825426 41.29024533151619
11.299375365281483 0.514800621388252
22.108356966042127 6.866667453522066
3.2803381406159637 0.8437219845426668
89.68380634323115 13.154366371489273
13.548511694494607 1.0130255176743348
86.65290737181819 63.36927992488447
16.983818736354895 15.327341316341021
41.04702004424889 38.85176640093733
33.281307922232344 19.31917777055777
77.48801559124193 9.947885055273588
72.80976359751621 19.964284224547875
34.675035134126034 51.31628501042114
6.574447524512031 2.1331772995592906
56.50221418709231 43.19775680803267
6.613989952823632 3.4920283032248807
73.11835972192617 12.097553190060696
10.830817942683483 1.1531311975581762
1.838965290662383 4.043582515612117
57.024225405937244 125.09355024722156
6.7790876941531755 1.840607172514155
8.806056777003233 0.5221628900569403
1.4512093178727763 0.8993059577947252
8.560929550077999 1.7077028031285102
33.33736435207737 88.01873428730788
23.630831657710527 4.103867122820328
1.1928302534564172 1.9684776697248152
55.27230677860402 24.618167248847254
4.492491710743832 1.8270240823857025
0.8517085613321628 0.6038137127742208
14.90165890332031 3.5165941625716477
64.20957383368925 135.67325342575933
75.23969942913953 112.37383902868143
82.85799680277717 37.89816740387891
32.99429730137635 5.767561141962457
77.20881153051296 30.052219410776612
11.286659764567087 25.910173648935686
82.18385740956455 54.842663827462125
61.32550985825513 82.8220873299568
29.271639842383223 65.0127018707554
55.097901924137744 96.24881792172677
2.1923314864962826 0.4630096465482086
70.92416833458879 96.49040727939912
5.707852790683452 0.688649943164317
19.672375779092647 32.17690572517965
1.6379980889427903 0.6046971489759282
51.53361406874248 100.126615969966
66.06535049277257 122.44132886281311
37.42051382455455 52.55686744358143
84.11046908139113 114.29822923447004
40.50022228342975 120.22457366371815
8.018896585718728 3.0233236290572822
88.40670375130554 95.42198456079458
44.481679463286554 113.85774970982756
3.413646689153539 1.0027303578384406
72.76385462901546 77.42681862740284
45.206887113230806 113.24017602910007
27.41802231240601 72.12928856214816
54.48043124490378 133.9262695077949
50.84933013085824 3.794357916339936
42.25126043308134 72.42654648805274
5.931881442867203 1.2075844614784907
28.606922455272304 78.9745895348437
23.480327694272667 21.834442218968253
12.895722165790223 22.052838521479824
50.74950914832067 100.3723474471831
40.45713530053871 51.27459280915236
72.41592636138628 111.65333229458767
67.23803585384617 118.0509691019846
86.63137156134704 124.2364898018016
80.86933743132917 144.60358546292636
44.704801376215926 4.101159613910559
40.85382558116939 85.59913124760813
0.2877651682770686 0.17074518686645865
14.056857984120255 1.1440541988384696
64.2128068001633 15.450992654236085
72.49560889732317 3.1787120736049523
72.87198233647095 96.97416908370589
13.078941593394148 103.22869223309885
67.71991806609734 87.83945242313034
53.134492687559316 48.9480375672153
56.612216198841566 40.76946222485842
89.45934136542223 49.1696674541443
77.7563385580587 3.4936928708748907
3.1058187406971363 1.57084963598599
72.2240882684761 46.72524436113056
48.13609475342087 16.792067315059654
23.667451982010196 2.329560886972811
7.325100204522279 0.49743218852915444
31.908952477517808 25.331100112629795
9.413442146241467 3.445376522836417
2.0518870323899967 2.736384264468424
6.927699171241869 15.279996900262676
88.91816663403507 20.44307497681242
57.2941767225364 10.184916120907964
83.09430654904004 109.87653813857864
20.075243224905535 4.846826899693771
1.7102087318263441 1.8280444267657532
42.00835402217677 2.1466106758540064
32.30167453183018 137.30724352384073
80.12007293392386 83.12286435339618
6.026310472252765 1.778004137813393
1.0186779832910429 1.1110539269016535
44.28710450748616 4.098794793103401
3.6097397094076347 1.195023357194674
78.68757698115458 87.73118369528807
11.567359992043878 1.409933392075939
24.072574437163535 7.139943541889698
1.5199686812317863 0.26051031999581564
2.1638373443303065 0.3693025524255465
8.544721729995201 1.784024374045867
3.449813228415845 0.6307518343169057
54.85834306661436 4.622574239988221
5.765646899967197 1.1186827244003419
0.5096864188749854 0.4778227050294066
2.8740611407531067 0.523141491290365
4.319992822256089 0.7603105769505051
31.35372612771239 9.402238615051669
11.104086438469745 2.344580604096109
10.249304105797647 40.25776656498227
5.029476823539318 3.6844694180039506
3.0993979649730337 0.36884973574456414
2.409617172415636 0.9260396380625694
2.679993995167645 1.0032768452773644
11.016524209882595 2.2064189562076333
9.353471218360392 2.4829575280168164
37.2339945753009 50.96948632766557
8.349095588975144 1.5381196988363637
37.32942186219244 43.027422147473786
6.865027944641443 0.4094712335870775
9.691324062659586 6.657347942705181
88.75182014958686 20.221331765914485
11.13906924551079 1.226766300571731
19.12621186126213 0.832169181773192
80.1594039486951 18.23119134629956
34.019369035453174 10.89010867719769
70.52709059123003 82.81850572193211
49.1273235979038 30.98880964728705
56.62316207758212 37.31510015090272
77.5032867819061 25.880082370341373
53.18859531747151 88.30944364723946
47.44579699978783 103.22088167668555
37.22262827722617 60.37292181856278
54.849048033646355 72.27271585888151
11.024291820065713 6.40131818523931
37.406628125142966 58.110272147901576
23.143613332688467 40.619305056309514
34.15274673471292 45.75598596473448
72.46695872064713 3.7202469013937285
14.556219152782836 7.487566761590579
85.4064803865641 39.72523532099412
4.250769050191257 1.7571238413253898
49.2841179204718 89.74905392173306
30.15806932705223 8.881713744931977
41.84027925668621 116.67094197887603
24.1132882329021 140.89575239038365
37.83341009462151 74.57878402621145
89.54906895425671 107.56690491252094
58.114190707516805 46.30350546447
10.96620788599117 6.055171545046068
12.90559442240901 7.75333431714341
21.12191077327054 7.608678827172511
1.6861270157289479 2.7312787695292204
52.47771790404629 102.9852546515282
74.93027519110609 9.125610710926644
33.998333688707184 4.9207725659752635
68.76177508572333 41.87146753824454
62.026619221688705 52.669382903719736
60.78246326984582 52.890522697191045
19.92066933751547 0.5341809313601403
18.298344643208143 2.6906530479678965
3.6221246402201746 1.4410441705517438
12.821820664383864 71.20018277657395
8.189227297258045 1.1141148500861489
18.17950901293147 2.185728366697561
27.175178453939196 56.682924350659285
8.599195033862854 0.3500655474646418
14.848175315452536 2.249713813819528
87.24272526306486 56.66737582735614
8.643058272250533 2.513700233673648
2.070607769127763 1.4838146899810694
0.4854156169963517 5.265250734128346
10.265472399946056 1.274327113769642
8.113425313355405 3.77024358115585
17.74444760015504 58.54244780168607
40.76712601575045 81.47920118641017
14.709050687860993 1.4211976043380092
12.466119069313741 2.2175511045208522
24.027004604693232 3.5192098955623003
23.83450785656924 2.886047287935653
41.267889807194955 3.657595482326004
34.681359954198825 3.7485030950606646
78.25325374663942 24.01010966831974
1.7181067208221443 3.02846277448223
60.956911780193614 100.49230996113612
20.82485393789979 44.11062982970258
56.45874675008123 39.25938444127612
30.386699204611602 7.030159439458131
71.26573914031023 23.38073872556768
27.473576520754904 96.21934005626893
16.39896597256532 56.76245312080753
21.32639507939868 86.3865867086433
23.83492018051082 126.95306148774158
0.6307352490436695 1.8123489172946414
77.73569092380922 11.569849970303872
4.075254464152813 0.49485844754319186
7.509958746803354 0.7598311401252095
12.490062653752517 56.11405914139232
39.05325491790115 59.49146781592428
80.26517269081467 175.6895706979599
48.717616211264776 77.6993044314699
80.50552957857315 121.5808715437958
9.033742899593193 45.12419951064774
69.12645351581588 127.06806217717721
31.25214905651498 107.62482068153992
55.441698864512006 28.92399188447073
62.19009640646246 165.80143987998778
34.070797562275175 82.23298627443504
25.96992447032425 116.74416590804113
27.665812284014443 49.59915448381996
17.054367405594498 132.38994726513212
65.16815700302577 89.19910227604392
49.66332529172982 45.2940374613485
18.18423798398763 60.220158599614145
