2.2325308889241007 0.5817447020391724
3.11766231938909 1.9602576489018138
3.9509809119896917 1.083789042903613
0.9592317589792538 0.9418314867910069
1.9245653683977213 0.5659391534345942
77.70623409122392 73.27604330908225
11.12151600820529 2.640814829711375
1.6903775675621313 2.478718702890586
1.0421447832317676 3.064548319420352
1.2243147519349111 3.4521830799838265
1.3563119885313113 1.7752810391414677
51.38840231560562 81.97916343587488
9.980972754821165 1.7502585147954848
1.5472629507415663 0.33721585143716204
48.474005996765584 37.958530068987976
65.78122265393758 17.59245059508645
53.99426910196775 16.02700872210626
55.20986053711977 6.584152094184131
16.392808833404576 3.3111961047837344
81.38556004040093 20.06271318646353
67.15037173770833 11.2266656321688
88.61274893416706 2.5773235157267287
3.002264543199349 1.3327336710726927
0.452035744888611 0.29361499572555555
9.675882597438195 1.1590055727577118
9.156835906706128 1.1024086047109207
7.0702339409664745 0.6764143589586039
18.537957491299583 1.4015022858686463
57.37978490826679 1.2427981092455809
4.917673689837827 1.2429107352602675
6.560828051238428 0.5991775118187793
7.564948712018214 1.3630638431077096
8.66477530615235 1.992039892589663
4.972442052342271 1.9540841143006373
0.5284701193968414 0.42533116193353654
0.5989597037594406 0.37755966865424523
28.725448109586 33.198691467207496
1.3221376002742697 0.8175473129900247
1.610986144913888 1.5373014833557745
66.49365676411409 12.969148144415671
4.2433326532737885 1.3101818802028975
62.62739000935662 45.793357284093915
7.028722659459494 0.3649658207080419
29.52450744282902 36.61350740038657
11.990814858213414 1.0345821523261436
7.079879203873198 3.772945509192745
3.85051044552788 1.5227802696287325
4.00424887376659 15.584141912570997
23.405448436147505 39.74037579721674
58.33061784343256 31.367841432073643
49.7759176453183 171.65428079534504
85.529738722229 163.48675764042252
43.87572718879537 49.589370619773675
33.49186327839426 27.80243417310523
18.296663383718325 22.409442802157916
19.11132490176706 6.013844459984781
32.320426918341894 4.029509247310299
31.396417154836513 5.7613972556098805
56.67109076059815 4.111385827256323
2.487117382785809 0.6946362679041752
23.010951241663165 15.770489350223485
88.95205724010437 45.399416832308944
44.99249903109423 13.248580715794661
33.82291901626775 46.87576582167153
87.04700768287238 17.882068139336184
38.26828105233808 60.692564936693955
71.14272175519422 44.88691254456435
67.51886277495394 24.53406165097162
53.22471781181274 59.865498209615474
39.362039990221064 36.30524857685533
1.6369573259099865 2.981238242632763
21.01254741721776 5.135021034839259
15.718640132076333 15.647911523548244
48.29917407795468 51.11108735788173
83.29278244361774 59.47709297199872
5.828839800787886 1.3450576044903988
27.911390455295663 35.836071217086094
8.31205426103074 1.7103082122249569
23.40176713773889 15.541906607563034
82.23336339145844 66.0141737448795
1.949404905211136 0.9892847299497706
75.05346227070771 63.529565216113944
3.8587725451859067 1.5890125352502977
0.6155769057936135 0.7230902370994317
9.92158353626843 5.7973561304232595
34.16857991468168 7.38945493317712
58.7427568692843 5.835622524071174
4.1544126864592865 1.4835902326865293
21.328450637037065 8.300826607659348
43.8513139070128 15.19104384360684
39.98484008304743 81.53576693609621
75.6181701684617 27.080132179327887
21.68644625878937 28.551448535003175
38.75021572297639 28.465522482302593
87.6431956726008 42.85687414448154
28.54968281123594 11.580458697113881
44.20427179097362 66.86191660554707
36.18827479118985 15.296838919762862
7.749486364407659 0.8698437707921259
61.46834216359356 45.21905081595053
13.734170623886898 66.43535606033544
9.462831324132777 4.454425399321033
21.949450498147797 72.89373937859979
12.848895780369276 4.331023555040705
84.83403884716138 2.805425130317224
86.31252762474128 29.796796907582156
31.458542235475274 19.76183788993878
30.964114205280662 38.251532766824404
45.08555132322786 59.517918053181866
6.349657650139648 53.333960735703734
5.927949098158588 7.886396644108849
86.11908108557081 27.7416094777019
44.99444653179174 97.70395023612735
72.88851494417756 74.4660915871969
36.22428415948676 33.69258634636819
85.1949057681787 69.72878811522816
43.259916147681224 84.88939046564506
37.576816953887175 8.481768093564938
33.58804984292034 41.542594923502776
65.75342623073605 152.2605762241579
48.20660432674038 8.887452741481926
33.89628216472713 16.93431152977918
5.538706138921231 1.5394943107728258
86.681946487951 32.49285424507705
16.018507494899875 3.8297197435232575
20.731017043581165 2.0067652173493276
4.032205261542585 3.228366654393607
41.732959136104625 94.43003634270922
9.342737316069048 78.37830815138048
33.910345286359956 37.05598191923658
62.282354479895844 17.756270424690143
81.79632439631447 31.199020289477826
40.618291145487916 22.506783310594233
45.46516904621893 2.252786611496441
46.24625118840939 4.4410376823951045
10.511582338138842 2.049879202990143
21.132929961268008 7.817288230129252
31.87598331771443 16.15876896204335
81.72532264351123 55.54868262175907
10.090699251207074 12.787726118187216
6.464085440862479 1.1592177677172322
0.6962949571374318 0.2680320284865291
2.3044163868922913 0.698765092965261
22.750021558470056 4.120449170797005
10.774488444642808 1.1217185816595947
1.7946638817731702 1.9786643127174868
3.3020696710558406 0.3205505501391746
26.431683124053194 4.844932599131983
11.237185303308834 0.6671970181287046
19.664055723798686 2.2826241454417
15.05411821014172 4.477134745072002
65.02264677588425 20.825147377552813
3.3393617856835216 0.489818281466141
12.508373205898582 0.3302796108169604
6.590878258411816 1.7179153865059216
5.068535333674793 0.7219639620945256
5.873979817028987 2.276427774408647
9.887390697647703 122.25454375494692
36.17920669702448 101.59121346471287
23.372877286406744 1.4645139236834481
2.223455572599449 0.7435712255763017
84.97306618921913 13.509744311706655
6.18657883159495 0.8282607743225932
10.641661546712417 1.7661566231355943
13.428901075920892 0.4159064640202249
72.86864614558901 9.080807429198648
66.51922021988828 52.88077186695411
89.77171525897285 16.492616534628603
65.88082741836712 32.16369583163133
65.63239984451857 41.40892317757769
68.43251934939262 3.299208404293504
71.82925168191535 53.813652267652664
43.117771481633525 35.045910686246096
28.803338136439805 20.19257036266749
34.747917686984806 23.11302280265434
7.034649338980321 0.7284122155729115
55.85092661670157 61.39236439565303
49.32802175254665 70.02801257107015
43.65032255590441 22.811017867878412
69.82190335409507 9.866188679355506
12.267137708432674 1.1588157789659146
6.116833718943815 1.3506074708157345
9.094695309707001 1.9111322149482721
4.046910552482568 0.7390460363640126
12.962531624242576 0.8950137759699197
75.70745778044258 68.77579679857062
67.46751987163012 9.305674656064465
2.6848931535308203 1.6934352453992203
33.0907882142485 2.2343355584764377
3.7807638156623065 1.051163023999151
4.302297452218051 1.569850225920825
4.206325757106062 1.537191751189434
85.50318789304397 31.218493847720637
1.3718305155642103 0.33928121350129126
67.19599473120596 8.64229872568831
8.762324584694792 1.2556729538137577
34.038020499339 15.063940675094488
40.04347635450295 9.207599701899914
40.33269644904629 2.344402070806002
6.695727533039985 9.631496015843666
32.28728725609427 67.3586055197027
62.775598157537516 5.842819452220637
59.671557250704865 23.451314996627136
30.09841442076064 15.609040291264954
44.46533021707111 158.8463382330426
40.548453976533956 36.69626368014336
85.56231911947326 148.46752431541805
61.91848124463772 32.54473262835686
84.0188480278672 174.62062228718946
75.2144876745787 96.02494598869531
67.64277493321053 174.15480159768282
5.813760553664137 2.7943244206706965
47.6820557688283 57.5328300950927
38.55956076412853 12.548338314086124
80.22708292812361 96.50498135013189
30.645107705225406 27.08867380288405
52.00735543518366 99.7325991949729
19.0321506404148 10.874377791628971
64.61255815930448 54.59932892811414
62.21186805708563 37.337682346156235
63.89669568270661 144.65179485912927
64.9681028890802 21.73573946327749
45.86661700825211 4.0683650724417175
87.49468294925803 54.6872090028797
17.526661488122414 108.55910275298714
0.9565798509358573 0.7901048408721091
3.427268491591145 0.9324422237030323
32.82027463539171 80.24940677498175
3.9657565238073915 1.9815834067274438
6.4536199180053275 9.86465527662196
64.07606394633392 9.108574065620907
1.5361181355519364 1.7682203273154073
50.64031460811846 8.294136419956164
82.73777755846062 36.08160121534557
1.0101212426983113 0.3767212093688107
4.927531455218428 1.1445544737088866
22.067342720463362 1.9269498180854931
75.23878034574786 2.3348260380572214
27.65117559529062 14.000311675979988
4.309141763448893 1.3495839581414881
4.2556732532294825 1.984061972364679
6.517237467582046 0.7034601964049426
27.325169813514968 4.14677866661785
77.71790990240493 6.59813282024284
8.120590744067831 0.7594919345017623
5.527243793897722 1.8401635134943586
85.48576834024426 48.42577940043858
87.46762696507805 36.930606211922935
8.31233300370991 2.5261657984251533
7.394115875617909 2.019411360449432
22.638296893578946 9.567833754189477
41.965620453121616 67.03092746976819
85.96826900765087 39.818468902537575
49.67588290384111 40.85104212486095
3.642173264608502 0.8555235125155748
1.7670771867619983 2.25113111840701
40.47439497816353 123.04419624343556
86.40855643045658 37.365033891355374
67.42035292954488 50.13729057600179
7.081836823843785 3.1543994259724704
33.28446485242514 6.526209494264436
29.27991837056203 125.44497568863399
72.07499049120926 61.12641147571543
0.3641097205626442 0.5072883899681029
35.880043080969905 40.53349496274725
1.882261133243154 0.5437789819617163
14.016612955978843 59.91352309132381
42.08279776037246 19.47074824260475
3.2967971462603933 0.9962706690989146
3.7439893241323956 0.6593993864293356
64.45661315823202 9.77500926397018
89.70754194288172 27.80191961454434
26.9504521455264 12.050930157212678
48.929977727269076 9.414667724160948
35.148695430416296 24.564775235452554
56.394071280773026 17.695628637246525
83.28829961739731 48.86958949589625
8.566972611036809 32.613443004266
35.53377109972214 2.161141178325621
73.56093222612604 150.92764040069275
38.79331410744568 7.551891154261836
73.94782660953672 23.810601149750987
47.7102852818663 78.66502632529192
15.181742102176534 7.672906623595437
26.02459264651058 96.91751293602664
51.30550372181554 165.81893442557868
62.1616082280461 46.13655818060104
28.358682555926976 56.583964358929364
48.463701935216875 114.77962242855693
46.90521145344058 58.8309870501603
76.17314520523404 68.54884856257014
75.74350399332509 92.54163554312618
46.893923331201144 33.239100333905476
1.99281521703118 0.9224111123540044
85.14277403829918 53.96303742851211
82.17259860221003 75.51775918780065
17.346645483760522 2.2336419185247687
22.81619058713709 4.9585597177223635
51.227507035047694 1.627620990988387
83.74604813311396 25.532119583838934
21.371037787357267 41.036625093792445
34.97016188864325 123.07371224044961
51.379045670127795 44.57609826997105
53.20693963518505 78.50304166739062
42.77989711271631 6.407312713576604
32.15135634890308 78.81085016449431
4.2411691219936065 0.545097836178479
21.137572970930563 44.728117493391615
50.153142782774175 9.430089751597565
75.65097658493124 10.485596745728476
5.2849143528847815 1.1127977121119497
77.75435856250331 46.18870935008852
41.46292890614171 23.798886793559465
30.451712652781797 63.62078215714351
40.908293099440556 10.69649359012997
34.00979896452529 81.80086066360509
55.83705763322379 36.45890103900383
8.000205247495611 3.6506417141077154
77.18878244795572 39.771550852458006
24.54745771328802 16.82571324747512
14.668550454214923 0.59371714372309
80.29471607918231 24.26559408861155
48.322535540027125 14.554687298472807
24.2156936656292 1.6477178758530369
7.584267034841041 1.1093008589688853
22.76122177472148 36.7148574653884
76.59687789421535 7.907037505933614
20.717499506663746 21.667455627519715
82.19180887099643 37.51608451621928
47.3755452277978 34.76547594923192
11.315729087422739 1.6332573898015186
59.58760354818483 11.658143067693528
69.16438336763976 11.31676091599925
8.467772203740989 2.7440392022480173
60.87529258470754 123.34252214519141
67.35341751025187 91.61461966998804
12.19512807854563 5.245933110928686
77.0204903526712 86.72664986579882
18.889899693781654 5.023823977122492
37.000348186463526 30.096769970665147
48.992492674746174 49.60873195159346
73.81773973357359 29.41157722866501
27.107768249154134 5.451615541088217
73.24139379513458 20.7060537155316
65.96746160761474 46.03310482427679
25.582635059185705 18.054688226169336
21.856581047294853 13.773452511348514
1.9251558230756518 0.5131733456445178
2.662446651308614 1.6003450557902839
12.679692781199474 1.1708655040856868
38.02209268037133 17.74439676336241
9.411239468559508 3.8293876666613884
21.796418496835713 44.714198820309576
50.99879678288541 135.47081076989465
46.01220092013088 31.036797743860124
9.719186935897278 0.7360128379139267
28.03098742016715 40.995638076355675
88.18363330051527 7.552659740520035
87.32525315354545 4.953982541367623
19.47306798741231 1.416451516326164
61.56899347208335 54.14787847879477
66.35969653715765 18.250415808581973
73.0855797684166 25.731478134010022
81.98225004047991 35.31830958109362
58.11950239518937 80.60885938310415
88.41545366507083 45.67752465208388
79.46180208098882 10.107952836778791
77.44718225402724 33.26571463941576
61.10555591716442 28.89794066485537
72.87227854308401 133.1497473254005
3.2920867162089458 1.0429425644461507
20.393500959875553 24.076083434704742
35.42348306135822 34.77577454068779
6.989572883201538 1.440741488575118
56.166212374135526 38.87911157180415
5.689704688824811 1.906628372190307
56.300508134816695 5.737290935084364
55.69363332103261 101.03450571896596
3.0060281254353196 2.569500974088171
4.018884154321917 0.41805936262357396
8.343606720036119 1.8548642035723542
40.74834680840806 9.114144116104724
83.99515230599114 47.947289678815714
7.4695530444765295 4.456696361165443
10.677765742204667 5.101497714587604
13.510284111532076 4.198800333846067
64.4680612854907 16.619882412698846
24.631647624554027 12.25170041100329
26.281048640414014 25.765080175351898
9.076139647588045 2.4471574907596425
86.1124027176668 45.64450728459358
56.53552760898414 21.019446489120718
32.2504002395766 25.24245588421648
50.032190020966034 57.54933441872194
71.9270879423617 8.755620349800726
21.365913507849367 10.686488103031921
5.5661920792997694 0.9390061987362902
27.29108400692368 4.179589759956178
45.112248937507985 69.48323234397253
0.2810161624850757 1.770817376530301
13.941982999454352 1.2124408313869341
42.52158857508559 18.417077563147554
3.904147158383107 1.140384599315554
55.050465225213074 12.126671663343778
82.39683879789844 23.824221133866274
1.8168791728396707 1.8962065047077408
54.811768871487196 155.57530265742483
83.82861295513032 46.39601402990618
31.385440536867577 80.10185673962974
75.97039340685585 38.35985893304088
13.964420633775802 3.2604580667494405
36.89769676141197 55.22216767633309
57.298991844178246 9.980526467407627
80.3273143278146 17.231576888744772
8.43809684462002 62.08745311819
85.9889762538817 12.521176542160099
74.49749989611905 16.32120515008877
50.04715947781905 10.565470475248256
63.61971950175341 11.75156116978786
26.273105529713874 11.7054552945059
39.06257651200961 4.762955023587612
15.076004376876186 4.0001262528278785
58.09022750920771 60.8138917870096
59.01007666226401 13.400607845020858
60.08657197495154 8.816528139663369
62.80111327294982 6.321606642905526
88.68488429292367 8.617127895836399
73.94047213606984 20.148045283387678
31.465820989689828 74.46296354235349
88.72021768235784 32.045593783813814
27.067584186106984 62.47512886474617
47.35216755706858 61.8499369094957
19.733242404558553 65.02352007775985
22.654428879602733 58.51532455032431
34.96970563749031 54.264744223075006
89.36306836744764 64.62347515723378
5.758832989829315 0.7023780811543796
55.763847870401676 116.80208517232931
3.1746488156264268 2.5042728979880726
3.7834487237578704 9.089160340037648
80.99085514288602 59.65498798702311
5.89419747828519 5.719297109039192
2.172715322266829 1.7774982335922385
41.76755028804193 18.688672266648847
14.865663456847676 27.42260829939138
71.81010526583951 53.84545372432653
32.8093322137868 47.235746222173944
57.58484200491888 92.46236795083237
68.1109496869353 132.8029706708344
31.022226042406096 51.27637864258007
57.02269981413138 14.107107757355777
7.344286222543353 32.67109957844209
42.581369226620524 56.87574633341793
85.59103503373642 69.01446379666905
81.06491167703335 23.43283487689868
85.36487552492063 16.889624625223778
70.2514710570776 11.371617873879577
54.99674348730778 44.773089638634985
79.49760958546757 31.32575789550809
83.3497879816489 24.314570756526045
65.56129161992004 55.77699638383084
77.03817020020072 45.326447616212356
8.320391626193302 7.50954854577587
63.197870446844576 53.95484328871604
1.3683750767742622 0.6251162766032573
10.612628647060953 0.3120065459036096
28.841173046111322 71.77541292278356
59.23058727583985 44.30577925313349
22.533192805149152 22.916101553099825
1.4335335025779492 0.28298938113735933
4.783743149497865 1.4303870719426945
87.94730188471281 166.37322965325853
9.499980980503567 1.6571350350323522
41.6190264762736 10.50469526717876
32.08707439727219 25.855686495536588
84.56393975765593 59.25024483693499
42.1706677409263 22.355438571385847
5.3984392299188615 1.4343096607212575
81.60871777856794 83.19545336402619
20.482274154175705 7.191897508265674
8.38000245054451 68.39634471748766
17.678469712258032 7.657632915688426
8.554321492166448 2.158182580269396
9.502526774830963 3.4760923106573816
64.88322040707327 1.9174586760485004
59.7041112898461 66.95045910418658
3.3632381340217483 1.415371976485041
1.4889132028477652 0.46271281619272336
22.061661034772037 1.3572127815795927
19.496249630930333 14.341573133763367
23.031192542499422 6.361272565972437
24.82364896261113 13.809680291464028
4.57183913987216 0.8936938151692857
13.959707739805628 1.9303814831350536
11.056911943290242 1.6058867577360685
86.70949008962782 170.68616372330064
9.113967471674336 1.3298538466549588
2.2611985449879777 0.735541585488705
57.344171283254525 47.80961864218642
50.97190628564212 126.50199593826164
82.16002148256271 144.79825921922534
71.50559305492976 112.16506807553394
34.36352784418779 40.984304070826774
11.68864935196468 5.055543560297493
36.06895815702609 81.17820059811486
82.40999200668948 31.24738299718431
71.33097763313782 16.909926775837878
62.26347705532061 55.224811429155615
45.27475511595454 21.77865838461082
1.612733302350721 1.1368892163425794
6.468963200238774 17.666025895676427
19.36686838379495 84.98913150304739
25.076792805876295 83.24426335618848
53.33428155840744 2.566583531048426
12.183016073393844 3.3768032675802533
34.57029987692243 13.044825148870833
62.61377452480489 120.59253489068749
50.12558731524963 113.29253762055514
65.69208211453464 12.430383409695743
48.203695090499515 84.53476957199153
87.44296922470406 159.20662380366716
50.655377083745066 75.4652902897814
49.41866520772499 63.55936292436543
11.445916564954574 1.9310660526545125
26.518718078332427 13.888692061511458
24.425952780043698 1.2142920205251444
56.01529188636299 24.68152288378671
78.74548111605425 31.065967634986478
16.5069338138573 6.259301208053435
4.2864177174405755 1.4021127790993084
12.228947312162218 2.9917669657547163
26.452328249736677 4.92502826086981
46.789508412170754 8.147517314386327
34.16958370647043 52.76822829846932
7.426214908651859 1.9404427110876175
45.23625119743878 9.37936646590263
41.074183734737026 49.24563950017732
2.7951029836915136 2.5140313868899353
16.412121600425195 115.60915936785223
55.323676880903726 83.7854484943983
88.99001641210211 164.99985428418208
37.763054541730256 6.838319495355594
71.53283761128715 177.45315197989123
4.446464141765537 4.995508658462754
5.823024565745059 6.726205343603601
5.904992225746213 29.975905732379893
9.712747554705645 1.421890616057303
2.532623930484476 0.6974831933870965
3.0909241662485933 1.8418072285815958
9.71087818033111 6.457353561608142
0.4828586434203328 0.17246523264992533
13.353185858781597 3.4880757970329124
35.66949155245877 7.0353421264750455
52.08830074248107 14.770256596373333
11.553493801566361 1.9545654592612889
60.85918148311813 88.63487112360352
40.82924733751279 84.59971468261246
37.28205002373906 89.29826402947884
70.78356713307463 170.0423467412892
47.96142194432656 36.64790824367261
56.66376187936187 38.79094543068016
55.962635153365746 33.58815642545096
43.10072400635494 138.96726139257166
24.19132558342408 1.394668637134545
63.95226313023421 116.21673959550556
23.805134043006092 97.17723035539362
54.880247354902636 103.99431494890644
19.484626292543208 34.421625319797485
8.93396941755754 0.695038994668936
56.48842660050552 5.770895168091359
2.024759019360549 1.2214909289818456
25.128125143994538 6.746172232845036
2.456487721829107 2.635166282191794
3.622724208028947 1.3974300081325233
55.42483530128595 101.32937724569692
89.52227294642859 57.832096527031275
27.534151371939178 1.370292691771318
4.491444786216694 1.1336582547741827
60.40966297786729 100.2082150027359
57.98278574842233 143.2933802969411
1.9863459685323375 1.250399086713194
0.4666792785062574 1.0434945403696674
1.9032548561830973 0.5932839223944594
2.0535880375612114 0.7426198424333764
18.39518545964927 65.28186580126975
0.4966000263203816 0.6337629340597921
17.42539515512881 3.5813857756316585
6.7899881067111 5.907265763449843
63.92105847408649 166.00227685006803
22.579581314688024 45.191221202201326
53.75548286465608 33.87002613286448
10.740405279424339 5.030734046996175
25.823352670786903 131.76113172122706
27.438865203225618 142.82850998988363
78.6563209429077 64.5581862587954
41.10469530514911 165.88524830275276
49.660200441612055 35.63418829992081
70.82435404805726 64.38631611100534
25.903541428287436 4.152151465648972
53.11171546166628 54.000592317458214
12.239461829631267 92.92080511844236
51.945386131650906 100.92914952078728
34.70372440538921 137.75104254176486
66.37944307756318 147.9533048341934
80.68536974774409 25.192250022552784
77.32049756518663 83.75751115586537
5.776018518651301 4.54166365496065
45.1945853950036 133.86328529306098
2.9006618444437557 0.4463406610303207
57.9641059312745 72.59003208393219
41.42478253265078 68.55354089971722
63.13857600855182 83.1375405668412
9.575466713492412 0.9777701059154276
71.18156186873908 75.80974352304614
6.381445457798415 2.124888921425241
8.2317027454704 33.09765113554384
84.63947125236473 19.682276732745983
78.80954387146085 136.51533949900812
44.67491887461883 42.21688398150693
59.444662563245274 61.73214572168049
60.13538085178499 48.68334478173514
56.20948094103617 2.1752184927316627
19.992481561681803 29.810447201538523
12.568219392786606 1.6256331269863522
20.30668352084307 13.98331510004877
58.621905025072536 128.40993832758556
9.715072592635913 4.55920796101441
43.40651802029967 93.31376964700111
44.076040800859765 16.090273322893967
5.108072065866294 67.89145173506985
30.867404749461723 11.067410342949254
2.1063323600571007 0.5063836593819526
10.631282966269847 1.0367288924945317
2.1062282823988707 3.3569102677477582
59.93052449053313 94.15012846195923
1.1804132138988546 0.2752753890531965
3.1064224026173575 0.9217596707451965
6.339224032176189 1.287882999173823
49.69767665620494 115.74786057987505
30.094248615637277 0.6988978653233449
10.460809478269027 66.7707592703782
28.890560490256085 60.12738167249349
81.97719627129928 92.64652604727453
21.49717525845537 7.029208458208516
49.33795669508948 41.458876356759596
47.236296493110615 113.34076027590287
1.196295207283268 1.0239993825559293
13.041687016981186 6.66424581362893
6.445581428328836 4.619642560478096
4.0663183761798205 1.3502432355900074
71.97898924290652 49.34135489098368
57.91279870861423 30.866200086177027
17.262939981319033 3.0516078523186536
75.72172306334588 31.72901025785166
52.402011608746264 39.12026566872538
3.9758035992566167 1.111051150467091
84.24695039613079 121.49189182341428
86.93676365831044 42.69687400651642
9.819849976600214 8.949251697730643
35.92069182140085 18.234002220109918
80.48100004033067 125.38160414459796
15.498207879139256 21.987823796039766
67.36702971246922 54.11172232372037
35.6115669070384 122.97927798733066
73.30950448332156 83.24472482060156
53.93888397316987 37.02649787528526
52.011663804828856 153.6218863588243
71.02976992935595 95.8314263062395
66.19280323488272 69.04909619449221
48.39443212415196 51.68587830647124
78.95462387003687 44.332707549703386
41.23005949379184 62.4876060062785
28.358907591333057 0.45589646738213124
50.65861456910167 31.63529212221118
25.559060397263465 32.37398660222986
20.31711764864921 64.05441544992773
46.620976898014725 17.686849951656193
85.16823813389871 12.87195060485411
36.2114849819899 123.28385580038078
58.77803882226482 54.55342309219825
82.58754806578698 23.264737669604
25.19150122404895 5.8696322056662495
30.930333682741562 36.613126270362166
32.664848295438375 48.78715518972424
85.19609891329712 42.348760029880744
12.138552490850289 1.3774912835791593
12.742229749275367 0.6155485974192815
67.79073347381262 153.06265211042862
67.82970527196639 139.59790261985964
28.191072163324083 10.168610174181648
56.172747020908126 45.48331968925529
76.74361326242526 11.346757665947951
47.6620015587945 58.84076071604692
5.478883707068853 2.8713246834897195
7.383687268497354 6.2395475040216954
2.0614438901650796 3.8884846489610347
2.897607246471045 0.9386565322693016
10.952697507473271 1.8131710542594124
18.696498268553757 5.5746593804754
32.417610839390534 120.65860367554879
15.624618602132443 35.727481745056856
67.64340891649458 100.03100430838803
5.7505519327608 1.5963892442074623
1.7154711588526168 0.75059056263664
59.235956002860604 45.944139945732736
74.36243262156991 32.605069659556456
8.506965150326032 5.6784917648811515
54.13929572292455 28.466968549712973
55.92835959849666 17.661338563138003
62.27986956920008 2.82359887048274
10.63836718830026 1.942963652911218
10.81517007333158 18.353508409940094
20.44001541458525 2.517792821477533
89.806238329038 67.34207414483345
25.634105132924095 4.317549708303896
84.107488745521 31.922159711123083
44.01367449171684 20.412910340287993
0.8770144914472878 0.5249128851514032
7.42780187923281 2.6970008772387617
79.29092469682652 6.951099071496786
42.06265448620736 76.72437069058131
13.489457900883545 5.1276665190617
5.053705353385392 4.672253288423693
0.8800835510508923 2.064663913726212
2.3994901368154045 3.1923951076572443
15.890825912870495 9.420211949125331
54.3449540389725 40.06486309939621
60.60021242010491 143.9508321969285
35.82193977956618 72.60880706688494
52.005225094784294 2.0885354272588605
89.30665197539479 32.73418273022424
74.50324250578201 72.37149919739294
9.100196470537059 3.5628284109667385
13.730857152524079 2.6657609953795767
5.594018793443185 1.0138008852658216
1.5993975372866949 1.1299797715792503
5.362854400546556 1.2239424458302786
45.51011174583684 10.072599456520248
58.480927631521425 84.7320975674658
2.5344145363320933 1.38708597693717
53.68074314762398 36.69364260615314
54.83970164869086 30.11357509741353
1.4149908544657155 0.9598203422097283
6.658623384286176 0.44669934961497376
88.75208931726849 25.44123788864296
65.34580516209608 73.25515544254928
1.6323394233124005 0.6121520145729461
45.163735996654026 66.39344794115452
0.7592491420263144 0.242912683864686
47.10355014232936 33.81216301429943
7.6264505994738485 1.1722714800032403
3.9265941164724447 1.6118198199923481
60.34187074285767 16.870589093223124
4.217545114303996 4.06974162361895
38.9891549738509 27.03102878026246
3.5994180012416237 1.8172923150679083
0.852668775247365 1.4133613728252803
2.1095339123755954 1.3370575028258003
1.2761290459195134 0.7616245334104517
4.435295082620119 0.764020010442543
18.789834294601786 22.750090707973424
28.445479494211572 2.824845777385473
5.635300848517865 1.8518214991182749
42.95567921603135 23.340043502156774
20.552149800555235 2.65607088600773
0.5394861504616164 0.6052247838380794
1.84990548940975 0.6855251982181035
1.0471574162886637 0.4463620307149209
14.479358700605555 7.512168280137674
6.819506559069509 5.076119733786168
1.3349038409964813 1.6970487665702478
80.2704913332904 40.33601999662975
89.34405972682652 69.32376550649194
3.860670393281392 5.7716567834331505
9.14272352523756 3.9489644743888728
4.5833075521344355 0.503283919706981
0.735291578750122 0.4271932176269631
4.156807446759229 0.7771276720523018
3.4940487902648405 1.3607456435445788
9.88802197821947 118.68440805851507
14.36698755759564 6.8092472248048725
3.1283001500052796 0.13023597456929362
2.6506321742013097 1.0496053140400836
21.594578283552526 2.7186293732260918
34.97530121875627 48.167034197703266
10.593287341154337 4.551128298523533
56.95455315437438 65.66485993774879
32.143397197761544 96.45680444257857
75.63899753924146 43.36453392320254
10.317033825182483 5.153472201862695
36.49049741801832 2.769590275102391
7.133497528538869 1.6021600544222603
9.596961282150415 0.7989498119455151
23.100227755152588 42.443533411741555
84.12240353787517 104.78944446391213
73.30271975356894 134.86177016193386
14.034233386384996 2.3932965051244657
29.128124903884405 25.63041031927842
64.5501373066236 30.823490008631364
4.050634638937443 11.889876118039322
1.142966421091237 4.519419080314067
34.310163978256625 50.21351278389509
2.576204256622166 3.407420897000111
46.301616659849564 107.21639883373226
46.898739312300535 17.122006754822205
74.87375465411627 19.91516406920476
75.44995685357814 7.146831478427013
5.008736463939047 2.8429218767716447
2.0258092715284266 0.5375415854377714
83.05908967276434 170.20001666305217
22.415503181696167 1.862942348973316
21.19654865547239 12.336510536262029
58.504470638599074 26.250125199411826
0.7548765184044156 0.2710212231451925
33.64569387033799 141.35660374633514
81.86327425641223 19.997675797967386
59.60371094685917 75.01345374404146
40.22613793725377 2.697156111818841
64.34118262808362 129.82385863646022
3.26724334331579 1.0530661017894691
24.646266810337767 108.43008016168444
62.47363400594014 24.79552053038853
33.006794362749986 30.138172520368734
70.88183070036337 27.491640833598435
22.308217245771267 12.545189200155173
7.010723321974774 1.077636218271777
3.061442743294914 1.9860757275401562
49.983006556053475 54.78873052521805
3.1522139080839042 1.5930008826216757
76.83703816233579 62.761993594716664
1.4619598470115225 0.47850835105449874
1.7322476506726456 0.3750044398240074
7.400786394731194 8.51457097769917
3.9074816563463837 2.5782004743884026
0.17626948328091152 2.5857783227320112
3.693899738389946 0.6235521584892015
16.1622451470999 15.200447537495258
3.2323049322464237 1.1681827272476253
4.452449010995054 2.1119778406813956
4.673484966239315 1.3660036548133514
7.776456539826852 4.336272193450685
6.729622515100744 2.395962941359929
4.04823783845036 1.0732593520797862
64.48410159629674 13.774053716318047
6.629582166063378 3.058965337859866
5.896115987160772 1.305278917964534
11.614888834611385 1.9537074505012006
10.86180238766194 1.1977030163160878
5.894909825248244 1.3927383250603178
23.336667095081733 15.394324405123085
29.315054963827322 63.17759552509879
5.527669323191058 1.8946348214866202
75.62725956704776 42.19641765365911
88.93188036847172 84.02583695054959
3.377635010912504 0.8458244156720114
55.50588642694272 24.453998417855836
89.55246472483334 75.8206146685585
73.34994679386358 51.86261501782547
32.31381323234061 97.76778366383077
20.280128490011315 6.960046133567551
55.87217182397772 21.398282278650044
88.0870305623322 17.90019482510805
47.90404395570201 12.267716444582465
5.55060042150922 4.909933689438955
9.830474419423785 13.516821837825601
64.43300871291224 26.042996232239876
20.604981682836236 54.21963648233183
83.11929757643871 21.368503570157248
3.7430241691180415 1.3204606187726848
63.219162256410726 4.738813206431279
80.13661123665882 26.249371043163812
84.44050493460004 67.40889420641606
35.46441548992402 160.5275176376816
50.43627893805831 74.36230355864151
15.735881479329766 21.308793199103796
79.57213713226182 57.604641156592635
10.189656329930338 1.2078504303217408
34.78718369929234 48.97766930436095
3.4885134637244537 1.7325147775279213
8.466866351238902 78.50794999972467
19.590397972542657 79.72831269472773
0.9134286020685525 1.5565229167839445
1.3060637274721951 0.41357256193675934
21.806144967376664 9.886839018811006
0.9758897621067429 0.33655851277526583
84.05559144166672 28.588595017037807
35.413519662587845 32.025520247055944
47.48294419433601 7.67674764834728
46.63377650174934 49.92845785244052
51.85520860498758 73.41141363365054
13.412763404919481 1.0285773463995371
35.74778317655201 73.87810650724114
18.05803382636651 28.42891952130108
68.31093710645959 13.483962202865849
72.9357199496314 68.18812433557717
16.829531172732587 3.7887295897920366
62.834518297235704 45.27509375372973
28.674824433445274 10.108938815435863
71.02889918000876 140.7289874310292
23.850119912510195 3.994743064858769
15.777059209562703 8.948634131755455
78.4463831348218 46.255065737465216
19.896148839387557 47.855746186859065
28.542819316696892 100.72193949480314
73.55803962790486 54.16392931507835
87.7965760823406 72.95238884147416
0.6920603789251671 1.5273748361753192
46.42379179837235 7.232327498415103
9.958429853509784 59.69672775345345
39.78690963623657 90.62221717002953
7.251602748980016 2.28314299660193
47.6683736769819 28.530393382558177
75.40167937163568 48.09898453072624
1.7307222717019157 0.6609264413004458
12.514228034586354 6.079684867054262
71.83236591724285 177.7435775551539
20.071763099480307 54.367401086878736
65.48711525612262 131.06744728837114
80.21641920706429 69.6738479984292
81.13541432425981 42.17402018523912
4.443857406513889 4.657103393423143
85.63355402292999 3.238564546416858
62.02343101774341 24.261254312353262
82.3943181609047 21.414567781516993
38.1363889596381 10.404836002805009
55.92094660706286 44.25739896811636
35.09035109012896 80.77476015075224
83.97373215163356 41.34521270052061
50.89747459289435 39.3544382882298
38.046296035977576 1.0606109703155908
74.85691899591215 62.94309813579386
18.312382855598656 72.00992821529037
62.58713459365174 3.108061372643886
35.402644149741825 25.590421035076968
15.269071426046729 10.706207551061263
2.6048224611889115 3.6711239144241965
21.93761966592956 45.63492164516662
87.93729789960908 87.43577040852396
80.50778857858819 12.418868726161353
1.4885635742017689 0.5598706584138133
70.57707291328242 9.626487471305092
80.53990743443366 4.145034090465621
6.93440060050238 1.2146350433890745
81.25171568284213 57.78402875182549
7.239389657485479 0.9517770226075825
8.354997004552388 0.7458710359194263
36.46570620847436 6.150511661869748
13.27983763247221 10.338202594417657
11.245549654105917 18.062892772017815
19.49660840769682 39.67052337101544
7.5726073134517975 3.0692443479512335
70.53884796952568 31.673294368193268
4.68754690090752 2.8080458289756507
3.9682938175142852 1.3389898874296606
27.02029756451234 45.95951562851542
1.0387347118901105 1.2424645137129786
10.403819152264619 4.869971365348483
52.981296649667655 22.21476336559753
4.969835675486582 0.7469660907393255
1.9083663752386681 0.4292759292997673
14.078019924541787 5.508937568559421
24.565060427768998 36.63876947803671
3.0410083694321135 1.257827685206215
55.08409003980873 101.60743291331073
62.120279423421024 3.216314361897366
70.59522101341521 160.15154434440788
82.13272866150025 51.14920440854125
15.214561644004736 7.270966899726866
1.4049857272867408 0.6388788574738865
61.781107553538064 6.649795767846838
30.939121463419063 5.988497164614738
4.555924949158644 1.5611718270990982
7.688007056220574 7.658297211325857
53.629127649236 118.74882066154531
26.373807007924967 3.902379840810382
37.8657599256623 19.845516194963178
75.06809324675554 34.384354078301705
44.017819964447085 7.4122052567749686
41.05013012353879 18.810485935607304
2.3389848028532256 0.2627369378763702
6.9530192864729266 2.036824883238154
3.4113862077868307 7.092944301561034
81.51571802155904 67.84067983412409
27.04878724806376 6.646609259657505
25.148580742433904 72.86200079320417
34.76655455252845 55.18889237105654
48.97556823817173 20.176150328063116
21.857633610807852 44.22772881081569
67.08565698515538 39.3580296476683
17.295202325163075 8.68866569930836
0.2867887291413055 1.0444582480712317
2.223419960846074 3.8745574372700236
1.6542547544620623 0.8822178709564794
3.1628230913062714 1.2142392190091074
41.81100244326154 58.02471068483569
51.10801106695979 56.60750038549475
6.847608076340331 2.0055269315673634
7.998818493222046 51.20648364810616
1.873714102715354 55.41499501206687
7.710935311143146 42.82950650375068
18.284986133007607 55.5953881553765
72.68217149615229 20.486876408183527
58.39282535186251 32.11942734292321
21.90617729369893 33.182397538225004
6.9285643551806615 1.412207692932563
61.938451244400625 32.58250941858927
1.4833897397152005 0.21783179476338138
85.23835003559762 36.13550803670757
1.1887119891839728 1.6780024025303555
4.48107427064786 0.9183604918898969
72.27220605930535 24.613085839851596
74.32236451520686 16.065411468258638
61.17552956050176 52.073890873720345
16.332264317254534 1.294070757839914
7.062182533799223 2.2602760159668147
74.17024635586374 23.241914712507448
78.787202384197 66.79696441960111
75.58659542581091 51.233121982782585
28.11556500707458 7.362961084467729
13.739853856711532 0.29412156177418414
3.4226028696806656 0.855819438525589
1.368200430401151 0.5940293415463558
42.83417008508147 28.067816243369574
61.9978837119791 10.162432686482317
84.8050044368341 20.12283175339236
30.317969468142433 37.05630946157749
64.66853411348086 14.740546720030451
45.682902897837074 16.48040685516539
14.972953457879692 4.537377466418366
83.36567884101862 48.52998855967984
45.58700173927222 19.228381698836806
78.67550433785743 25.314716773460717
73.63605061955536 173.71592823825497
39.67084723241308 25.621590697632957
41.06113075390425 7.951277241651778
84.14004121855002 4.843794366214929
2.9155541699955516 1.3329434494017631
6.502517252366597 2.8051443047056317
15.474223099199511 1.4674082009352496
20.56428541862168 4.1790536933595295
8.869850745682177 2.889011131728937
8.767331189433282 4.910314533475829
28.60172637624866 9.829751262603049
61.106263163611644 30.80733729280546
62.09491422395942 38.7623481413737
86.01475609778781 58.24366695641585
14.414452389288996 11.995759998082761
3.435204097237603 1.9463583646123963
0.5606142812077533 3.8811363587442322
74.04822462600968 27.997521132683232
3.59539376582726 1.1403791054578245
8.457926501724359 3.306651436369782
48.85249307143319 35.84284256657781
0.9977989179206906 1.0316939284231654
72.36814452966118 118.45390094238883
7.476099556982646 4.2642759182011005
86.32783183283853 25.4232856874566
51.04399307758058 51.0842918009033
54.45329254024051 50.11114576291692
82.87939580202325 100.44467272964684
75.88131259865963 86.3176119736721
67.78723416180956 45.48828872831923
8.67387223010746 1.1086682371259147
45.265123951133916 30.354558190965925
29.06652275123011 81.84052749380352
1.3977626807110444 1.8635222289613131
4.761766968958691 3.7679068641984568
20.463097850996 4.219371187849776
5.845726774416371 0.8957678546947568
7.179831059274233 0.6915536327320487
3.861674350689598 1.6531029204907421
3.702619546320411 0.3791667799121151
22.009544867971666 1.9745314816860577
69.68044843909881 5.832966542772594
81.9188701880349 2.196395068334144
12.067032104751162 9.54618218202308
19.34790484480941 8.08981333888606
28.451788536149877 6.880727537388712
67.10979606952134 13.116220718448218
54.50750110636531 89.73661557224551
16.756140591041863 2.372596536378899
5.335863389847133 1.2757739514871766
12.567096393110353 7.648537140373328
11.115066861376672 1.458787044081743
12.057496253486148 2.1346591435287
4.191976661323835 1.2037006815272355
37.57742931967269 34.73433117494751
2.0380820748989095 57.97655516003369
14.676621800455877 63.456217535238636
29.607244444135432 58.56208815006705
18.655553604507553 2.141931921366101
87.56144289591411 57.224338278198104
52.27495873132432 19.581550504672506
40.767548662761925 7.674204078473871
2.7724744562220924 9.524095676095754
8.098318931437563 1.2165596181652218
5.850115822229706 2.1836278575291628
28.11325893976696 9.659739254344093
71.29665450419031 7.590776977149003
2.9799210196141583 0.774167048715859
4.2690444990663154 3.2326506814521765
6.537303456608839 2.4960753561401035
63.87394971561281 26.4958982315912
25.501087368044132 29.439422413339518
10.789526743004563 0.7963296754327674
70.76035229574995 86.70036946604453
54.817847172712504 80.33672082715584
7.268388238791915 1.3356595941210863
33.52864700776786 63.801123132174084
7.255795850133373 1.6028394178165786
30.807282681123375 3.751141587351766
12.607975279641861 0.8522401524387819
1.4328196898312704 1.0963987522731358
51.897624019256796 66.03430512358842
3.83444393731041 4.840322322055083
5.569113936494023 0.9114013986305806
11.454787682650869 31.644708035045337
1.7718791060717414 1.1446082129674484
37.652971036737014 16.133362823426964
3.6875187410436716 0.7041962383984448
17.712538313366995 18.582916934037677
2.203939150116377 2.431534883586728
0.9436001249838053 1.7043388087450324
76.75181350793075 57.13042228839795
1.5875680577580051 0.8714250332977156
52.42000466725843 10.663130787926974
3.3397240357484845 1.288611731129339
5.387054439034408 3.065382244310574
7.067533344082936 3.527144470257773
6.120545478024411 2.6786299020077764
49.879055115050136 58.227943162297805
45.42371053007753 107.02789000606298
2.9291279934028926 1.1871523965462203
5.918283320521855 7.901232130128268
4.468885743534201 22.193365404303577
36.152444848842414 105.51585173990735
53.60193462642955 7.412692370301054
12.51758950538752 30.58293256496251
0.6477595357464291 2.24101318365464
7.5098801529021175 2.19744678128328
77.32555848582145 95.14451051329975
8.947803283897994 2.045837366653832
3.168574610757869 2.579576887752577
4.349760266374283 6.317166201183075
56.435588400563844 113.31099716374729
1.8841047438322105 2.653247385960096
56.848878231820876 7.627589447565892
4.540866961845399 6.533025199568214
2.71261794462954 3.6601049208998555
10.913209532506386 62.02023508003374
3.0755183379971744 4.630302351640669
73.35899356010225 21.230949295552218
81.23943291884873 138.0825569458055
7.3695023455775335 8.15791250992021
39.08719457459836 72.49327942497052
71.7435524299988 29.11199311341965
62.28718633539974 37.17601192148858
50.64072631028793 34.84411370491302
21.849618223378627 56.514134257281306
42.04627247379683 61.19239620159206
4.3601303615412155 0.6575661762620943
57.56822333500548 26.540754116204916
20.549035413303237 4.619314816425426
50.033960133706785 9.79770036534811
55.020752396155444 18.43705115372494
7.918777520443085 1.4583951037345648
62.16909679944143 5.641268720479205
11.944061426151782 1.2260288745086523
71.42458678666637 3.26974047817076
34.42172788189596 3.434218260306866
2.6228975347082053 0.8046046745781664
4.731053659342317 1.4242437973452753
6.932192106883805 0.6739599013250765
4.1756897167163975 4.061506893876259
59.215825842132986 95.28583655104092
55.57616036744906 66.67979695853032
1.125204154189151 0.8560243119968475
26.930047044204024 31.748679474311096
40.61167225453656 54.38648123433084
34.31059130124962 38.836984145575016
6.925974665435993 1.0710497268975496
27.9243416983007 9.320053665493182
51.41242035007966 56.00443373016318
80.82693719520915 8.5903997404256
1.415326626779235 0.21154493249275377
9.036042365939094 2.35644119449587
70.607460403128 26.934696401888615
79.54561173474436 32.234131924601215
39.9105011713817 36.77035158697039
4.736463364002026 8.648385392006993
13.868794288590673 3.57247569821576
2.319705948342511 2.0936242589344474
2.7126978877628836 28.374665365689346
1.1355937742804112 0.5675716641611727
61.485875700566815 34.68214320564468
33.2327385695794 35.43014563090682
59.60086317168149 25.083764764588015
43.94737043799406 61.075318454921394
21.4909493687632 144.7853509371512
71.68163154426486 26.024484490730245
71.68047930961029 49.25670399320182
62.70836854219907 39.04151968582231
13.764429288576405 12.754222037641803
36.40138304943375 99.67129589750397
1.9399611847257312 1.9154098498907337
0.982625157418073 0.5526182478506655
22.29238493195698 2.273610822392999
7.799980672577314 1.0370839476060827
6.850851839118059 2.7268651160734394
31.08697156117378 80.04001957068917
82.53909335126349 91.46146486416835
14.911037747355095 151.02803886301027
2.0145458316565588 0.49797077375043663
15.392901633460236 1.2612538596267215
33.24476056393734 13.683688181715237
22.023554139299872 1.0807763348536032
26.043880318241563 22.961092778175455
86.11213631321606 72.08539246870548
24.32084276176567 8.82118380012728
21.190139679818436 2.004478013956896
74.8210138249888 13.942976303782059
5.609969967653872 0.9873020141313747
28.40848757540909 59.759783277292215
24.949193799491187 20.149838269674625
62.41880268619488 23.860794519872467
0.5675592606021074 0.3402817206220052
14.189832633795191 46.079314144432026
16.89748073801054 6.439767500665574
15.715201078449436 29.840493945690223
8.102340769294504 41.45783734191832
6.930759340776993 2.5971696888680262
5.417701299758104 1.5843064947715004
8.743532882538178 1.695283763723249
4.212108438919811 0.7732335934030582
2.47680171075516 0.7980369989616412
4.6481615970914545 3.280851483920925
2.9303554349424514 0.44466422768181696
11.196477317787048 7.283752704010127
74.07553146857772 59.54911086004658
1.3056841332562878 3.959055970534734
0.5579044804153626 2.7992894927539207
2.719652232975167 2.531272489207359
0.4811712861331282 1.3033945700649
2.4199069559877886 1.170562913987048
1.9808758071075947 0.4582390406189103
13.962533456915342 2.0473123643414115
21.004482812463436 1.5944311039982197
71.22615482139337 5.494130074781693
32.47099026670535 3.4184576655576255
9.264911000381602 4.222672258914946
2.846860042486216 1.3807928432847405
0.6107379232264373 1.2108735911717459
8.77836100075651 1.1298407140712765
8.987341993464623 2.6984621208551225
4.835976708200302 1.0792162746221965
12.249337999683732 12.041797028839436
13.376418239486341 6.35810337776933
6.250171203436379 2.2712834618561306
67.49556560338696 13.740892428916284
61.01869844309739 5.421069731874657
24.584840887391977 94.6672352691233
39.90702895411923 86.57685138227232
66.66193207988391 40.25903253145436
7.963738077959067 0.6162293046124018
5.528706306077445 1.5383819712985085
7.68096187159956 2.091269630354132
56.69772592060512 86.3716994770487
69.8045620719637 15.012732560116188
73.37850465934105 17.450635386663883
69.02149419866574 143.3904246986033
69.39826429022985 19.358398708614992
32.02509860339211 64.23950760648096
43.225736766368385 29.497936225348653
51.46126500931351 24.49230259692024
36.38349699395391 30.512026307648775
18.18090460958333 9.644714779504962
47.029737742753696 12.744554878040608
12.022962086486412 0.6325966280608794
13.137259821269433 3.5100534844580427
1.8955944125319768 0.21022255491863476
5.647663063196935 0.9325782697013923
11.104343426648141 1.043379931302
63.69933777879464 31.191097626903524
40.57532545390694 19.766688331508348
50.03193124013095 44.89173684543731
44.08834953835225 29.048565596842916
5.822102975769949 2.417080313865568
10.762151867225613 2.109804149608795
79.53272872333527 30.989011860653314
71.45807029556579 6.895197974921947
1.0203977888547977 1.2906563430863767
5.4062440138347965 2.7775541910503874
65.34255492791426 24.600571936620696
9.804065195480867 1.011471049776104
3.9145007233383127 2.9184730146158206
5.267867967655329 3.68458212549362
5.2024602878628885 1.5669873898974496
12.970053020452495 0.2607226252905664
1.7968327254933112 0.8871779540103124
3.823884037103273 0.34124741755459936
56.837760506120574 47.44950275886933
11.090114578273116 1.8755806353504398
1.3886356601367038 2.225215145319596
13.671364591526885 4.151873619101098
3.7445730850001566 1.5609556818323633
1.0488518813385472 0.5027463266476532
14.108492542630428 3.545572723751086
84.49148928493321 114.69142599368867
79.239199462319 79.49088059078515
75.41949969800282 30.766351763139433
5.9170800107748684 0.6993925104538422
17.628754612580114 9.142326628174061
11.529077661344557 25.51411463536354
1.7969365208234118 5.741259882174574
46.86622867421957 23.220014728675796
9.179406738339488 11.988654026471423
6.0437593799625144 1.8573667444241682
10.691535465061376 0.5722547216946978
27.661283187188207 50.106856659318396
7.5150725676711545 0.8075945508672275
2.394710503119946 0.6922748188629115
3.732964213915689 1.5211205107031662
51.733501610475884 100.52480226811625
82.88395213166021 165.10156335996624
41.12519017793744 122.68460974450143
89.02710402082873 100.81953478413382
41.58492735206789 92.28688611651127
5.933699461111949 2.2047755691560176
34.85816028890654 27.856260668020322
44.66823905521571 114.13647579299085
3.0954737825399916 0.9510419197591788
4.2856950462923225 2.138488081639595
1.8289612745531048 43.72804078930043
27.56709994118765 72.5189742817771
52.04718189726559 126.94780035189135
33.762526417264844 2.628678272933591
73.53059696239825 87.73569718983786
7.953933671831249 2.9582958996815085
72.07884829465316 26.5689639610057
86.4335215410998 21.884959786530928
13.053371852989844 22.388720956815497
19.148938188007733 43.19159281273068
40.539524941939675 50.915079033841614
38.30426331933336 79.54932857370483
34.34853316332845 23.96522882987772
31.98127014643441 45.094664002394424
24.76392185957654 33.81857212605607
4.602418887579261 0.4769598991751279
40.00274131601827 84.86269301063301
2.3217060870305057 0.6499453099147517
12.313265813293457 0.9632426909651848
64.51743805162828 15.509115431542215
38.7336489347544 1.5114326065954917
55.81872673251712 20.73331385058596
85.5448003270999 16.281285695295825
67.6837637533185 78.67344886050624
37.70398102008966 52.790229748779666
58.14226462012209 37.444159949119296
6.157140947634189 2.801608324485733
81.54556779282748 4.3426142294338055
0.5485433838212698 0.7450929447056692
88.55176863665791 17.501972855304636
3.044458225648073 0.9940954764512694
20.39616475057854 2.2463617571151766
6.58618688836844 0.3605904920081722
47.80245603415095 25.323673204456416
9.982664394586404 3.5052253881586943
1.5663593494967605 1.8126846123514444
5.939000248302833 11.924881434546077
8.703304424823557 2.7732738110964035
7.528542511449934 0.9881715558543968
4.991914537313815 1.9442719975572407
9.35656927404159 4.47794214028328
3.1565834658945766 2.403184857789568
21.367735529580138 1.484269414880862
1.0034355848124716 3.2645426877159074
7.495114185871246 11.96165386177501
6.258555737486326 2.040110405319054
1.5957080373517092 1.4977418314717346
6.495067764663242 0.8553290100156409
2.4459034348144293 0.7211832570441495
78.25419444077131 71.44572908823113
6.595669773862078 0.8663180331269218
4.592890862113523 1.7108164091564124
1.5302995468035439 0.2659235141257061
5.413490503166421 1.0431985115862752
4.9666159176717795 1.269165161923323
3.939105873180499 0.587955129989549
15.568828601923443 1.8070272907796827
5.972253058609473 1.1310867382767555
0.5938299403081833 0.5457115997444674
2.953304856506265 0.5396812489352979
4.950596990738447 0.831218349166314
42.56254201748695 48.47016761321051
8.160618373056428 1.8283287379292597
2.383343205589079 1.0842851294928644
3.2324258465927125 2.223987343675747
3.66039814022468 0.4261905409447387
2.679886666276333 0.8762199268346018
2.598594348365118 1.0461266129768232
11.034554690882807 2.176434784352408
10.082452971104754 3.017439863942085
41.65580124522825 56.435106090854525
8.288132726686591 1.7312323896503703
64.80408825919314 30.18805941980796
6.485625623188202 0.40361564734590655
0.8282027386812293 0.8218237834852267
60.51473368355143 6.407826553153685
7.796600071749218 1.076466996868264
16.190595545909346 0.7594468018536096
2.249729760566313 0.670536775697064
24.172121795147252 2.6810540597825248
67.30279416709116 40.146528052694855
23.488865318854835 71.43501488945651
42.343068735368206 33.46212362782956
63.743059682586996 25.008717625021717
53.08186121891741 88.0942559865354
62.520157949278314 25.897341740855516
38.090102413385125 61.37061978371777
46.60472949937492 51.32295643968681
15.528956853098231 7.633995782273442
87.07752317013608 83.28938883324146
68.28603404372741 100.70901610694138
56.8427430340039 59.80618456652031
4.455379104090034 0.7121344181175668
9.869814662742488 6.503873555315842
18.417434824481433 56.142727269709766
5.476939440116916 2.056872674599123
4.778191470590288 7.097737307511426
14.450093267328477 1.0916694142201615
44.83408258561752 87.00817163046068
68.27014482587185 91.53973433652516
5.286087456254139 5.13852160930012
74.4300329238548 68.01202518389461
41.27081395515327 91.24091447606982
6.489918611189299 3.4730785893601808
11.34241114040527 7.379054647268812
8.139926855098542 4.240448398924995
3.587501524897662 1.6869404792543607
69.78001645553657 74.53980865383893
71.5048430064287 8.342700621472355
29.95849333491879 4.350652817064196
64.73141108208169 39.82346142544653
4.405909864125807 7.672344665851785
65.60955327886488 40.31242891482695
16.03154883625975 0.4447773039803841
18.090273031914997 2.4529647710212314
3.817043224636844 1.4671087638225366
19.28115557072214 32.20355100626143
3.1493705294835794 0.8781124013615002
15.313505319576812 1.7082676200869096
17.852968437828252 37.33619100327757
4.566159249526801 0.237016500760685
14.499621663786648 2.099770646629429
87.59376200310552 35.0852140663607
8.413794847591209 2.638723859792059
2.3010277598258755 0.7061871944237353
21.31570152796052 3.8243826789906614
6.378628259881448 1.904892234961556
6.482394692255774 2.217971509012137
17.83728426594439 58.44553154838019
35.64632991822876 75.55780168730367
16.712340693840183 2.1342194581100937
6.5281992863723275 1.4684287165246186
23.177644893049358 3.5026529276821363
21.060712428180477 2.4433262814168306
38.64604596690021 3.020673079411392
73.5297057088423 7.105852564413716
32.26429076435444 7.109743991278684
2.4889587119315717 3.098560427768596
59.435550715195546 114.92521027019373
4.72122774512607 2.531794471130862
71.26456968284592 21.781184069498543
26.015648686893172 8.270661628186353
66.4974973104146 88.72762822554822
24.87858154206816 48.33829522635389
13.187389092190875 22.288499988225865
20.73686350489092 85.7065189503829
38.99407425310014 55.38850934831247
3.4490383243755134 0.5641635777316644
82.86000703628972 10.5015219335499
1.32191079244136 0.6127882438962323
8.584790097521072 5.189224493061517
4.538573100144674 46.81313130455937
35.07368156481982 69.15688290535223
39.782742601184786 77.23105086241851
61.63522973111425 100.64953616193324
80.53772003286296 121.37146102171215
13.400168763655756 54.86061450013783
50.84921450852194 67.22185075301697
32.01762223155879 107.62889802876231
45.599119426948604 20.41495863382914
62.887778003001685 163.269849186601
35.72165063322541 106.70177685067452
40.64853870197882 94.75943330689088
39.98322558038157 76.77151830288318
73.48211336364226 148.743558968005
74.77925455699773 101.84426244661023
1.4094974362413282 0.41527443441646344
30.37806103108855 74.76031593719192
