1.8951837068648674 0.5123931068469404
3.196535490339621 2.0244463727491344
2.004800167821443 1.2350101673468794
0.8556836988003441 0.8399305110084861
3.4864521601418286 3.174656017067295
77.34434236151188 72.646930714264
46.63598434104455 32.13876908024506
1.65930396314764 2.569434017817377
0.7363746783523707 6.44385885760973
1.289663797833127 3.507477997495135
2.2084384938172597 1.2219671426385739
9.223159911256616 2.9158351724533222
9.481390772363104 1.7162316825522648
1.6213257906269116 0.3281287813475581
49.256836244501244 34.80073574706609
66.16720375590283 17.622297745835645
64.43803047683508 9.23242235068565
55.58625953567091 5.609400701121052
27.908199110284297 9.12842873606467
76.73859994188952 22.183599761572847
59.877390233485855 18.627195299555407
58.16704128224558 0.9585226349214108
2.2120557569597374 1.2465497361775661
0.8352454456390505 0.3802430025873169
10.51154450676514 1.2711221933689263
6.502190570002588 0.7017871477698439
13.212957467253926 1.3863134934720114
10.303652116383775 0.9967098400601815
60.62870794762526 0.9690000196163178
8.034144926535118 1.7861118015964117
5.888130417142747 0.5081077602223174
7.835189074722734 1.1752957927320593
10.756064059223911 2.5343454332950186
2.28229343708646 0.8409244933528229
0.5617324487778951 0.4155781519888572
0.5153321063028822 0.37260653293447255
28.77374444950271 33.33830186055361
4.328928941651003 2.4891714410753183
1.5318817219450434 1.5117050694169003
66.49652851108134 12.915690631220661
4.6930979745424715 2.007379430966397
63.242283305032906 33.65194046194415
7.375999918235037 0.5189921824799917
29.5163510188124 38.02769974832668
10.165213627288605 0.885650334167523
9.414605751172934 4.627387100521835
4.454328178395848 1.50755188409504
4.078692906484672 16.04153842402979
27.286198728021166 45.96922662489099
7.773794894711617 21.519794872281416
49.38560559233233 171.00771399302275
85.35153302895337 151.89388119601927
43.863219943420575 49.68067231718469
38.420196142606954 60.41938279721924
33.578338963790486 77.44146373071389
18.5578777097203 5.315250000120719
33.38485430712393 4.098980359413727
31.388474645925072 5.7431018773774465
26.73917337962097 1.8602638379905374
24.260713765256387 6.519687651718279
23.520485099998087 15.182944603943547
87.80002226275025 40.6067188790949
36.84874777453726 9.80917894719662
16.09585242030592 6.00279530795429
87.1115341930896 17.682549637936656
27.709581309039905 45.954705310706466
68.74902081429738 48.533976854961026
66.34296737442769 23.703948842472375
2.6780514582132056 1.4147225847400855
30.504168891342623 42.1991218554425
2.1152889237122876 2.964399000397994
20.48759435935466 3.8207318163987942
15.556828054058009 14.826151101225491
48.879529817723345 51.21687972831389
84.85085223908106 52.0105239149667
5.28617080355934 1.4091362704946229
26.418300315097873 35.036806252508526
23.068146039334522 13.203901209501085
32.64359175722792 23.195401100732923
51.69015352703627 114.5126322535037
2.8203473860162465 1.4840569152502299
75.22650184668296 63.11123002726828
0.6175004229418193 1.0567571399010867
0.7500047193749654 0.7700353963257265
16.720316563953602 4.399850831860134
34.19989706514746 7.389768105941374
57.97977552559108 5.366951637221323
4.182325029282947 1.1523938476884605
27.73261825318366 7.915670681510761
43.77949610188044 14.393487742235523
44.97270537368894 91.22342639721745
6.019841783162715 2.7381511958140092
21.626986601329655 28.43897769592834
67.93349125581177 66.5437084631446
83.62501238401813 39.216091732084
33.530733777836 13.154908276089195
44.265639818634924 66.63980458053607
75.50312972157883 19.907714490887507
6.9130049204740995 0.7281773101444459
62.22222044388662 44.49164684121676
13.738239093367433 66.49613383453881
82.94745249267737 31.457300720613798
10.734371600286122 69.20781123057043
12.86168313320005 4.1521224929708005
75.96561626337574 2.4706399490648914
86.75055049981336 29.96637850879081
54.44203672285151 19.1611718307011
29.92305003653289 37.05536972527341
48.238667009892026 61.102409860803206
1.7715541943803146 56.195966346679356
6.884304566786333 4.316246543931349
86.53807975353884 27.97848904356612
45.02477188898129 98.47273121802046
73.17337609577271 72.71464751075145
36.564842920474575 33.77941333653227
24.484240370741862 19.105514816463995
43.036323531950444 84.24705717369922
36.53748810259026 8.59501379473829
33.56576422355366 41.35155991189584
65.84314861440988 141.26744908624354
46.10703460193306 8.106577999854194
33.59739921559509 15.778460466792078
5.950537852696601 1.4461384640820465
16.570886743045925 3.9255880876179887
15.269944052262133 3.629993873961026
78.62826361929088 12.86072094924421
4.695104511539806 5.168387906925614
41.73165948437122 82.83198455381316
9.519181961143005 73.40686241922265
34.10121996586204 36.91209917324686
56.50140526391941 31.98396194864597
88.20104803743281 39.635358844009374
41.62855846587959 18.14188822373363
4.55627074081492 0.820313150339685
41.97866672885841 4.405624021822495
11.94624186867602 2.4257714461080133
24.678886261450316 10.341888238544914
32.166816186081405 15.88966954332862
18.318233057444512 10.994399846148836
7.194861465780705 6.817731403725195
19.846684989696204 3.404305709887197
0.6361986822948114 0.23380472995508267
2.3400915383200225 0.7107840021533424
22.29618722621658 4.0629258973904685
2.076131624070344 0.4722929754635561
2.308949649837726 2.0378220419724054
3.3591459881192813 0.35905805923260686
46.0228901967285 8.584252877904873
11.272369727226398 0.6769855977324515
61.30614187475976 17.267020453017622
34.796305123931894 11.766459569562954
68.17661233118137 20.521472620047465
6.68363970919327 0.8546373175684258
14.82107044998877 0.47026356174311507
6.523653898769894 1.1595532498696026
2.606512505907338 1.0693335372229211
2.764815453462329 1.0392732958352076
8.869138872029595 115.66067072159645
21.4885247229374 148.74392821780177
19.00334703992087 1.0232353903804094
9.321217904888144 1.9811558093351889
84.99251423910371 13.45257353763184
33.655772944291 3.0560266890131595
11.460041885492798 1.9072073909451477
13.730495814887968 0.44301123561966993
72.25425857737676 9.007708210677972
75.44167205959224 39.80792770784646
89.91668682738832 16.143941563542114
65.82410610628166 33.45483521283035
89.24543838724819 27.922443728437173
78.1606093122687 16.791636188324528
61.62530209655712 65.19625192992537
39.73059474018813 28.098807409797978
28.827504684046858 19.704295833219216
33.520692815426344 13.921832726455674
78.31811248830027 30.277806432285637
56.79099100027254 59.78374552003363
50.537149919731604 66.65922520239768
44.83075608018817 37.956410820040695
70.01167501347585 9.762487547236555
13.79185831593368 0.9615544707829852
3.541371580264437 1.782296529658667
8.728580304967778 1.3224215370411012
4.468710211642416 0.7756463500645997
10.809341655789297 0.7747224167590341
75.6720494362377 68.2729606675572
43.89732080768323 29.41944389342909
1.4166415947196074 1.0599707044915476
34.65750193502273 2.272609517631493
6.358432988046087 1.7574320125088578
4.584367997929217 1.5483329407347266
4.4585325341488975 1.583973842269034
85.57652673497168 31.09141500699468
1.4027829992769152 0.3417365986180162
67.27174020975852 8.648088324757904
8.703175822034485 1.375027463312563
34.262068933134344 15.09029978232602
84.26502391131984 14.316621366786448
40.43583389830736 2.48482259765449
49.022034312211275 7.792232046348951
44.86695363519927 84.30718781900687
58.59144545802556 6.349012096998251
59.68447390516131 23.36905582067893
30.15369256519127 15.511707300190785
10.829840397878115 69.86773740825706
36.67121614097744 36.954013747829585
15.693506242278447 56.71492836209064
62.75520863243411 31.63657635641002
71.96579872188305 171.98499840089278
71.69265614143222 116.78039630001338
45.02576959054539 147.35467504151816
5.919308579453541 2.8129667275548838
47.93079272379622 57.39777514707886
38.53619178367209 12.544822197309252
26.252240036081446 98.4564009051694
29.85993871650575 6.908508447715255
44.94198711185251 100.71521628311339
34.23421023545332 47.69820658851456
66.8650564225638 61.63917069023715
59.94135239343836 33.1179718067604
31.80041960836877 90.39189053595169
82.52189107385537 22.608209713300198
45.13257152967738 4.035093646054476
67.12103797136102 15.936532844555769
78.82243323494112 41.8838229150154
1.060425483037682 0.7113290751156967
3.2166048941172876 0.9166375802303997
33.16583760202917 79.67958581905498
2.7286705914337186 1.5758888072385657
5.756659333777838 8.477775201147098
64.3654527641521 9.138819032386685
1.9644620763758156 0.6696036357732592
50.90137012250851 8.340112466945671
8.464728970436244 2.7618258703399126
1.4573535583076271 0.3410644118284683
3.155200220758374 0.6934920003512189
13.097041273727985 1.175835605633803
87.42112039937733 2.363739879608983
26.989025259436648 13.429193952219132
4.760101064392498 1.5091673759679731
4.290421009741423 2.0056351527000125
16.43923175711717 1.5796145315052028
45.71457854842647 9.505043147828536
73.31015636880447 5.325299027257644
22.16403863231224 2.4256556332765458
11.829472850417417 4.073360762454583
81.84699573940651 36.07079648408009
87.26721739464885 36.8825547204788
4.8130169300013 1.553818186797397
2.9889662228085894 0.7004573346620566
23.153115714119494 7.145512887327058
26.636163096119592 41.9615495706364
54.79537970606246 152.30210746711617
82.0687777854982 31.108225786398823
2.4733093961438652 0.4462437942086863
1.5567527490906052 2.657715733688456
88.10497732280577 39.74386451821278
86.83898601249636 36.923758574019786
68.24620716040971 50.06641459736457
7.110715125700811 3.393981826621269
44.36147381436251 9.657355574662095
29.72406201156457 126.0504173215732
69.99415969382287 67.70539989420824
0.9901116343054253 0.9524003101700592
64.0299566061358 87.8908727910467
2.4451049629730197 0.5230497588396444
14.559698260892503 81.52521590217624
27.787330630856623 12.23652293868316
2.7813061523814446 0.9180261745086304
4.827672308540645 0.9051132127675704
71.80235900911397 12.502583071255183
89.71874782053374 29.51641810733921
26.438945403826082 13.116997231802088
75.45380255419276 17.869020608563016
37.492576535213004 18.289447962367866
12.189069893494457 1.767097117098471
83.2205611585788 48.92247449327107
3.8932767885547515 7.911113028328664
36.613330632106575 1.022723206686525
57.87179942040038 95.6770036706742
14.783152596719196 3.4401797154923166
73.70505061683392 23.322210917247222
47.84608639583487 78.15062881134308
15.955439999104003 7.895589914869361
30.787672796001928 9.182771170328133
57.31426251323457 156.60160573609565
61.55166940943032 44.00976464321642
28.36586238694781 56.86535122453734
29.271241941332416 76.03112332345441
46.464071377327144 59.015541494468835
62.97516925063522 53.24442898512616
83.40382343276768 106.67483409079937
8.597411454758678 5.2828339205106145
2.0276276497863135 0.9121487250927329
85.20292095711527 54.021130669064185
60.214866022468655 59.10311197456722
18.23405283961836 2.3380646710851853
51.47600450922732 9.770101041441666
59.41267785576393 4.1232086446146585
82.61010198799443 38.58454253597826
15.890898344118735 35.271630286334435
87.5383326300306 45.31192570623787
53.539188098517585 69.64274065371094
50.6677447389028 79.21957104210225
41.844710508522624 6.386471318702807
32.10558651814162 78.79245552142166
4.1151815590396295 0.5379701750779236
24.51054709165976 62.14676097811121
42.64811698948824 6.587719490907243
79.53911630955162 13.132660706419445
5.6137498896716735 1.225986312849473
1.1284468121321178 2.9134362089732893
41.447147142972796 23.805456249702136
30.46222139072749 66.33904976286989
40.34069299255769 10.328401190092883
25.09236716421509 88.57634348727213
56.7635432318989 36.80773461401757
8.369777721183864 3.7895406597398034
88.27559243398362 39.87442461802419
51.807742391771455 116.82449120724162
28.049499632369372 1.8310431722076215
80.21839692565726 23.858569214234237
61.45152263822406 14.98119377943367
20.130339800833585 0.9150578337841373
7.223522385855534 1.04587488662661
25.143305024702993 37.70057951871739
31.685752958488962 2.82202548532986
23.75064559802433 22.226923955142965
74.17210850063114 37.31757665816739
58.22661953373418 40.368853110046444
7.517930038843612 1.1075130606733878
60.77406325296511 11.858586869860693
71.7193425442357 7.346237600006093
74.95993413136651 31.246624622037352
60.67318198295828 123.64340371545904
46.93910816106659 25.421499890498392
11.739820510025487 5.962286466372624
86.00280227015298 10.71065498382824
19.76192529904646 5.147152256510037
71.46176128981875 74.67513318691283
47.92565159593274 58.709213628603926
6.331009988144698 1.2002654161475228
21.157713049745126 2.6307856489912194
74.08204160222677 17.46009370461096
64.7487870794582 48.26311874267117
23.577338114742396 16.07217702295069
20.601133926887087 13.353096747168623
2.209615275183354 0.4019973013968023
1.9437678132882286 0.8977908276244033
8.857515356069461 0.910113199847244
22.50844127141183 9.35343840300955
11.347948537671838 4.231746688228337
50.45972256707677 48.20931497464085
51.27020730392448 136.11152191041984
45.404002159944696 31.87472025765046
10.187635687426466 0.7550563759461936
77.42321795258778 55.6416682975373
89.61906868151155 12.310585964205737
28.92356612998156 1.5102125916179572
19.117504589172015 1.351061216863708
60.812070386114414 5.694392868342718
69.39515579366109 21.08417020680597
87.51589836793644 21.287027316130658
85.01750119126825 32.46395819043215
36.598557175120305 16.226533404067847
77.79344001323194 16.626200918245342
79.64805381752664 10.297094824607756
77.7234018472808 33.30327237146266
60.92504726334693 32.85315086862217
85.53240816019348 114.54245176236329
3.4201791726600352 1.0608935331653693
71.49468873286463 34.38155288652774
20.170532003885075 38.05538404400593
6.392106480179413 1.5468873527758986
63.35733244765156 22.65098339930803
6.273507825857983 1.9302801277468602
63.942733496833085 38.53766897646396
55.554343266551456 101.4614774188769
46.49007395618778 13.44883134985943
3.587257709438898 0.37477849038336497
17.013094750522622 12.010256971217425
30.245368224018165 2.6388229271835506
82.4986557883584 46.857376377491526
6.09144122899561 4.0453794124816564
4.942219487400262 4.39167924624462
14.326861466558528 4.535943581198824
64.36560914824346 16.61598555589869
77.79104392642702 23.562764703613464
26.910782327291486 24.77191408517349
6.508749664073559 0.6877292169578177
82.89310381528982 50.26307597599673
56.63923823836555 20.99234666560673
31.49220830118787 24.666557471990703
49.873317486099765 48.27828449554168
38.741743383309284 28.089128382621098
19.854926233683955 10.333170985593622
0.6069967656380273 0.07038241032401783
18.257525099803534 2.9407983498393593
45.42497116049182 71.08090459519453
0.4190949988107747 0.9720183702430095
14.205321873525463 1.2659329146381233
71.68082589137599 7.172889369641547
14.511568814887493 3.8506222431679524
54.71794051793822 10.628688722803869
78.05935039226715 27.21135422616669
2.407806110699459 2.073332770338131
89.06304274819269 173.90319915462464
83.15821745821398 45.9551577727538
31.525290722437944 80.41958153622662
45.8083707153307 8.960628883723576
10.974751871473899 2.2142816310948814
69.2302095967926 147.17242794248494
56.707817006126 8.11724629774259
69.8155809500085 16.65583873747125
33.757634350293564 8.411740230987842
61.92427318451476 25.9387624562206
73.922875971713 15.025655184432553
50.03555981748198 10.708382623344736
68.227234013199 11.394799129813554
18.98730512404585 19.30610421580181
27.19516690355106 2.8698793152276303
12.639375826172774 3.1239693240376245
61.5616187209 66.943591263281
61.76110311637851 14.832636350292915
60.33513578521739 13.121174461118418
63.977312185340566 5.883467642205391
19.99291520039296 14.754758555691357
77.10081159904465 21.88582821462387
31.483413117694013 74.60964203384603
80.35092788950374 11.310800881485768
27.03044692102975 62.49646996339313
52.80154895548922 19.406304294122005
17.12451862363963 65.00660018073467
22.48767539264918 58.441752400528344
35.05478812966456 54.44834997617902
89.29391409914857 64.53240496035482
7.4054408417104 0.7723987660213184
47.67577417086875 78.54313463690124
2.7240461640690903 2.1363895340298686
4.133696155866955 10.411806296119858
81.14258052535386 59.24288473358077
5.543540122907797 5.505910007913664
2.6539578870390566 1.3278305032725415
42.042962700294495 18.735520871042144
14.835012312694554 27.40977644244013
64.44040692607759 28.093305388940223
32.714577065516266 47.35025424599377
57.57633029365364 92.26461621151729
70.11612452134045 163.6727369122615
41.65148507392483 54.43787585432662
10.92000990755569 9.060168631695024
3.3507219699611253 4.756570879743443
42.595132952130086 56.93560542970959
78.23129012683022 50.44391279715986
81.09211642967911 23.352267496804284
85.85747760842635 10.86979801306556
71.75769831024711 19.7311495598001
80.02888332856409 47.24704933259951
78.79816323723476 31.28683916101179
84.11890625115895 24.027848569818403
64.8598898313436 60.17253493297297
20.10545954014549 83.82983201089002
7.470512842065477 6.425260028064118
55.385124506352824 116.8706178370302
0.5877007954069433 0.5875521326541776
5.912722516712857 0.18345069268021896
68.73193357291586 81.17337008471561
62.275199475842214 39.4445187215605
21.92729048245204 22.860637619696263
2.0852847717035794 0.3854198646080783
1.3021604700195524 0.6114077533559917
87.6970692848876 166.18316878048722
9.694313851126024 1.3574518684831105
41.166629802652956 10.239361683769681
33.03624079910706 27.152755152631237
24.482527244951406 72.08023810601941
32.33608331471732 21.564253534545255
6.852479246995775 0.9820867180224641
81.61888262877643 83.26235310211308
19.170802522196414 2.8976350391895322
26.017724518937396 37.76395579466134
16.278095238966923 6.838488373586223
7.928635282154947 2.0323833344011453
8.065395292869647 2.6342763916754857
67.36672590454874 1.8540756629740038
51.590842636795884 63.47645140570692
3.4982372119601823 1.5216999612144215
5.667764975623885 1.558484291708698
20.653632971920214 1.2137352194640911
30.098563703001417 24.422467416061007
29.56574147600253 9.266475592419177
23.104592469675595 13.193491593047238
36.78710533682947 7.627335345482188
18.36959950477699 3.7063426422191594
15.558369091766398 0.9995008948082479
48.19420269588932 119.00948875340436
82.69425515138481 18.09408843130341
2.0896836086294166 0.864497239132244
57.459375669551655 47.75992064082106
14.311634664047153 5.055740612459748
80.97766547144427 146.1722060970336
26.210911142602697 82.34665838919618
33.367018826473675 35.98853589632881
11.35137443923939 5.012895546942888
77.92996283952817 57.67967491422104
82.67552007231579 21.636928968625515
74.77581372961016 19.850784394987453
28.641788211970635 108.07382751143669
43.84869161775397 21.210955883996704
1.497090445913555 1.0198451390466154
6.818856650696427 18.19948405550871
45.65539909280929 125.7168517869604
20.20328276507697 73.8757082655753
54.520152053879315 2.585517520633311
16.40531511376846 9.67908184281726
35.14708212505793 13.419369499261558
66.83424327350465 123.48274334679026
66.26495545765366 133.03225451861746
78.35569095913763 15.97049891328834
48.36457819014852 84.76463935266467
54.0199516176133 91.75373814585298
18.259547266512264 30.1029565023297
44.93067099907724 96.98985447053529
11.80020103712582 1.8033963893709781
79.51360394462951 4.454292550570625
25.52698217169556 1.2760843692823547
83.51974136388768 35.62940463859028
78.28422877424637 31.222292421302726
9.015037178683583 2.795809678418508
2.9502283137013343 1.0285279831904919
18.1535384667544 4.274956972880798
3.224958479997463 0.9761086241811132
42.19686842065661 7.077429284423388
56.24633986873239 21.383831795669103
7.517473975686646 2.03852556539262
35.50493658130921 19.122792801173762
41.59875586195683 50.42227597308529
3.5255370291354873 3.5301958029250042
9.663052826504071 75.03128849041364
21.012921555690752 11.994035578956462
82.57694349987734 142.73626950441195
6.440137627418564 1.462221220030752
73.70519928892678 107.10356245836017
9.118205815491972 7.484196857782491
3.633773515704511 3.1447547520465418
5.730103750077427 29.47511893895127
46.951066971472606 4.765122602772253
2.5854830448747275 0.6824592772385837
2.9476807226715818 1.5862570889197678
6.175508572047041 4.569827141177366
2.013009556868492 0.46110903081882026
27.559557328247063 7.245289207739246
38.3549541741275 7.587081673059923
49.48552627479191 20.142274283229355
8.091087610184784 1.5384975558100638
60.98362873545245 88.69650304146062
82.73656660932474 157.62439225715335
38.739678070946724 178.4609764943713
71.67646062234132 171.29516572200401
47.74315815152168 36.523842517824924
1.841043891018924 4.281432206411071
61.32786414262085 40.206494833598136
68.52383119120758 172.94205911641586
23.772578808696828 1.4410948550950493
59.59469409102114 169.70272087676298
23.84754233538206 97.0350169381374
55.22235005580228 103.33461011775556
3.680299402431366 19.981870496863586
9.546169303854406 0.7642339629567655
57.62322760041888 5.817734361313517
2.203377926541763 1.3762718266178606
25.04586012435192 6.794300518993107
10.755193988921715 10.9078647060971
3.5698728252049747 1.3702273836890606
36.291785979855206 70.73569994334424
89.65079584119897 59.323664006507755
26.4168631974112 1.059745998021018
4.601632193606668 1.15640315948677
62.539167108805124 93.66887300466144
13.64777250753482 77.92210053855361
1.9014114447660957 1.026257647524251
0.3707982688000393 0.5713679579034142
1.4966709033704977 0.4960085788634282
1.9496975361347753 0.5951517304551659
22.81623568194084 75.34985963729453
1.0632406755760184 0.764860760451297
8.226876327837656 1.382867791052247
6.666267441700644 4.7169823915381945
63.963324210798575 164.56445564915555
22.847925803000035 45.51510152511257
52.78413724170555 35.83154615460409
3.838879092279728 2.319157247275152
25.404463561212225 130.87126304665517
53.41639004943394 48.86253574416477
67.72862332327317 47.83944958286782
40.88751614207044 165.6578633930393
69.34434296856992 102.19186771192689
46.85234881716434 60.938886758645566
25.678875853573853 3.5576921391969467
52.05379565386266 52.82399936269193
12.500975857741167 93.24797315770526
41.98667425403839 10.985626593245943
78.70613240558922 75.79792875721249
46.6118319168908 31.93947446255618
85.53455773268766 33.986728724965324
77.29211360508617 83.66529351135668
0.29935023443919867 0.4560609148213911
44.44766046017821 110.61519089924893
2.3695816861058434 0.598256516250629
6.045469660056256 60.816880873965346
41.47252583974161 68.58156345422812
62.259019870987416 82.88115129276024
10.051983214638005 0.8088539254180611
71.22689776006293 75.73486209722476
1.0236768550147413 1.3331216645968929
11.080659707514116 68.9433587563516
81.86323409037563 27.40259175503367
37.4419330642652 17.506197635885783
48.77847753291437 45.21677945151018
59.47001954707376 61.06899138916312
62.01720538229429 49.64866194309349
56.87878474820836 2.0462480770895524
19.76707963664654 29.821463176962396
48.99857366784937 18.259915050911765
18.557380973662223 12.423629755358853
68.12398666674369 104.32504924836684
4.905981601887679 2.110415883503034
80.35107313748121 59.47612718483632
45.241372680654116 15.424801175492432
54.01610530458345 29.73094941610495
31.029520481192282 11.159152337531648
13.690908115047701 4.186341137767146
8.822216286106112 0.8363199069977507
3.445838651942706 7.502951986017263
85.31253612311741 35.0236201940646
2.87061797735487 1.4703514267282678
2.746052110822216 0.8708649078464187
4.6515636895660935 1.062162373732212
49.780025748086054 115.87797694639781
29.38468541366861 0.6436318611091554
10.789305679703745 67.37221826830242
36.90345663625173 69.97646417405306
82.06211464898763 92.4857826718507
21.800138327140235 7.080313605112749
48.258802279397855 50.406809218923264
29.431419151149044 82.65070784135236
2.736051026683794 1.103157071667881
9.571487689426156 5.082625311270356
5.920735199099159 3.5114779733276467
4.135331907652021 1.4408263308044253
54.25075100123139 58.040130506683106
78.84359284739728 27.874147278123576
21.580623492517837 4.588415737162038
75.69646924908487 31.929122073661194
54.32640306119899 36.85202321452763
3.031243701531056 0.27927437423153567
30.6719016461293 72.73935911688153
86.83708946925579 42.89141086998194
9.010657282752458 4.855575934697548
29.647885012195985 13.346487865272978
58.393154777899966 109.72608330623109
15.54830628077693 21.982499317868225
46.758612279632054 44.68002453849566
61.40076434154228 76.034501491872
73.59325441723063 81.3947657480206
60.83336666304287 47.59213776197333
11.042952152882881 71.71549860514614
43.51906550890794 84.7445329155646
41.810813352006505 48.6467511640591
47.99616756569375 53.67402781174596
79.56357202151342 45.423224042926684
73.79749615441699 94.90660717863436
30.26202878589789 0.4777828304951562
52.27570778153168 27.928708299466468
22.446793277319983 37.57821134244535
48.49222974710855 113.03970050660631
44.797044589070055 16.784133844271555
87.69857117112407 11.729296881790264
36.30315411144722 143.49091139690606
7.520560962321441 3.04073951991165
82.26907529921968 22.688498122309056
25.038321242554275 5.160096101844883
28.673919156073925 37.986024795263496
33.59278826549642 54.85085721684205
62.450403554586245 13.722235584650624
12.172066056006754 8.066175317444793
13.00667613960004 0.8730258777973668
87.63030056720092 178.917098829263
68.32526949952329 137.4900173769997
24.50749476844134 8.560422754324765
55.87399179157847 45.21188539129143
77.55043790185638 11.400536471966246
47.39299602935481 46.88987004265894
10.32420731103399 2.7295788973485915
10.801245907686821 16.036085925626132
2.682005875181823 3.439809033983114
3.213240828403765 1.061427950189954
4.756915941185029 0.7577456920323705
77.8160626163003 7.146407436371328
32.08195910671296 120.32893330273916
15.636812161428224 35.714876586046124
67.79665982117403 100.211426742595
5.992582177841601 1.8329049727389164
2.603505504842742 0.8428574265863097
58.97394756197623 46.16531960659232
83.40646999762815 57.64701205620672
7.962373456181341 5.28952192264535
55.88651380473951 29.785224289135652
55.95100310218621 17.62815149459583
20.401356750683316 0.9479334705551575
21.012807044647968 4.784425698357099
5.28196262848171 2.1916016108143466
22.09200845731832 2.7251293669643895
87.26121022633413 70.55145243512833
26.458545246911548 4.6544701699938384
83.29022370248113 31.98864858626086
46.595061947334386 21.734695041020963
0.3923523447451655 0.24364041012393783
6.385740983877298 9.91511987958409
77.00944446568562 7.128183302687326
30.439446528584792 84.90149790127336
10.0161167056506 9.011219226780568
4.893656384359966 4.328462888549788
1.068986110654765 2.146746994124221
3.237854713761169 2.0055486162781833
15.943368522987742 9.289299590936068
55.26824240575037 41.06430801621287
86.53732892982154 168.08748809424893
35.87456052187446 72.630488653919
52.66387899955805 2.2402681306054357
13.513729104730512 26.60163102024019
74.79348376921843 69.92195412435731
9.421831932761656 3.853121264723752
7.853102969438049 1.7761148903625883
5.785991517134971 1.313932564529159
1.9825973000777524 1.3467974685257835
4.652942378956396 0.8980024296053077
12.224778171810456 3.919327105414973
64.53535297626433 95.630889451751
2.2062221549464147 1.3019922335406042
53.71434681016166 36.691679172500756
65.05083612774024 23.81713990144898
1.4221246820741067 0.9482516482810948
6.866118423497233 2.4508637280987164
88.53245146563975 25.4359351875474
82.13718989047081 45.34333073418556
0.3059799255880889 0.3913044249990925
40.62889566031595 63.24538061861778
0.6562649144054987 0.2500620064357899
46.428276642129404 29.8306872614401
6.01090897493249 0.6002094386962821
2.6757606654800115 1.0000893657169336
60.23908718931007 16.70334553993117
2.191349246018519 3.7670886488148394
38.97707107251418 26.924089265585256
3.1583407202349245 0.855033792298753
1.9113656821501868 1.2364472318438915
2.764931606869926 3.2282377424240263
2.355488131935156 1.2636656065275722
4.017317138942128 0.6872599085410825
18.802908682073802 22.72827660678958
30.849012522273817 3.444143270739014
7.912088859240845 3.0325801880824836
45.572009643731114 21.278120210578912
42.44317989497698 8.841960644963724
1.0565750392255928 0.7561640404828895
1.1336961458971198 0.4916241612467133
1.4151689412083648 0.635246842962922
9.156014236209922 5.464819333966234
9.45383988474592 7.058062595784439
2.383813339902999 2.0841784292967342
11.844840946046258 8.754574883780734
27.7493265530932 24.91700150204087
3.9680426607760024 5.822958570521044
8.91462817170358 3.7081599427546243
7.097814540224448 0.5508942472703194
1.2367464899467928 0.9751968024867584
4.04536899681475 0.7511106214340653
1.072075367269439 0.45661354018376527
12.810044751080458 29.974519065463983
14.387371720164357 6.938136156302571
3.227726927150891 0.305142246084697
3.1338378344918225 0.9597373115572724
10.819165387165354 1.4960411755039709
33.44994407660501 50.89466763449366
10.387774763487466 4.4751041577217165
52.583922845869765 70.18885683812408
42.420615002442815 85.79815797601981
8.111530489975872 5.675800648901854
10.167659403593998 5.017888224881989
35.476366315412044 2.2249794992676186
6.534058572384359 1.3197065281309803
10.93844267063032 0.9698506126606747
23.00738194859329 42.155785848454755
40.302199269134434 127.64265022174686
13.063842905786673 170.47937199571217
18.629255882740228 3.1644750054742974
26.629936632814957 24.752970298292816
67.62996631305025 41.5192753126246
3.9349500872287164 11.608655327912885
0.9909806122854732 4.278676115389458
14.204771111942865 49.45805454518813
2.907533583191552 4.390127443199474
47.99521943675156 110.45151741270686
4.845274159482659 2.708661629977657
74.89274420693283 20.32206057486111
74.08967357414676 7.714824349560134
5.643780586718615 2.9977944508473153
8.373482873683638 2.5122273807213693
83.56497409092891 173.531515566377
22.160613497963787 2.1915243489686627
21.484349779013506 12.718332075630512
29.234957435525473 59.38440936546379
1.0810654758719525 0.13723198590491648
70.10895192339368 35.32267479581599
74.8072628590966 46.43640975752862
59.58029981716595 75.21457128540877
80.45729852968728 7.394006900711818
64.47534247891684 130.0905060262696
3.517463120545945 0.9785984303818034
48.48701928387416 52.64003241136862
63.27187254856157 24.74362095878742
32.98418330303693 30.14941060846503
71.80282583647794 28.15334373626188
21.766566764579217 12.342452451954278
7.0592369848947865 1.1054538356575339
3.7432600876537734 2.028959670002361
46.25448218492029 36.529757829601685
40.50053074823428 4.4748014026812815
77.00548680495535 62.835493986860165
1.7082692298503745 0.505658625157778
1.6603874543793289 0.34607938077677153
7.2293972115869165 8.054257499314735
5.177991184611117 2.1803104267660784
0.7946524069669918 1.8697301571092522
13.208029613646202 1.9406623065601876
15.301486780414962 14.434034969197311
13.956938185662684 4.435914768969866
81.53774705275077 7.917827769880243
4.23442475782325 1.2777844627914496
9.72775886904321 5.312751411952498
2.810525592044919 0.7933302272439248
5.412478715333752 1.6148905281425143
41.8837893770407 41.378679907351405
4.652866256426351 1.9845034917843978
34.034218109034974 15.313409856170164
13.013579939960065 3.212091324697804
6.863217486504714 0.45434928654351775
71.40799248959473 11.67867202814824
7.390634666116883 5.536471953771842
2.7470871037182185 1.0643457551769764
10.76798927936119 1.5394364227962143
73.11490537725294 40.850510020637465
87.48895681686797 52.61041283184334
4.198513287616069 0.8137997164563193
30.359183163926822 6.916723824789747
89.39552410816322 67.48184522716801
73.6777658815067 51.11570959867885
62.48793754657791 68.26214896682326
64.04914187204945 32.28504081354769
73.05856012748927 21.332220740809476
88.15511897982597 17.908560289301807
47.748782103644686 12.24667255205666
18.726088228807185 21.10811774140344
3.1355125112370854 4.627475221525997
65.71490078599281 26.30232805546443
21.607180434736076 116.83685426748288
26.355661982870703 27.079350780360013
56.78285363035842 7.84220882756634
17.51227197439909 0.5123788343808989
80.07244282569691 26.183616323039384
44.33202251253179 21.83904521789352
61.897110953907045 99.16476048611433
50.51410288144609 74.96317481639113
60.6915563805546 43.48273870984774
79.30926790075387 57.50400272668655
9.342601126861195 1.0890403585666433
35.807485498359796 48.34219761755419
3.58502579211227 1.8419604528418887
19.47296035420976 112.19696919848775
21.994890456487916 62.28728518299434
0.9435432497838849 1.0300830663496652
1.444780933487363 0.7385454533851892
21.841169533691975 9.887381107185798
0.69796375083103 0.4278446977847241
84.44005636810824 29.239186725322842
65.992449193965 60.51600072388431
34.59901847578965 156.94650461427653
68.76387865194587 19.006535377570145
82.65534819391172 20.80817362854821
22.673307521653282 2.0440582351886336
39.080805752520675 45.72653766723493
10.660076355911787 37.787739181856885
68.06968143304667 13.41247077299817
70.7781213525586 47.3453608899798
25.575519228832295 12.18753404463261
60.886731789271295 46.29592421000425
20.500393064021434 6.119540529963447
20.710142639406918 86.00555923712821
25.41820365181288 4.293410568628287
14.13092299041501 7.995303488846394
78.37133857998006 46.27525157299984
30.392010212343855 41.99071372330941
28.94646869817396 99.91249501634607
73.48751906373188 54.18640094639143
2.7864144924752163 2.2009660960762023
0.9593206440812951 1.9342168273936502
69.61927356875015 14.224825348283725
42.20081198861223 72.44395944131497
42.418016188379 78.52549106582171
6.529716670916624 1.940631495781523
47.70778517107249 28.55241211283646
10.865775110169153 5.921697369488303
1.7704721301901878 1.1158929160850746
10.429895777666495 6.0913459022973155
71.8797562592825 177.66028840947686
20.1557202708226 54.09622007103347
64.18134176784464 130.8949924332041
83.43813000771536 86.47419002078148
84.32549814151844 42.62157600843055
7.316694802575448 3.269749297049789
83.0838097449244 3.778367607690091
61.39245244008129 24.750958746657854
84.84604738441094 22.26375127535935
36.05131979004898 9.889551840094263
55.954563552879875 44.31546110100101
35.110078433358865 80.64243960704152
83.90445587644706 41.57280825379401
51.098532448772204 39.90953069802622
35.27666724621608 1.2086771724419672
80.19574301121217 74.04419299510671
19.079765328483035 71.72352655008002
62.97476403266322 3.206663193368483
46.411464629124 38.56881585832327
15.091561626411254 10.972526288094008
4.1398817707459035 0.6080751206975554
24.21829945849729 9.2033400427528
24.035578448167115 89.87406223019687
85.90422702839432 12.4376349276636
1.42979823680876 0.513526939328273
70.33666460295527 9.69925435587282
83.14269093388762 4.269518478286302
1.3655896394886031 0.3752913182085501
80.99520320052484 57.908016844335954
67.07455138546895 19.501094777144367
8.470491133402026 0.6842013046317527
36.52683902245777 6.2498118471609665
14.514216965946506 10.911952945010531
14.261526729878986 23.845250470697778
19.47248973950077 39.13987875594282
7.131592754326749 2.9831475939338614
9.055476390356116 11.331399262513939
4.5779277709940285 3.026975277962755
2.7062135121181234 1.1740779515049287
33.08996367974563 45.25663208515912
1.0048022028834762 1.0271165150819388
10.658589144775084 5.087534586023275
5.1905485580367 2.1765058627946794
5.0591532626125675 0.7323464552541791
2.0447599021810903 0.7097041002906121
15.656706435378656 6.523709581148621
24.4643308048241 36.68473372980968
1.1970045357362455 1.7126080739649991
60.398678018190736 98.50302178675942
66.46357409105127 4.945747495968651
88.65511803920893 170.6640642463618
57.58429861169222 51.198096773900176
22.650062155881972 4.506481166202446
2.362301072072129 0.5688900458129563
60.26207035490938 4.992371625996757
34.96321213649052 7.804061084073563
6.258346649417497 1.8591999829802057
35.56128023268128 21.6138880119964
54.59016488008058 120.8894726545886
26.372892663699027 3.9370195931833285
37.91918159363286 19.878687804476648
74.94729558561814 34.41742674590321
86.20006651368948 5.449382557323711
27.977104040093646 18.2178822741866
1.7604995418193825 0.4274186435389677
3.6685603637263022 1.082676069960766
3.3840305431891897 7.0012073218597255
72.32740111181079 22.029171707580158
28.947186066352288 9.476605661547504
35.151970344956936 71.58977247814661
33.53328654335806 57.05668895430579
42.84703770495127 18.0397301267929
18.503901638353057 51.21227384731466
66.9905391909887 39.23020176255867
17.141799925425715 8.305254195659346
4.8796295454729375 1.2213386328919074
3.433885383060382 3.3717790236794345
2.252511418378047 0.981762974218552
6.251489132030587 0.826833636131784
43.96338775864328 61.34497733875867
2.532874736519174 4.649551223744171
6.98091569891511 1.9958961520142646
6.532974803699233 52.440402589970724
1.878898725096235 55.45877388345098
7.858213046660524 42.78649378140124
18.483235290805 55.212997027382166
72.76343827716974 20.35790583998769
54.032825016300066 49.56271855972361
21.69344778576044 33.23731052862412
6.64313296710341 1.3610958497838452
61.94384668159522 32.84209201167015
3.491934489719052 0.4329458277575237
85.90300887191945 45.98919532683179
0.8191964447084938 1.490976480769947
5.597424699395721 1.0708095520716043
71.7299565901062 23.154656728679957
75.1340015388466 16.41783983518345
28.10506765155006 89.71285524580482
12.519056116851276 1.0748545198226613
8.477686388834007 3.1154395956490393
60.155802709876596 60.078433125616954
69.67413422157274 26.419198311199704
3.2879500948693403 2.08929209655253
17.527657775652486 6.396572353624676
36.503593788450274 1.9474532217536964
4.061699055290921 0.9318772020179495
8.503898112448253 1.5117234727774365
42.12422561272561 28.890675809506426
62.647469530968046 7.440463708339708
85.2436221075765 20.025251007723124
30.987345102651712 51.2592806819238
66.27407904754118 16.41895245508204
61.12734747583601 12.946750896480744
15.163657988820054 3.5430989002239826
77.01022420446004 40.46069704108185
45.59521103991588 19.177296296889736
79.2422197115969 13.5823386821025
12.127866018098544 36.43385269485924
15.467218853544694 34.024500179659405
38.60113055171351 7.963574325156416
88.01024644862 4.240577061032823
2.5981721664250443 1.1793360126559003
7.880502345550416 3.5133316477659253
12.836597364550276 1.268350894362882
19.209016722466792 4.7115848807803715
10.214705692500631 3.039941499014205
8.919578663268709 4.5287175635664765
28.840755848769298 9.730279234901646
63.96259819034921 11.215885332541589
63.27751770651929 35.24572446639016
89.90242900726558 40.337857869901825
4.139245426698296 4.251148170597512
5.083400501054965 1.528020079092652
0.6568153344381331 3.5329554797593605
12.095632434663337 17.080246739594898
2.3500464350741264 0.9635258854529811
7.376623399616299 2.8978256190765923
18.105096066037923 8.659180953595104
2.6467161253616593 1.3870433827798434
72.43016842491282 119.7339798314266
9.281903832080642 3.8950108729984088
74.07784722935723 10.814044446681434
73.49094336571044 16.51361592132613
59.27955506884717 52.660437009642365
88.66991346050983 92.82514340106738
76.77426477588082 86.15418811292042
48.38700827731549 68.82609772417993
8.13023363817513 1.0866829144252617
53.984686550998426 19.592344817893544
28.314534847662514 94.96027349320681
2.5862017465313625 2.72411556163488
3.4272858195124543 0.0
21.854929828103774 4.405037191072534
5.785964037969518 0.8936649961100418
9.616235599342124 0.9078699538182237
2.992247866072232 1.8449921845084947
4.007425255088162 0.4209010788455253
23.280439495544975 2.2158921110158945
68.0392782395706 5.118056270200365
82.08685791076088 2.364429715223535
10.497993727042134 6.53529012006538
20.28848625189916 8.828651189068708
29.884117265605994 6.880890044647764
67.06968921947372 11.469045263316927
21.09810115754188 21.313392148047853
22.7965922268245 4.299965491190164
8.054212953560741 2.115865265140419
12.610479458334716 7.789537411709544
7.013266092570085 1.5970123157101679
15.996589999105462 3.0769394911971215
6.182701694096104 1.945878021546577
11.405361161856348 50.374316640458474
2.08849394101469 57.82304844948658
13.066892638260896 63.34358782963935
29.671396011815233 58.56187565484428
19.395717700965587 2.3050642720607857
77.90293096512956 39.23156378011344
60.07139953996197 15.916900672640342
43.62441387240918 6.787546535016891
3.6935999627844063 8.851701086644892
7.461831138257145 1.153470001156731
5.713705672834411 1.940565612529049
29.005712051084746 9.701409439765175
76.79697937140685 7.0417355757565305
3.623943584534696 0.7717342968741274
4.296126349896924 2.9840235297393645
7.200245179376483 5.896898932527984
63.00817969426992 26.398610324885116
19.438568346023686 86.32365850200343
12.71294659244234 0.7578537925939561
70.96643834182014 85.79346438211671
55.05753431794514 80.93363722543413
8.998051298503258 1.6153557317162364
34.043993976638575 64.55629313241819
4.452440792445902 1.0090785859747957
30.81754370807853 3.7304277451257715
19.734363558643313 0.6921648180004814
1.4452511979266214 0.9232433754194413
43.78387162425617 17.622426261373366
2.408031023714153 3.90800655785369
4.8498962659259135 0.9349706150528239
67.09130817694643 113.00830671935711
1.6800922565399772 1.0180848547715124
37.64652980034871 16.13025542574365
3.9560684532009414 0.6138317945251263
17.50239352407843 39.68681593713932
2.2002514090153436 2.301973982484519
3.351143519096557 2.6939523098674267
72.96578671608574 54.07636536262135
1.69461960819601 1.0513517207279162
29.099259552512454 12.309037028075206
3.419684408860932 1.331570066019454
4.955072353107156 2.8304254131151456
7.166838585511458 3.766894233359508
6.105278331001491 2.5017763655888356
5.810647463503371 37.41477714585026
44.36544047897161 105.3861345722916
3.215049875031973 1.4209026337863102
5.99136832275215 8.681318339295382
14.050864180895465 13.29803366661665
36.20691082441438 105.5129948686996
58.81870959709057 10.200829723093033
12.298222481971948 30.58698796203198
1.1834357245063827 3.092931902786457
7.568740355543611 2.33086527650728
77.48965336757317 96.4763539866745
9.54724122642244 2.089808083176265
4.7120585342016295 3.9416151912923683
3.5483294015942195 3.1638484218924026
51.68407358205456 64.64561966320564
1.943342023693177 3.489638508641345
55.50608175910583 3.9580838613594334
4.356677967422772 6.038114777613723
2.5353363447353576 3.4971835169622563
30.19824456682735 38.72096395504679
3.108647211633677 3.780184917056658
73.3566152666136 21.38242580653098
5.2268116552642185 3.10318948663403
5.951018326446482 39.780562991229566
39.005662971025856 71.59470774746275
29.62632025894238 17.242986774382487
59.25536532038382 37.300392748338744
51.45965901607471 34.65162281848382
21.853294411614854 56.49624201147585
46.23630906268029 64.71798085653839
0.5075198260712757 0.8596613355581456
60.19999493570828 24.530245174643746
21.50583025513928 4.9987152056831805
50.63536601873644 9.935293499460315
55.23515199854783 19.259267368211084
12.106820560901637 2.5391725996266254
59.04142103854518 5.130787264210599
13.498587210622963 1.941199412946602
64.67791580508502 2.3034843658143958
66.01118188598836 7.291332156460002
2.602746006391219 0.7090086871664154
5.962716185769 2.0660450896835956
19.186649480237996 1.4435528013573262
12.964736159907263 16.347292338515995
80.60624991681969 121.23938119154978
54.81563811634304 66.67735613897725
2.3971498013514947 1.353818784809196
26.75078580420078 31.697162984372774
24.9078876315837 48.11585352389388
21.023119743608788 86.78057900459963
7.863362855980604 1.1808601101911174
10.875609457024536 9.501507155109802
51.45517462031722 55.20231595196232
2.1220589130583556 0.5509754908543317
2.0272973165567154 0.2592257780756754
9.045758805232165 2.107767205740198
5.09300510386338 4.569691465534409
69.02651270501124 21.36699141861905
39.722227223435276 36.754518511965166
23.520595092603283 55.960894166116056
14.520640550734852 3.6541304038302553
3.973662551140165 2.4542808166585415
2.3498027822714693 28.249627496421862
2.6423867026192176 0.4493961566536313
8.309596993212606 4.597939244733369
30.117382537533167 32.929074587366195
59.58583981756897 25.14152940321221
47.68782284222924 134.80107032950508
57.1152406329663 52.18915451120557
71.39371388432552 25.21951836926856
71.63750578487202 48.915906259747345
56.24696888120259 34.60696990800603
2.4986133030836513 4.645798125738634
48.624534851085784 86.40432483904661
3.1056213027761426 7.12335480128602
1.0660371089200054 0.5297097490509932
55.26738434368861 5.810008578644969
10.751415254630281 0.6849931321448837
7.591325904216032 1.7492053663094955
59.99625568219561 177.11290016350688
81.77342971408471 95.17446958968222
88.59187962243178 37.60790949105122
1.5152204701881389 0.48640178049125443
35.37568132021687 2.937736385555128
37.77578247291504 14.553417269909064
21.028224565635103 0.9669626987789219
9.820268225742508 0.5325715593397615
6.0667763950879845 9.623195784265386
63.973833780003915 68.88203201077799
15.649800195596656 2.2774590954170226
74.90789975724603 14.104100541760017
85.324760338413 4.25177273337614
33.9196118036288 101.37943438068778
27.674452661936456 29.073729111033924
0.8717118192765336 1.035887660844232
1.1717808715246913 0.3464970346219468
68.52079502494033 14.185050601625
16.50231976366367 4.191973281736921
75.75376468036974 22.392512356841912
12.410330230364467 23.117475612796053
7.654432896373863 2.9715858917443843
5.921861558673573 1.7177076918109113
8.525185336421846 1.6277511277450352
3.6728555997716033 0.7304070455046471
2.4432823951786777 0.7667865522168023
4.7839146342846135 3.170331438294699
3.0221007650066354 0.45044152555587474
10.69435915633865 6.471058067715075
66.33610776875894 10.07708807450178
1.366143421005271 4.020544056670897
0.6244331009734156 2.839484691654391
2.7862429407931133 2.5619587333581677
0.4118577663675787 1.0975994465823709
1.8138193708146648 1.3228268792208504
2.030131117203799 0.6204493423322246
15.12801850426835 2.231794323575344
17.99194727634579 0.9342905414102339
66.58785654049596 3.4376214478089904
32.821506098335504 3.3819251049522006
9.97575072746314 4.397496182916484
3.9368973282608586 1.8080996605563497
3.0465452169249096 2.3852928929762656
8.271120045447935 1.1513755809356745
9.73330826741043 2.775149786326556
11.378860553519617 1.4615333253630596
11.757062417221846 9.623857709931166
14.859740401731779 7.113777443782058
6.29497546963909 2.3118736017877963
66.82950471815187 12.701829260110081
46.08661369938807 4.617412090997671
38.43698615710636 117.28790722906928
39.57052159140068 86.90160388441703
4.945102329086736 2.498015320962306
9.466053495001852 0.6576042598030807
6.6985141408434705 1.6746546980285515
7.932435150699571 2.1705410461752574
56.30586817331239 86.19401086144329
66.35788102155948 13.852489986350035
67.19644441707885 14.813565466171553
32.91308041505634 83.00947577290744
59.33868626862056 44.45786844648603
35.444453073497755 60.98902472433749
42.97885160081918 29.30975789432441
20.653081339339394 20.639555301074058
41.18918839180702 28.932516309518757
68.85666778630716 33.35448737295748
47.04000546545501 12.844658348930675
11.960656129828912 0.7275435673301487
12.327602295225152 3.2927945973735473
11.93926060181745 3.0578412147432132
5.507127886810674 0.9461167922912844
3.61396227292295 1.0206819508009088
69.94063357483184 38.32086506092732
38.56886581744351 10.768268579740406
28.884831303206422 24.458756407631473
39.5324515142039 31.98155187390727
5.77378467773005 2.374093606165202
7.757711291222347 1.3733355780850358
61.71691512128462 19.748428035154678
69.7827439933631 6.532375841842838
1.3844894470835498 2.8659416830079785
5.524353802167778 2.833752792135823
83.81527735070293 20.659949189005967
12.220205506989977 1.1479229402599638
4.02711089877647 3.011461546027339
6.443338787609557 7.272207274594974
4.765443182700969 1.4325959249851712
10.71144421429835 0.2619903411826883
2.316301187106315 1.0416928970159112
3.835816655749209 0.39494012414418855
56.36199440461027 48.222310327699745
9.6287023630129 2.0072017264031734
1.7134134566595147 2.6792534471234632
18.382213324521363 5.424527794556176
3.7813779418274374 1.5704545372290322
0.8301959089875776 0.481457861060387
53.78939493080431 3.973687252647885
84.80077403673988 114.16322728293133
79.3143990163956 80.74441870544612
2.8608703925345425 5.58765289935408
5.990719133607851 0.5682690877993559
17.41817497038446 8.118963892586013
10.701579136639113 24.158944277700723
5.168975883507325 14.847462214051646
3.928606796643943 2.102236602074139
9.292221336110147 12.02242031158512
62.974688077660886 41.3486008001321
11.207412858352805 0.5629023634215442
3.447245849273667 13.743420725293753
7.467924756353846 0.8202711683879763
2.59946928476881 1.4223466299322245
4.107447636141316 1.403927495932118
50.840840804606785 98.69528490003358
84.5479137952988 131.97900733517363
40.83023191589618 121.42026060700024
89.17529996190898 100.66591763069906
64.92059461585858 66.09863191333395
5.916794705735719 2.1861124232698335
13.969611561248525 7.482667406411023
44.63361589144307 114.01377026380254
3.1146840566043474 0.9404550233204259
4.610406582585856 2.275012885584529
2.6080092608351326 43.85532348642099
26.604211957464912 71.81606557717791
52.13895455875943 126.49718937013374
34.19470748524063 2.6503628651835136
73.57137772896793 87.67461545669528
8.009237564029958 3.0647023050229882
77.15554471692423 14.19916943760382
86.47832261838826 21.874417046441508
13.178059342318138 24.366628515219283
17.580007755574556 40.63861377577516
35.198454583662425 62.823165955653636
47.53228482283757 84.25401602123146
61.72408032508076 63.686152140888275
33.076433755211355 47.153154433669826
24.781999252808607 33.5205623322253
8.345946224545003 0.3757865438146509
41.51347881666399 86.6192349517405
1.5697113159628964 0.5318858782812746
12.140908871451979 0.9107469571967274
74.39458365880837 89.58134351208031
36.91411782194322 1.5584499144649822
57.71583853055105 17.017906205327076
87.63320585135318 15.930103439066714
67.78536825839872 78.82031516313259
68.01912574186726 60.137625330731645
58.464042849816316 37.2758320068501
81.11265632122134 44.34793377060488
68.39567785408187 2.710627553580442
35.07811801783649 32.7127505367629
53.40716108783002 11.875034271970899
2.6739226900169135 0.9130036677920664
20.27245444359542 2.0798560232945245
4.730818900885444 0.5030868113700967
31.106844481401485 25.526644255059352
10.507395734542781 3.6851175052476957
1.5272217382728543 1.7981353606137565
2.160529461950481 3.273228796516133
8.728377137172235 3.4447756297958128
6.0874027371141155 1.2414796880948231
4.85320049065663 1.8692732901294025
19.30571928495968 5.0985172905625715
3.2422007160987354 3.5549854122454043
23.744635920199652 1.5746744611674905
1.3889939870698613 1.3037519505543127
2.025091409080546 8.127082859074486
6.661876719235363 2.292092585537763
1.0673888722943976 1.1036595667352407
5.826237781881507 0.8027060878944513
2.416984265100574 0.7269746470534116
87.88666077950869 92.7050848990129
7.208914472781951 0.8985814834301874
4.910628479502551 1.395588966098891
1.5442166828493022 0.26690375096487495
3.8888580786633247 0.6692786610244004
5.242556520918541 1.346092543069419
4.220127342555576 0.6139669804514045
14.304219005721915 1.6682812867632915
5.993937073668722 1.1300747031626324
5.280649559285781 1.4217363434317585
2.857308752357374 0.5394543205824924
4.734613559810864 0.8132976971178718
2.7703415786612284 3.8696373398145423
10.206716206470242 1.7018993497393342
3.123898069906568 1.014176721057008
3.388955304638995 2.426588396626941
3.6624624147547227 0.42817947262725325
2.7237669775449054 0.8753943163539065
2.516907491298893 1.033312584374882
11.002279038144987 2.1748318951020624
9.602486983355492 2.982316448166181
31.130354287412047 67.7529290298494
8.315732983904395 1.807078801987898
64.33450363546176 34.289570954194595
7.089461297981571 0.42307515499726944
1.1565860426202397 0.6955239468119202
87.97599675293594 36.1495382954857
8.793213035214437 1.1034416103120341
6.964804133352385 0.811109659876232
26.271573695485493 9.568156297868288
14.984870085758319 2.2147961252255657
43.1828973830858 49.70326703649083
33.32470082070353 94.9451552530142
44.13896494324996 27.19850807793439
63.73591194795787 24.89259558398708
89.9310618407288 62.10316665592194
62.592623983815386 25.896145785437866
32.52042924530656 61.01167127488612
46.931532977110685 47.013878049916855
16.847930732789088 9.302554275595826
87.09299588562374 83.42673819495862
67.98097431932639 99.54517244238419
77.7000208528496 112.35510800172848
4.903090872609334 0.8286140575363355
8.108762855823448 6.996024960517447
15.677421382758496 53.265505530080624
5.87713447965523 2.160284313164297
5.786046034001225 8.549936425349426
14.160426606385329 1.102313570034105
72.12511345378641 148.22230061918296
68.92210450589229 91.6031781314497
4.916267074694352 4.050540163058912
78.32011025522536 80.35116518289678
35.07395977772866 55.62085404820142
10.42048005165935 5.499121417807518
14.735470978649825 8.041805377393992
9.561342416335616 4.689574032722469
2.6221682381693707 1.3031284622811354
70.25240290633188 74.6233360103103
55.73024994520152 10.223889402970705
31.674608179097724 4.96066352828745
35.986907642369296 29.108933365175016
1.7824669153107284 1.6554151907897725
64.79624848341389 42.25505078722861
16.479444764543217 0.4338674378981467
18.22335851537317 2.4019445434084474
4.350187929987566 1.5261626193343438
12.646667663871881 55.81687457863343
6.201674119650378 1.3366277063503522
16.050821706788966 2.0244284793329435
17.756646263847927 37.31800050686446
5.791551017291137 0.17425777555151553
16.394162520290745 2.3262629791882183
86.58898796606732 36.66597549110949
7.856627273338014 3.657599390387822
4.666837645568751 1.9237862257521363
22.15429801592283 3.68733790490331
6.80986956834426 1.931816080936473
7.052900352895779 2.294977610316233
18.34073666867107 58.848990945715435
38.33811644678585 79.68159245816703
16.438065760715926 1.8750409231367522
10.58875677937285 1.9329774551231418
24.187632088190597 3.9393205570055456
29.677474101090684 4.1003725477528565
37.983299499245334 3.4253718184481516
68.7484522455652 6.507229906459197
36.36199951436121 8.005742355730431
3.568601427031936 4.578460246688159
59.20710473153785 114.90602752949601
4.252760275961466 2.127737332460729
52.91260325021483 14.835075587795467
24.948650604218614 13.130089496580064
78.37537398330673 59.89040738598006
11.810182630330099 26.74502092565341
28.58273107885025 43.538564370688775
18.18904758135176 81.64083353259674
19.818266779875003 55.968675271096735
2.447974435774674 0.6639773244774934
81.81409667881913 10.363614430650985
0.9036299067594105 0.5927362097816593
11.463145385570085 8.674843450802904
2.8618765397658024 45.43088131753241
34.850798513668565 68.19702116059342
34.73870317174716 74.11914596277563
60.53141527067065 118.00621896097675
80.93382724313446 120.40548121617526
7.146097782158705 5.475750130783012
70.31583190175112 162.2112386571919
49.16481142790707 107.70515590638817
34.22056613387755 20.927036872997263
63.96186858845603 162.72564757875196
34.449156057174285 68.20497405459611
55.49561212937468 75.97526228855939
41.150736333759426 78.05669614067229
88.43804488896019 156.165755486009
68.71324067593328 99.16377376606295
1.093077675688526 0.6601254992862149
24.222101832074003 67.00038424012585
