2.2726827141158963 0.5861154451657641
3.3903308587947074 2.052054717092498
3.8243232894363364 0.9694969828823625
3.8026685792300046 3.015323837751267
1.9614359876369694 0.5453373571292439
77.68941807314656 73.52471569256018
11.040803889606611 2.6843672526829865
1.6801828137723636 2.4791111392897247
1.105087404625228 2.940507283923281
1.2359825926257064 3.2656222889903077
3.076979800642454 0.6062053320430908
51.37494078749302 82.04664158438295
10.479261639826703 1.6547385829808094
1.5344696787600425 0.34297399372248283
51.82888227191199 29.037908427944902
73.41662386657433 142.55904935419383
78.91589844455484 30.543831204871072
55.22553976281945 6.61761873929679
18.381655194977235 4.110298774908544
61.47343995938614 41.28483425505053
67.39594152994391 11.260396353206357
88.73697624711009 2.652003345118362
2.169308133979778 1.2028079083570598
2.2505634047038923 0.2892385738991244
10.873974036679625 1.3109736198144828
9.329792443333758 1.1181404518213793
7.699105329406439 0.742403733320081
68.12899637043022 4.963672810838949
57.37014693154146 1.268147961647856
4.154789956905302 1.0401711788943437
6.307546422806673 0.7120661135772494
7.5839820748138935 1.5167247797018681
7.3641428172727235 1.6509443798220573
2.7154061805809007 1.09510962960726
0.6297044539813936 0.4655761944402139
0.6603978161675891 0.4798136118114557
28.686898471340395 33.13060507904096
1.2738130552867666 0.7961410036804487
2.129723216631879 1.6956069455244094
65.9311875769788 12.981157426280426
3.821370432396827 1.1702505789507502
62.82056386170147 17.004113003703537
5.05115851723697 0.3584040591181401
28.87250258369386 41.37834199543437
11.585582496082129 0.994199386356475
10.942109328071732 5.526190083712182
5.450399329274449 1.8098351973913758
4.087890663799421 15.9048709545591
23.425218864380053 39.787766719916625
58.24855289154865 31.375365028985044
49.804130599087884 171.7949790002594
83.16489394000217 90.92788734169878
44.31949492026501 50.269856855157784
80.51643899055988 149.59032018680415
18.821023680591416 23.596221572110817
19.50758085874672 5.708654802307841
33.319008749262224 4.205820623038364
31.48775072968965 5.779764601184016
19.832643595871104 1.6218361840025493
2.4892729970286274 0.6908205122761029
11.295447404265484 8.68391366569114
88.80253574222321 45.65021519759699
38.271810081248866 10.467529858957008
65.6324102294154 46.57539675371126
87.00643955300936 17.916787291378277
27.59230524709849 45.795364787609635
71.27131384251798 44.658206816901114
67.41366971976466 24.36018249114641
53.24203564166194 59.74416814347728
38.996351214170105 36.058330956193416
80.40942364698726 40.99614519135881
21.00419640464514 5.129474752410551
15.89227925746188 15.509407006237186
48.16803182759547 51.123269268082126
84.19268931391483 26.54849770739569
5.807916167794773 1.3440474764758101
29.062151859585352 34.46650824026448
8.164769372778071 1.7228662466528368
22.80391386005074 15.237003954377323
82.2348968045994 66.01398446788143
2.778444706223735 1.4573276363701786
82.51677133367305 62.94571089330578
3.883072497308751 1.5908118297620684
0.5695242708390731 0.701978398196359
15.029424423940506 5.4663953807153955
34.15906313993163 7.379115771302348
54.59981413788577 2.35670647242366
4.1075032396152 1.544526774579504
21.250778535412934 8.325292137771742
41.28224717574659 15.512475633106144
44.81221210487968 89.72181127790667
75.64183607661464 27.073090420808388
68.27494530661333 47.78380887797451
38.760509212264175 28.395751570247512
89.41479080060961 35.29400640710784
29.587236691064266 11.422540125224529
43.99974956889386 63.97038445196279
46.63514745182992 29.062558134506496
8.014141564722841 0.9280242836701328
43.40197085016268 67.94897839546937
13.73299149193297 66.41656577886612
8.593094106101208 3.9904003484964137
21.836031420853004 72.89934236165861
12.94673735759 4.443758996384552
84.79912562400521 2.9744359450441493
85.85813793328792 29.293735362156838
32.253819123693354 20.08973611961423
26.590927258460646 33.983882254713265
45.66622920208545 59.9501627705117
2.7259246573372593 59.80678947881996
5.806756611323558 7.600084442021643
86.05062496546881 27.692212296533015
45.00670091333086 98.3491775279548
72.87407017030024 74.48113456729881
36.044059782966144 33.65985767851953
85.24760581537835 69.78578707274367
53.90234279624093 79.54563994082498
37.32958350337884 8.66389631301702
33.60240652608388 41.58199898935596
65.71908597533273 152.73333227933048
48.86436282641617 8.919147993614153
33.93120076642763 17.02380643116653
5.487400461853157 1.54935117439542
86.67524289587807 32.447748274942924
16.20269806666704 3.890883562787307
78.7505063941561 13.253587157913454
3.856031412081692 3.4807324503847603
41.71360357895989 94.4040403164237
9.452347519500819 77.59865677537388
34.206135262406804 36.78887731176784
67.5491436241872 18.35844996580596
81.58997681089721 30.98259181123095
40.73927667167993 21.977533316283438
43.192583954321265 2.329111847767258
41.47118807861924 4.6840488246412875
10.233766657247141 1.9932072839954567
21.479504642662587 7.932820610949952
31.976104770181138 16.24546791170379
14.111290319517488 7.692023653660724
9.757716806749102 11.743866492096421
11.142953530492287 1.899586687883427
0.665449107384269 0.2628279645529519
2.375676818976134 0.7049908516049049
26.522263300563193 4.84917394989723
10.836996710060237 1.1267750000592074
3.2662084613431355 1.9762358614631519
3.303217919332412 0.31154257970154686
26.59545271486929 4.877261157953322
11.329968101583255 0.6669960865161886
19.718451642324503 2.3192434328860236
2.7017145210970286 0.9962256059679616
55.018285860706214 28.940804163763648
2.420191191297057 0.6476855875336243
12.533800407841227 0.3297981270537352
6.735095401796184 1.908314576314718
5.123324773125546 0.7228456214778114
6.546780519516999 2.66493377678005
14.830677947950392 107.67420736138644
36.1588218886464 101.60642399395039
23.86103406606642 1.509158695799638
0.9990431902858868 0.5417020678580156
85.02488839497546 13.529652968523354
7.585072445838585 1.0382954528798791
11.316077773073442 1.8525909069636892
13.983765654706389 0.43581973362245346
72.81358410685668 8.969922209329217
75.38744814407208 39.977993448626044
84.80947049320072 23.002274118114492
65.75631550515874 31.982295423531838
54.94537917903456 78.03347609687978
67.79915406265891 3.2738595640547294
66.50682241708564 60.06217881600253
43.066279539548084 34.953190044160564
28.793327574857443 20.220479987575636
34.70960005866044 23.10859766912917
6.346797800383932 0.764100261784569
55.87978005878203 61.093831764064234
49.00533844905996 70.82443427719885
45.7219757191331 22.525538110301216
69.72356346399664 9.89216076779734
15.777825852648718 0.8936711497119929
3.802853093440281 1.959050804573178
9.190428918918267 1.920330386948537
4.011245247675716 0.7427994698543672
13.187441535790706 0.9690380596913596
75.66587936914506 68.66096802958756
67.33981432428824 9.303839773752845
62.745327084398426 46.28431100360827
31.675530678887448 2.116835405147385
3.049803440511211 0.8639779807001657
4.449136291124652 1.6206619198935042
4.181177167996797 1.5403230531444232
85.46567145346066 31.182691128643924
1.3495983376702845 0.33255126341960245
67.13602538127981 8.647246495159944
9.797378404818964 1.2385956768310715
33.96739798922233 14.056733125380987
40.15239068392382 9.225954912521116
40.319275134716996 2.3887679374572506
6.773574062245245 9.729067541114967
32.130383747270514 66.90133403280886
62.64702921854406 5.965808532609607
58.98393178108893 22.38289585978985
30.28442175441887 15.460146247329824
44.45473048465681 158.83052339115383
43.06677738478632 7.994746211987556
38.98582749721422 110.13564923355935
61.76725242504051 32.49938162703492
73.14493360352526 122.32838816073583
75.06945419632392 96.5977159649432
67.646005693073 174.14467222831234
5.745666813293868 2.74179253006886
47.668872283850945 57.542791456646704
38.554889380998326 12.580993038518319
80.21677288522199 96.76485260999665
30.034796455963694 9.397484578163118
52.05130720883133 99.73034123266225
19.840816879858327 11.184065402101055
42.43625832564382 81.39764929129859
62.04390636625742 37.25060594097697
63.86576087507537 144.58078903278516
65.13694965048788 21.71825527122546
60.008896099493114 24.139808320012023
87.70264423751296 55.06293606810048
17.46462377544819 108.67481623468368
1.0241469870424826 0.8715712541898016
3.4574539732342355 0.9365094909440879
23.235124184144247 34.791538330841206
3.8724264067015484 1.9506331287777732
12.896214652554457 8.258361567950507
64.0468202381857 9.108298435986148
44.341547731955856 2.6355577580439493
50.56078190299234 8.265500287368935
82.74829482777987 36.08985128315112
1.0482952421204488 0.32839903309003016
4.046005837191994 1.05012377871015
19.234718268772987 1.7626509585387375
88.28363990343873 2.2325685837575437
27.073127645836582 11.958095861370056
4.7030498417788715 1.4894089955434606
4.287454344044219 1.9971060871318247
1.8603655126323266 0.3357675454521162
80.4548486832047 19.889656055024112
12.158461434282154 0.8455963631170249
9.836635683169305 0.9345405613043496
3.6870339878045897 1.8654353476016319
85.45262245209753 48.267353448759785
87.44252230465351 36.92503648157043
7.883340579239633 2.372715892447996
7.097295856475773 1.9349560225451636
24.221999724556156 10.173990853340841
43.525572859631694 72.40734018130534
86.01770393077851 39.79223521571294
49.77342857867394 40.937790170418005
2.5144038282694825 0.5082830049185438
1.764390751641695 2.4964699241636468
40.59478018843703 122.84596316177857
86.8276273362879 36.4545269390182
69.6465181296033 48.41075088698609
3.810808400455481 1.7705514437454177
33.82191005608709 6.259478404112268
29.50139112889491 125.21589208363514
69.97561999591909 70.3807100245631
1.3176620989196377 0.5364473579089717
35.82391001354232 40.50990774592061
1.4957732586144872 0.7226450242415379
57.99047389988764 19.487517327047197
42.05318348558704 19.420677848913144
1.5766907353184105 0.19194178979935564
1.0765708141755148 0.6658889813337088
64.6303971352113 9.859306179941278
88.93889363666061 28.97661408608661
34.68050559639319 17.092588652016126
48.864989378872195 9.407857896702799
31.853965306346772 16.13308238171919
58.649421853683016 15.593867174996513
64.15364116602183 22.43012374975852
8.25920164668239 33.1063154216354
35.23045374675274 2.82647072873896
73.54024403426283 150.90602558370082
36.513881149760515 6.999181275483341
73.86671491168038 23.920690800921744
47.73367082444596 78.56785168676288
15.222563286428352 7.456186978238397
26.003421541344515 96.90676336172223
51.273842664632895 165.9703720470349
62.19306135712168 46.25510319275845
28.59985058456283 58.08071923739102
48.4625439424203 114.72998657573324
46.908100613991586 58.834150668030105
76.2303794778888 68.0579241310814
75.74235353535211 92.53093388979795
46.8668754634612 33.18791504597158
0.3825142489414953 0.7136525361531222
85.09865720054793 53.93948317852052
54.215115078791456 56.086586273153415
17.262350308866647 2.2036955705503556
24.244861026719406 5.729038190842777
51.05250129201704 1.6339097265674276
57.23468779741447 61.58914533898843
19.278866601269996 39.6779224451888
46.589192921953696 66.95883932166063
53.45892830872852 69.80673435444587
52.15734590098124 120.71878807990008
43.06223663373682 6.401849788309663
32.15172228170107 78.80496970301704
4.5622443795557315 0.5157178029409493
21.136980325743025 44.72001238888373
40.97707965550543 6.43756229419843
75.62470077861 10.510725119682796
4.812104604253809 1.0123115740468043
77.73896937915049 46.26644349348746
41.4693124239576 23.80074082787574
30.45150088387248 63.47965595417105
40.70858024846998 10.583852615692049
34.04992984436956 81.85788093839027
27.62318118223992 16.639096690049943
9.175947337954042 4.077390629737242
75.92072808684306 27.274487738791663
24.531308032455055 16.823400450016138
14.92178508041763 0.6070120015256707
80.31359733339424 24.161690741185293
48.251898877141294 14.495251561512543
24.253246900191225 1.6049854500077232
7.613638268345617 1.1104179138901007
22.77336427148592 37.062153671118146
77.28866488610127 8.275596724288134
21.01557606364503 21.549193406829353
82.13591361313723 37.6172103940902
55.098395957103094 37.263502023368346
11.629514705720725 1.6704939819514122
59.53620689834366 11.696293434524163
69.12024374404874 11.450521004427598
75.917261766614 30.979767335802467
60.8664598756196 123.61664106931978
67.35189640214345 91.57506849984225
12.169234625149583 5.233181795712507
76.97703449785305 86.61174504426961
73.92682904002378 15.116251357809523
70.8152102167012 72.95381417945738
49.073006171049975 48.60635121069902
24.634865694559426 20.82048429848539
27.266355258279447 5.412275087902866
73.52254117226057 19.166706797650267
65.97329625146938 46.02558109973789
41.698786795118565 32.515275044249016
21.954713207473446 13.806035974367418
1.874204642954066 0.5074991813377459
2.5673766677652474 1.5550974671413842
14.40528660169053 1.5835158324603213
38.04849363418476 18.079204556706383
9.360806356344026 3.815635618235203
21.748080671683105 44.6990299142157
51.09472939133361 135.94568201560472
50.71423520784921 3.8132469946853482
9.771706877161472 0.7449227621563861
21.878482807426735 43.584829092675804
88.19880942857117 7.601082587089139
89.05899627745573 5.036410487697906
20.159992180550496 1.4232031118123523
61.416356728815416 54.35669187845124
72.22049588544363 23.145400351850274
73.02882063317193 26.044868498640252
81.31044103499529 35.74174140278497
58.08840151594002 80.65977780139093
74.46508299786267 66.97979000159323
73.45220977383951 76.2689481912143
77.5565054351632 33.348073387476695
60.982612643921584 29.488572763989335
73.10486850429966 132.66250541095587
3.5897205354020554 1.0956852545057996
41.1470111188575 31.480719003604026
80.56927534141073 98.32602601489612
7.03393732004696 1.3938021307338269
71.14211387801969 54.16025679742145
5.735891946030796 1.8650976268388624
56.30658481756424 5.742447321809283
55.658911249485215 101.18744278771229
2.9150421106861937 2.5007990009894505
4.300920456318517 0.4621104548660848
8.8769565933989 1.8911810541770766
29.197604042069255 3.747820576247034
23.186864495432285 13.314503562301889
7.290830216808565 4.462132310296519
10.469551763174191 5.04400317368922
13.173093558859586 4.140518363435521
64.47931857846045 16.610296499039766
24.55696690604594 12.258741296242857
26.498991910252755 25.649273665208664
6.35966907665828 0.26279092956522215
86.06751132296485 45.87478638508353
56.54456455552425 21.15869592868487
32.63011511151624 25.266976475072486
50.07861113938773 57.605289964106746
71.92259062989993 8.752816173616857
21.661651108442165 10.828731821072893
4.695285441741054 0.8134225436626332
27.19316784895346 4.1264185566258025
29.31698550899631 39.70879557238109
0.3568251817721014 1.718892006556859
14.090523036009044 1.2385537574959458
42.48012204220484 18.45058843122083
11.421503463084534 3.9197467687118426
55.137511188859996 12.627154657431431
83.00846605101579 42.33538529700249
2.051657285063533 1.9971327441781999
54.869143224037764 155.62573203317206
56.558890410919325 23.59777976934126
31.380184830457072 80.08506473278021
74.86637514765323 39.577284727382654
13.449614977433555 3.559122375407628
65.72479803013077 115.29316756629818
7.550039268221556 5.361369516841251
80.33520471326234 17.18445146298003
5.8654751263003675 82.59687600240281
60.51226136671458 34.903771185464166
78.32136459160317 23.678201060407584
51.2558031528099 10.481457286537696
64.2763813466393 11.541797338132744
26.516374475121825 11.696258430980413
39.00710366072929 4.753812812334049
17.630051275014285 5.212295091256746
31.042372220302042 72.57942987552775
59.07620114562856 13.44329313218154
59.95361534072825 10.166356898289468
59.892601925394544 11.62304587246282
88.82820836073694 8.687997818778289
73.78097368704847 20.175496880336492
75.77309827446608 25.04701218278811
88.66551796001202 32.11349162531902
26.898392003763263 62.48770975778075
54.73461048315954 17.183746503498018
19.900890440165455 65.38390511320172
22.488583598351312 58.51880501963848
35.03259985921508 54.99498897845938
89.37409318246648 64.61972222146419
5.717567145238453 0.7454729633157836
55.75615788689629 116.78596280099659
3.1862153882118043 2.5705428740317946
3.746497502134458 9.049575367503916
80.95006289970111 59.74884431688372
5.711636430799714 5.240906692548668
3.284192761163537 2.077500588957113
41.80708554716877 18.691337843109377
14.879605902435303 27.424455411835467
71.91828631439236 53.678270174954605
32.83269314494311 47.2204224741126
57.58420366351308 92.34818239056895
68.10823924472619 132.85717203957273
31.052152607279286 51.28219802295276
56.936242683880636 14.014196280603112
7.409200892540987 32.4792146695235
42.631730095201334 56.67762684847403
85.62884543498983 69.14526191666361
81.02557375170002 23.420043782541345
85.35763738381246 16.874345562706417
71.74113736963375 67.27623600452758
54.98943319853667 44.798050067684585
60.43345830205075 47.212226962436354
84.94242494305234 23.92310880914696
65.74881609541248 54.47657021987635
77.0462577335244 45.318434117286095
6.9158973671637645 6.786221282962323
56.420295292913664 26.075130400453858
1.8921469180605128 0.650802217777977
12.27458637187664 0.38102999310218677
28.738018026857503 71.50919626905582
59.15175199577517 44.47330623439453
35.932950518062256 30.352141915813476
0.9474984736217721 0.3005601374203364
3.537062634981036 1.1981174824295568
88.1176652169171 166.55758171344524
9.582399078008468 0.6830810032749196
41.43823172171385 10.506971027626113
31.76713815712109 25.434908892225714
84.57106918562864 59.25187501577871
71.2671389187808 38.3848355325955
4.746292495518294 1.457459141898231
81.56546316013083 83.20725192131589
10.044413068056127 3.0789285368878474
8.423919128997966 68.27857276929497
17.623140213187817 7.610589370840531
8.539940013098276 2.151972260272903
8.454123297743394 2.427716174131049
47.93692796768909 13.293087324286128
59.605276441367856 66.5077137280401
1.36977866778129 0.7862939350217907
1.5190673675363962 0.44642892238068
20.778353803962414 1.2852105138016323
30.26745347910841 18.764209776962954
23.38389693614937 6.365585295431446
24.757269049718083 13.76164858457929
4.7777153401061545 0.9379071059867263
13.650002558169245 1.9615625471113607
11.125691839772848 1.5592869183045133
86.72240820390667 170.71629796067248
9.336901641600246 1.3762918638209705
3.1490037199087126 0.9071278916123361
57.359791280548045 47.882773006024834
51.00157918783478 126.16077106837729
66.65017669157308 175.05403023568687
73.38017934424205 82.66094775449814
34.407096037753746 41.01417531685306
12.940880163717582 5.990281807178755
36.07824849976052 81.10689280304993
82.39015946610027 31.246498774603456
71.19351584095317 16.84791533293129
45.888427592688096 1.6351832149436543
47.10026642255585 23.626104346437945
1.6100814159137005 1.1128372670483584
5.780841673528556 15.549843295473746
20.191823094070344 86.29226390627669
25.071413817478657 83.53378667780166
52.99691271875517 2.5838772815543223
73.09609739890841 14.710644002783004
34.5543310794787 13.018331532603401
41.55114193539423 130.98432287333313
50.10143932515702 113.29246859550562
65.70798286275233 12.42218351871368
17.046365509496972 26.929281614993155
20.857507221165072 44.079541054545
58.44388087801931 51.744293868467985
49.40524551828606 63.57581115643841
11.299314538958374 1.8708169839330329
26.600552324070094 13.900454878676562
24.334339134440288 1.2266827830458735
63.61983619574559 61.48086884735725
78.09699533103114 31.275124538533767
16.77462424970544 6.3903843907804605
2.592586859995285 0.915580043505781
12.849871761045112 2.895394946821301
24.87387811207721 4.636525862182514
46.107073519366274 7.884632267168706
34.12946812173291 52.7544636186193
7.443718451291659 1.9018774528037241
42.50399569829642 31.468844554940652
41.09916069222664 49.360173360520335
3.7021642395018333 3.421892227359601
16.39871750173438 115.59508913414025
55.2819300219189 83.69876324940309
83.11440032641899 145.90533074229904
37.70480599685183 6.463552522688422
71.49918024482076 177.49640774825838
8.193571143968327 6.7494420150574665
5.912306801516976 6.74685106040385
3.455801486060338 27.788491565489693
11.217013581021426 1.6593723001104344
2.5498128397959783 0.7124524173908959
4.960731908773913 3.0609002242224146
10.168696564520925 6.76497523364469
1.5974829683101082 0.9759296516043827
11.880693530324526 3.235762612526373
37.067102587199024 7.2402400595532965
48.10311493929615 21.39356282386308
11.302821089559435 1.9207038561244134
60.58698059873563 88.47512852968711
40.84343453253664 84.621589714132
37.348700483959334 89.31493742906602
61.31519731787783 165.11269860286612
47.941210708688736 36.661957318537354
56.63144800090841 38.964629466396175
56.02071287304925 33.65667783798997
43.11578544324743 139.01134614374143
24.15197316216421 1.3901016095637662
63.96685998722691 116.25819822906675
23.801597372409105 97.14632987342965
55.49774003985881 102.70183650381254
33.11560882695845 46.84997762461977
8.983409019967205 0.6947388772995912
13.12337700857507 1.5069471132574932
2.601103974161332 1.5477257315765074
25.14827830077263 6.723570314881207
2.4557732631583993 2.630019140633153
3.721873053371949 1.4254690879059941
55.51829408548235 102.61484728649523
89.51348341005531 57.86372384820766
27.539072512913698 1.405025715819677
4.576316179688027 1.1188507158729804
42.31473711358499 66.5493984857469
57.98085816495923 143.3128299829633
2.0839338865974173 1.3752012057495264
0.483864175666026 1.0619105182707924
1.8965368517919037 0.6212817634019817
2.0552061307062304 0.6752098249908747
18.964235925729554 66.19015458259058
0.5774403840951804 0.6950434771426455
19.49520226999497 4.059103903197318
6.4264896917133525 3.185589329431759
63.82943530474353 165.66335939194366
11.408720491568952 11.820747229672689
53.66991243383096 33.97986988067132
10.401625683027051 4.868286017178757
25.81752026633393 131.76588755393988
27.43461659077991 142.83777829751813
78.48071593916333 91.10171566266105
41.07446546186242 165.85336084821657
49.66084778698225 35.63196839577824
70.87133236472415 64.3928751774779
25.89968185879388 4.171078941149534
55.287610231828516 44.780922772694915
66.29635402108681 161.70626063417217
51.84083098738091 100.71948236101605
34.91063294365307 138.3263454365554
66.34038516705726 147.94777596474773
89.48071613440054 23.808874992521588
58.469039099701334 59.752371985565425
9.63326706780175 7.825783052332568
45.16773879952689 133.98208907158082
1.8363577255606132 0.29603455697896114
57.957405176339265 72.538229311949
42.074814763810295 69.19585707163826
63.12806633537139 83.12979929285169
9.485722899250934 0.8718774502078693
72.30994619975827 77.11270808356893
6.209103889573471 2.1116090735753668
9.678800408067985 66.94140489713703
84.82454186465377 19.732965194911692
78.75125708973708 136.68991823297966
44.201350691570404 41.99303757414419
59.44482659379052 62.03789927367146
60.70287072101104 48.84028758730037
55.19428950314796 2.351821354440578
44.08346535771301 137.91230695959746
51.50524004810569 15.95829905435707
3.5769983788995043 5.273335187593398
59.013066175649314 130.8230504354676
10.600192340009922 5.811948447191357
44.22280941278626 94.62286847739595
40.96001016278571 14.912091982755673
5.137083894799559 67.84104973765638
30.706682815753137 10.951792267131983
1.915908657492258 0.5684034678990904
12.12642615118299 1.1527294137661943
1.9499978736127195 3.0971188730079624
59.88375082417102 94.21476373451719
1.2332664594451943 0.28887590107724437
2.8984796062910303 0.683984526535493
6.5120002885288235 1.314884720294928
49.702223820693284 115.76611769136892
36.517900501644604 0.8342383955574176
10.686720140157831 66.37714098848723
28.96617384858771 60.64114306561373
81.75333780381277 92.91246215028865
20.01092816506701 6.503731953153236
48.21029851740873 51.14173544458869
33.322919016636405 103.83506426596288
1.437325375509283 0.9031445362379495
43.49146051738783 23.4317216842728
4.071327516484263 1.801912042252844
3.494415271764483 1.239717739812545
32.25544748853379 45.88310438241795
53.04604838677268 27.866354758892047
17.28781611463655 3.110448880133271
75.67102302310751 31.736145963950587
52.52859072254654 39.0205943448692
4.392450564715927 0.9827675528342875
84.2377783467351 121.45557247487699
87.22058517260504 42.57166480661988
10.205130401489773 9.93213691296328
35.19313637390184 18.41459643460155
56.9939586196021 109.68600488806743
15.32421617269075 21.862661152211885
67.37005034801388 54.224703476966944
35.56329412907635 122.89845816186563
72.83320539288242 81.17052996893038
53.94014532393766 37.05851177433929
5.038261228703163 75.09492281454968
71.03310969875874 95.80762501092084
66.32176713223011 69.36044535491793
48.48158619469163 51.50195233220345
78.96704209142653 44.3299869362928
75.61733961616765 120.03259322651897
27.97173240938337 0.4631970838061616
50.84479758424476 31.71708680250358
25.746952436208687 32.08999837514607
19.8461789936402 64.04933842088145
46.71052359799218 17.758788383987827
81.98934556839362 14.489766879192384
36.211441132347844 123.28244869384785
58.72577076986016 54.608605410622744
82.66906885003235 23.490290576563453
25.095790511736368 6.103178610937767
28.54624087070998 30.44364549893655
32.48586318977478 48.929510340877
26.66050052393271 97.97033879037141
12.282968334311674 1.4815893599149286
12.125908844802845 0.6436102152581399
77.90632614027308 172.65174194316165
68.07851383218575 135.18895316807425
27.70194336582333 10.009119526817841
68.49439001978412 48.32027790080487
76.81116813315087 11.387557951319957
47.65616907139778 58.869575058307504
5.640277626905056 2.7707285251330886
17.793426258513723 29.71160334799317
1.5895629321390372 2.358543385374524
4.431983453578371 1.4819296059031508
10.905241028446444 1.8050129773705355
18.690195155139236 5.571336979051216
61.82384845466342 76.60116323546639
15.627728294234629 35.73484985904506
71.59295647001457 167.58205632599822
5.249342803318523 1.5514716196828462
29.472549597864305 7.299700326320471
59.55903795563688 45.6519490900247
74.3288891128795 32.613062308527304
12.393664543985198 8.06269020268691
54.205148111140566 28.478819673047763
55.92784964457661 17.660833318390228
62.24498686268601 2.824759459264792
10.62756297604108 1.9434171097273265
10.651215064060896 18.233777494417534
30.201508535819073 3.55525307905341
86.39688763871645 71.90808517241665
25.62502266309756 4.30212603755547
83.9984770047693 31.854051151088775
44.02033184729778 20.41441918886736
0.859863161872866 0.5183946333748268
7.388769165674346 2.673542340333581
82.68374079996954 6.525725900988925
42.04675135812925 76.76994464501898
11.642129806605851 4.399815383079422
67.40722256688159 87.42410782549142
0.8588068659477486 2.0681294703120954
2.406232730928215 3.294698198552914
16.47617866073093 9.820878252328612
53.981879939791526 39.6474693290221
58.31898098555047 149.35341476175915
35.762541780701895 72.59043218726492
52.07250022685541 2.11330907972326
89.3053472551262 32.64277387220919
74.48836094664978 72.38181679904983
9.088004577228219 3.623768232015607
5.758044420937265 1.5524326496935867
5.76368854736398 1.0880840682991415
1.584185246808381 1.122282665741836
5.335177929582067 1.2149033349906821
45.53770158427879 10.078760322281466
50.91505110952633 74.88122628286028
0.7574884957306698 0.4112170394723188
53.68815878720097 36.68490981503887
55.16267774857792 30.322220053508193
1.4338821192539233 0.9724946404698357
6.941063960548118 0.4765762787850923
88.89096462747924 25.415278550728626
65.344591374676 73.44235390894256
1.447095772284258 0.6571072075258575
70.33506655212041 45.43908627133509
0.900322620293855 0.32038741944474874
40.59881619454281 21.350458888373335
2.1222666487490494 1.527562035490275
4.073470053906519 1.6870387164795113
60.32162989858649 16.890369378776544
4.341375784469494 4.050356053928536
85.57678474392412 37.178799455787995
3.533391687933572 1.8014391638583926
0.9889668083476959 1.271416701662742
2.725574650155133 2.990843389881489
8.38064309915027 4.4169315129192395
4.663105365102837 0.7902387062236536
18.674506193213883 22.662617917878332
28.411408759527344 2.8382537905439817
4.549854605788495 1.723277067876685
42.98194397109668 23.41092954422003
14.355558685778462 1.7633410872546043
1.0007081049968067 0.8617123794374535
1.8083067130354742 0.681756339280676
2.0055703673589056 1.1655868268837903
29.912101228197848 11.081121331857512
6.9887140066918665 5.360325451122726
0.6593263493291827 1.7785225374406088
80.29750142376078 40.37852686234219
89.36650533036499 69.29059220369679
3.678821357915025 5.1765961019572
9.378368324243983 4.162607732038814
4.524825407469314 0.49717494915703736
0.8659938048475925 0.5299890448124492
4.223231683119795 0.8021409518494164
2.853120653184578 1.1221580029687723
54.341924921109786 32.77911727269965
10.815072546726878 12.337132338887455
3.088658348164785 0.10406164153812814
20.34712680680871 1.8564767061811809
22.71309699346767 2.8860523012234256
34.99195820562841 48.170157623331804
9.498371756822168 4.1079328964237085
62.29118711693876 24.547419050629777
32.96574208618958 95.64645884923274
75.63189763055975 43.36492687556116
10.363353784546218 5.194741979573859
36.50679070544851 2.783044894027252
7.388916540714646 1.6137368010669664
8.220570237901633 0.5832914706519752
23.2695474805183 43.86258253794349
84.10232803728063 104.76944382432957
73.31442012181635 134.8654427023423
13.449933198778023 2.487412958878602
29.035186771993796 25.622849274383377
64.56042963224458 30.832186757912908
4.698528443593852 13.472025341005379
1.1527730592726506 4.573306488362592
34.348096048455155 50.210156093591536
2.6456365540977176 3.2692923560721328
46.305353815381444 107.22511965605965
76.45185793710745 11.666702841902628
74.97833361409153 18.360387994116174
71.28482589815482 7.488814967357108
4.9907320329061395 2.9591847880626596
2.3141369963285805 0.5587978391938485
83.01842095401044 170.08061013846603
22.6066316026676 4.3300597123238465
18.893030212995995 33.98661545961359
49.409283200749364 26.009234359716434
1.0111710298828036 0.2350651009280062
33.65039204094859 141.40337464187698
73.79844364788393 47.71641216064378
59.52695342624957 75.04476992173416
40.16009217014768 2.674644928634877
64.04802871178427 129.62719043369194
3.2363672291935752 1.0802976595194578
47.83284213389862 52.24244145345894
63.53068568007638 24.822401649285847
32.992865639219474 30.119140404387345
70.87959022716454 27.480742475231192
64.08770793378302 12.258819281433718
7.051982258896847 1.0825590960815579
3.096962532469224 1.9737193654755045
49.94020191889032 55.139179295875806
1.071427357786286 1.304062264179532
76.90814454340533 62.76914242231117
1.4585690628232915 0.4777438197506367
1.7261819739736022 0.37752454777609984
7.257459150947303 8.457329989783265
4.295669369893099 2.8267850160782104
0.7516961118564095 3.1597052501305614
3.2766223784421147 0.5742936863195797
15.293465449642877 14.452312999502775
12.621980204964865 4.072243641030328
4.424827406565759 2.086721506681345
4.813782464270756 1.390573657026503
5.412465040641308 3.2247853116069503
7.405093884976185 2.6599357598521607
3.975178939682117 1.0507180186875538
64.4269289060434 13.723087844718691
6.580835032762379 3.1009594434496304
6.099077859924556 1.3596613222980447
15.77044862067493 4.00785979409027
7.769935544476048 0.5495194583235221
5.82798309712594 1.3978135038655284
23.517429115728177 15.53455029554283
29.332157428920482 63.1607429682836
8.24388949415933 2.6517105148199493
75.55483506995057 42.288408159355754
70.48143257860875 111.2630528016736
3.2984204730404105 0.8736920321318262
55.05064949937111 23.90115140129141
89.59340471321526 75.50947444640441
73.65934698005033 51.41606281035771
32.33654796253737 97.55028589336682
20.235223695444816 6.910923261383426
55.90475164560354 21.399181527924277
88.08296190390473 17.916121395671894
47.542326623614144 12.214996001212782
4.956545323456337 3.9097633379436694
21.07791650292901 43.206087260787164
64.21205966425711 25.542307303183446
20.602434470332927 54.26153671825982
83.16398429056413 21.773938617957263
4.125778199695049 1.348943750729655
63.19767640958062 4.728598145567724
80.35209480131537 26.38454465955159
84.20244768575265 67.6749442919503
60.77034907967824 56.188319719395885
51.00562796987862 75.17859436552403
15.45339981517504 20.392074770216738
79.56896760488078 57.59624015449594
9.847596618378654 1.1850638326035525
34.762218623050074 49.0326347597865
3.4726746781350513 1.7088868618819821
8.337553252055004 78.22600918509288
19.599983579333003 79.89866029341137
0.9210803473996062 1.3758717756826686
1.270463608664728 0.5628473426302494
4.5174236285697695 3.8004656933305143
0.9565664881943029 0.34416189954065374
61.91279469279328 19.67955087891023
35.437658983353465 31.982506539154958
47.49427520570429 7.672128042096718
46.64102969718729 49.87369567983457
51.532324779990745 74.04875312662637
13.135144262457562 1.0262799849218016
35.75211543839218 73.91462816515399
17.94263427810455 28.360835279426315
68.2850905524171 13.448505761333978
72.93275790051493 68.27125578767793
17.271486889720208 4.055440180763666
73.89710836201152 41.23719337406207
28.55290972345684 10.04344320064158
16.82879665305986 72.55012790386303
23.67376174529827 3.8857939034215128
14.769130326076615 8.312015932761655
78.35977380504923 46.25608725836592
19.162972388297508 48.46524714745015
83.10890596354008 17.036111030496688
76.8234149421836 24.867620154232124
83.12893169810896 70.4693409306153
0.7127024561145721 1.503692679129884
69.72673990622945 8.666975339219453
10.012527810460767 59.67350015348404
39.81740911052427 90.5385525520276
7.128459427173347 2.283523398818044
47.648396376059566 28.533082993979736
76.39707253583612 46.6408582108005
2.0565325041488314 0.699671331587852
9.822029068069474 13.826050963192857
71.88714727189627 177.7268362350885
20.08662205642318 54.30078949255094
65.46747238110089 131.07745726308417
86.56453049568843 58.58417612543936
81.22411371957139 42.18372178369035
4.434364794222722 4.7973057316677385
80.0124839283681 4.25856741586382
62.05068879890673 24.225935957527586
82.50593261665546 21.566103597037053
36.71047271161645 10.27827077810495
55.885453996897965 44.24035761418355
35.10509272516353 80.77258039463281
37.085053108858595 54.029719654969504
48.33658105398589 35.591107628840206
38.294141887807875 1.0035631449935707
74.86819532240708 62.9696465516693
18.445430196410882 71.99133909551824
62.41278251123512 3.117596659922927
35.55287809517497 25.594817411796758
31.4691160537336 14.824908891329706
2.6571550608892753 3.7227946999680097
21.503546666303805 46.00232592045419
87.74988063141303 87.76201119466704
80.48788083104769 12.414432520212417
1.4551709141478293 0.5400998246481443
56.9840808096587 6.55676881227752
79.87628811853575 4.110429230278765
6.910884808828108 1.2050256347862738
80.29729914963534 62.6078973467828
7.401851331718342 0.9841959784540099
8.764963967413493 0.6710101373646962
36.45639853834878 6.12692601524573
18.502050411408554 12.207976750105388
9.160662503580774 20.092071516759262
19.48254476908755 39.65759052331241
7.528504525231231 3.055857183489185
70.64032459225233 31.655224215971963
4.779499567522704 2.6147786618725415
4.251136926601698 1.3662900700145866
24.607632792639805 81.96193834103158
1.6575171212627346 1.4951741608600873
10.226145126960715 4.762979051575369
65.87394640011009 48.93089316625902
4.916590896874446 0.7504796692965651
1.886587522372694 0.6156302176629529
14.010119576518367 5.455806972921931
24.554911499321946 36.62335713661142
3.179822119213094 1.3440757872029665
54.8596972847119 101.24847393911932
61.24424163641232 2.8060200260816766
62.42985445226266 148.9576561041332
82.36479405769215 50.856135511729335
14.942829180676423 6.566720983123801
1.3543475319045426 0.6228589410795493
61.86426700365189 6.956397982784218
41.56499095758554 11.963045441469506
4.133476380785185 1.5054655788706186
8.710297168159896 8.103128620056527
78.38200838942389 77.66424087322987
25.952534821685315 3.8997044135585157
37.906684772222945 19.838781103895453
75.01290304669676 34.36341202276632
85.93859538307939 5.546357579347744
47.542336891488276 22.203021585962215
2.6630663953389826 0.2494393696981608
8.576330857826509 2.4988123218879768
3.3331612466673173 7.161321866719725
81.51677680439293 67.86233795798536
27.054973505544094 6.502817996272707
25.147922226601285 72.86073118969465
63.19940294018391 42.0261685985649
30.77661797090431 62.144709128177
24.542893632509248 39.386506912657495
70.55803874753596 48.78135132097006
15.815011706960718 9.427013093761172
1.1834793372365515 1.4838945454418744
2.7033862452427377 3.676161196085423
1.6946609217604964 0.8762894106755392
4.210281780196599 0.8116002612975686
41.818341210646 58.01159996086197
51.09516642307673 56.55512521379738
6.9296270088651575 1.908173044426124
7.981702949339478 51.19673969900178
1.8600950227453836 55.392908370036565
7.672353364452505 42.84730964500595
18.154762436140004 55.735550885671785
72.79858073597423 20.3477690743686
39.29699447816063 35.6157893122973
21.880607274257585 33.17243719002414
6.914988284397973 1.4013725797293812
62.0068818806648 32.58868998186076
1.5968591584944023 0.6074005038774679
65.82894872579463 19.738138296540875
0.8978312842719217 0.8030200091229935
8.469609252567796 1.6588013346308712
72.24104807455427 24.595657145133227
66.61424232857131 14.278599845198988
60.98661674081073 52.24315631969798
17.092122074400148 1.2786975686077273
7.032781378204674 2.278742784086321
74.22055032062826 23.43642862470676
78.78856798804557 66.78583938653517
75.03790931808555 51.667605647103635
28.555326522917465 7.443776940911579
29.11023528009532 0.6806107090296041
3.371130411377355 0.845013107699393
0.16715889760867728 0.8782933288759915
42.728283047040776 28.106069694967374
59.836492333511984 6.635894306631682
84.46279958678035 20.010766279048116
30.44770821520886 37.30992104040458
69.15175929341981 22.89576067570589
45.66705445441536 16.43741967797542
14.999162992148172 4.541229128168022
83.03147853519961 48.149522663523236
45.600971026505576 19.22520202315398
78.65108336545431 25.317959008040663
73.5482155558368 173.82256606956983
15.182505245398687 33.99944093349419
37.63743182496566 8.765667845912123
81.40585754098063 5.390079557398502
3.232239641799657 1.1322250983804438
6.242141956299967 2.640249705086978
15.65858711153619 1.475110333174085
48.46807869051807 24.594389849215595
8.978315166692552 2.8693180876446918
8.201079834041602 4.343417303869269
67.06600854532418 24.58611681275794
61.06607515162956 30.882191049614708
62.18526924753574 38.70104331419735
84.5236628804438 61.01921873203276
5.291040023472326 5.333066293314942
3.444401008138927 1.9862083570906255
0.5745662862011071 3.8744036348443442
73.77094513818955 28.106972672937417
3.0221078423623764 1.0372551228438864
13.731424110485014 5.356319429440613
48.72579735118654 35.77758643779746
0.700882099243184 0.9271298869349431
72.35491448175935 118.41039374876655
7.241649860114957 4.229917324613367
86.09989210683604 25.60449857727548
50.835538987969585 51.291353780916516
59.92317680560231 62.64701654392856
60.41243734363881 96.85079457353389
72.54139640447553 86.2534702492735
62.00498787389769 52.28834802898474
8.700574666128368 1.1190376712963348
57.56192122031684 22.065536685882282
29.673052956245897 82.19092024438257
2.57134794338991 0.7181194864068599
4.803688745481004 3.861226791492184
19.84727757401709 3.969092299742625
6.1456124701845125 0.949707213562807
6.7916356728348575 0.6480272842795325
3.928608936436647 1.5370796426251299
3.70819425675968 0.5167947010721115
21.989312028248378 1.9423829159064592
69.7044370704088 5.826860691684631
81.90082070093389 2.2242108170741672
14.877609092820295 12.63879447332869
18.695796675503754 7.593731013548497
19.69606907300526 1.928302378670557
67.17706945218596 13.050006827323939
54.394076439317104 89.51459613233696
29.191595127984762 4.865646026783294
5.138666539447324 1.2032645218014641
12.53815282505388 7.396899186450619
10.015576107971693 1.7582684516323055
11.7283134306305 2.411854415949056
9.353636950606916 3.181260995217916
12.626377270198589 49.19103413951788
2.0330769286203747 57.8286247911074
13.559616804327874 63.50656022217793
29.812141612103858 58.03831591654007
18.641016304053295 2.1303235984552704
38.853550527370516 42.267522779574456
52.144491237917975 19.639636396214332
41.529852817648276 6.707873985812025
5.988630659269452 6.709027838774371
8.394085034353589 1.2393280337524424
5.817565453063286 2.208875921154987
27.995163911673394 9.606953640312167
71.4941113231653 7.559002556155335
2.6464130533529593 0.7815427786984359
4.1774320730641215 3.366027392081569
6.564915038445873 2.5090778950594403
69.7123375772747 31.6793862897383
5.426685246680942 5.034884313574577
10.793099992900478 0.7986043160494969
71.07238727760698 87.82420951859211
57.5659652551541 85.90027531144221
7.201394732536593 1.3047484854365476
33.35375501456903 63.63418410548964
6.620676949535047 1.4618368405035123
30.764853322272298 3.729511269542457
32.35235306709418 0.8688784393805843
0.12070151219999103 0.8584395817089504
51.908246804074594 66.19228753568026
3.914761653106003 4.88400602909421
10.087875347348447 1.4358460370202746
11.59907904169331 31.637682627992245
1.2949646939537027 1.0526394087987878
37.815447817157256 16.151656392484664
3.7992704074233763 0.6920612326806032
17.715412848253397 18.588731711935733
2.848948232664717 2.5174567886254247
0.9056219019453514 1.8440071771667055
76.74701531468988 57.136879639805166
1.6337936137592948 0.9687678510663131
52.22744286078669 10.5719323919527
2.9822732428305314 1.1849166003954028
5.899057292226129 3.195273563848809
6.644922707041962 3.378979712677559
6.036083667861219 2.560086928455295
49.62941590650912 58.2780133121787
45.57351238248742 107.30247276228329
2.5586299464443183 1.1722117820365003
5.978660254424716 8.551067622529057
4.503174474317278 22.441832484440077
36.1539369192414 105.51603814947929
56.62201735011487 8.021397038527539
12.516876018029961 30.586163266687066
7.798136862865304 2.788832556580885
7.455152127285928 3.0276228390578805
35.12854176198132 52.77220636126004
9.001973074328612 2.132450659616966
6.528537414359908 4.465769993305139
3.9943953612469776 5.821266330767514
50.41263274996244 63.79562526387869
1.8288768407524212 2.763554535194926
56.84417994117676 7.526980680924446
4.513466718984673 6.559024607452571
2.626405421694988 3.462748624876718
10.8817334699215 62.0357138819659
3.0834476577454195 4.728190739753643
72.7201192689813 34.01959342946015
81.26206680581113 137.87637181373103
7.346796832413183 8.141913943687921
40.10114208257187 69.12463295579924
71.75558728296912 29.10876778567993
62.305346348769405 37.10591421791541
50.61922473412406 34.709591459650014
22.72529914168493 59.69576593656089
42.387062872616994 61.51254664219015
1.751047761335901 0.8988908226940567
57.56443016958492 26.578317764789773
20.540331966699373 4.619686055379295
50.02137356327583 9.917456180034039
54.00218530180001 18.23642566424695
7.518038847071072 1.427228335794556
63.64967415036994 6.338921320456017
11.871419883601192 1.2013541534686916
71.24539181639885 3.2652933602593315
34.29474876363604 3.438055864508093
2.6931278752747834 0.9178969507440932
4.556476225695605 1.3857006363266346
6.220832982807109 0.6510174727727195
2.493596241016824 7.369406234960199
58.94891512056331 89.93928854822536
55.56973361647805 66.67867719737552
0.9465735823527774 0.8661870475867715
7.82102305406584 5.974253361383432
40.67610539319111 54.44169588165949
34.28963809346732 38.87531942634889
6.57130543231815 1.0203284511678345
27.929734215324885 9.320400184086129
51.413462698919915 56.05741486391505
15.080295024505366 2.672270366024171
1.3166741012016852 0.2304559470533265
9.262497145827842 2.541292854478843
70.41770352934462 27.3512269341021
58.49011736938505 32.60993398141947
42.1574016237136 38.87501362706588
4.74535647260845 8.592194439471543
13.735444823482174 3.555056513994112
2.3199243429108973 2.204559837384429
2.777624723946403 28.2268311088861
0.6900942713941196 0.6981890925415052
61.76479154453531 34.8756786589688
33.23821353370558 35.41821576835698
59.596807131976036 25.0509346509852
43.9432033967975 61.09579821423517
21.489895386186106 144.80544740399102
71.64766838805551 26.024296315218397
71.67243641433868 49.48995740504716
58.47380319021713 36.49656282100044
13.672401327585632 12.706103164041236
37.13207646040112 100.34066580392326
1.923699422197497 1.8207850913336587
0.9909344896941531 0.6795333982640845
33.364499877794785 3.273163684609267
7.783765500322402 1.055014320174518
38.73956187432468 58.66138566963479
31.083682814919047 80.03738157554587
84.49183068405733 87.10744410006222
14.76856004592608 150.77460783464824
2.0956549154515796 0.48799416795211525
15.397847346776683 1.2604002534095784
33.27087208362778 13.679486656278595
22.625481087444854 1.1883069528644523
9.053634517887598 1.990081236380705
86.08209602231804 72.04917431740229
24.30527791896554 8.818219992430782
77.42624156400551 7.514931422227017
67.77362851487997 11.40265435398179
4.871750194252549 0.8446586332635815
28.387185556044145 59.82988280227661
74.09198248292682 49.114649646701174
62.777046736259464 23.912672161778687
0.19223404793394924 0.47484059856571526
54.74494453158765 59.88399436714037
17.300351275725806 5.6527060369749895
15.631336002108972 29.90876663460772
32.02768083118714 28.28754161050512
6.914806251768894 2.5886027814157564
4.178100976490277 1.1488915001597546
8.776789813414378 1.7044767127367608
4.292304135541246 0.7789900054980957
2.490188178283651 0.814829874360904
4.703873076578994 3.2882551702300584
2.922149848971278 0.4562986141230018
11.17442959824669 7.251313698015203
73.93309508553787 59.3977086888265
3.0534036799378668 4.780660117587955
0.42178033137435544 2.8976513198716654
2.6554584468685443 2.5135409151999037
0.4773428907418471 1.302175852771105
1.9359436604875029 1.3429374005522492
2.009020122157809 0.44321186450641237
15.38633933339236 2.2902459908955715
22.098465759923943 1.720589331100485
66.17514293477004 4.021770294554658
32.27848169270363 3.438074650985671
9.488982058875914 9.58903906408649
3.1727056567003675 1.5742956179395677
0.47164127983927095 0.8894236512389697
8.212753690791093 1.0719998988242303
8.987804332004151 2.670124014951953
6.294738104408737 1.1169087778402607
12.265111497969816 12.368388781957353
11.9634574609214 5.686476670153856
6.241003087904372 2.2648244671473248
67.6136377963261 13.799396791381378
60.934270729968404 5.468646879528132
11.846688948561933 66.8575852769948
40.03228966418365 86.4577283948223
47.929641618113855 53.54973161894228
9.793232958449233 0.7561348368878438
5.970124747128199 1.6123943993904228
5.770905714900783 1.8521764309555258
56.5735128473726 86.20308230501544
69.7849873117727 15.019729183749837
73.4961592682855 17.27725580371159
69.0237908174774 143.41274457784388
69.37433945403306 19.36708675894615
35.856928650183164 59.826171050535066
43.02385983639411 29.694405945061245
51.236726467173696 24.994745167911287
36.400021043505234 30.47034139235832
73.10214068085922 31.087661152567403
47.035365964661054 12.749245172005232
12.0127219130511 0.6307208027583766
13.002265796290905 3.4751017872683962
1.9709776450319283 0.22398870961367784
5.770168217733876 0.988373560502944
12.068103716182877 1.046822908522606
86.66527233802114 62.29593930709681
40.36258040301175 19.579338471603364
49.864904568571674 44.56743413344014
33.34374308236784 43.17411350706577
5.784530232784273 2.2589862663029354
10.620338462017848 1.7833481237688544
66.8994923121641 17.76110922718158
10.622021441872818 2.5543492754291885
1.0421505544790424 1.3443910172562086
5.504253225337055 2.842540745490862
73.55471073259316 12.104892348664162
10.337279425460187 1.0445402700626252
5.74779126009033 4.360063162903574
5.30301002972364 3.7585120037306328
5.268185356787328 1.5889856585170403
12.882597495195663 0.20351191200035607
1.8868032867344835 0.923271911364301
3.824561740753072 0.3338199708179248
56.82679658469769 47.43844320217559
11.673795098331663 2.0259372695162967
1.385722636927593 2.2130873529077024
13.747320173402182 4.176100706233074
3.9224934179465563 1.606503762685778
1.079216427919247 0.4884823605115148
14.11249360948442 3.5497731476215018
84.4746262309241 114.74869234120042
79.28694778482009 79.5676392464234
75.47099350052281 30.83769216360909
5.7403634263816965 0.6772866647546121
17.643550204650744 9.128339391723186
11.50021642259112 25.575898630459097
33.52237344575837 142.78239894875827
46.86516137334065 23.22144805588135
39.352456742632185 67.03894148972373
6.53245674933931 1.8337328201053826
3.5410669408630584 0.20920398967610118
70.85303525442423 96.25752664072326
7.858136266780666 0.8587634130505036
3.349158753671058 0.6687157013485548
3.64338887875777 1.6065853942331512
51.747054931895065 100.54448531940464
82.85825799735834 165.16315731949962
41.168852827140626 123.07352950194948
88.99817349869792 100.85594607334157
86.4658725586251 57.38177474020554
5.949158629662859 2.2189905703419233
34.8132725518548 27.83052730819179
44.526495590146055 113.93201529422699
3.1101478134930027 0.9570568086654322
5.185834814264385 2.5751608891170035
45.20834233705904 113.0000878840076
27.552726689141764 72.50594106327522
52.06336893941459 126.96913636092285
34.46346214903785 2.634509350713707
73.55629099839018 87.75448184662329
8.442892037048455 3.3030901815445386
72.06217679259949 26.645185474178632
86.42221956113598 21.85579290966718
13.072845423717238 22.589374047685233
19.059103869433457 43.00081888105387
40.5367034694747 50.98141184853153
38.33319492587685 79.62802130277105
61.89769984558494 60.503942323520974
13.13825836007194 8.748608002781223
75.16112984019408 84.22532181178374
4.14535764635491 0.5285738458345975
40.37237950183834 85.2125399190324
2.696158553540516 0.7018460560846744
13.496701481101535 1.0722721398902029
64.42146215745007 15.45627640310406
40.04647740512713 1.5574661935372374
55.32848658088062 21.33361661902354
85.53328295962093 16.304254077078543
67.61776815942142 78.45921182356815
37.687805490402184 52.00944685351936
58.18275260473652 37.29946846055758
12.146432153378779 5.811587162271324
81.68187591522596 4.380755421965145
36.64188342026613 33.22726495504481
88.60448480107276 17.483020914335174
8.52126784486253 1.7233841534053977
20.4222074030469 2.2656984474590955
6.180492219607814 0.30670974874567
48.822249406021825 25.330677213601025
9.790891138000285 3.4378266086723097
1.6772465934350853 1.9486849927031744
8.376464077604073 19.293256674298657
8.668958074490067 2.7966245002660908
7.754943082986126 1.0394571758288935
8.076602112494154 6.3841393699305735
17.68582024141159 4.4650516262656055
3.0085186150927914 2.1512248280608333
40.14173372121156 2.1157702076726563
4.4916271793335145 7.571814572303272
6.355282348333648 10.691232062978253
5.946691143139085 1.7245112047457687
0.6541932852055448 1.2378221392385635
6.435878805631822 0.8508450986478737
2.5518704637092804 0.7274220492733084
77.60416349764111 70.76638647479331
6.552261787861595 0.8626009005568496
4.709813623675432 2.0365557065693047
1.5266469880954912 0.2676772808371806
5.702412634691716 1.0845847663742942
4.797486244507494 1.2313688199704118
3.7652972426547353 0.5755554179703884
15.694621041694562 1.8218314909858824
5.967414719880488 1.1312689893586896
0.36284402986104236 0.4973538024159944
2.9541935836257625 0.5381898797113097
4.796873848415162 0.8256294544704781
3.5911080669482214 12.33064754179987
8.18837125823953 1.8451082371322498
2.261178601655936 1.2109477256029366
3.143838888595809 2.10128454794589
3.661244079429393 0.427484786712517
2.7019805169218736 0.8637466599431012
2.6059428152193447 1.0513231939547714
11.020755839542856 2.1913296795511705
8.834037061929486 2.700472471200759
41.15504792952868 57.915472949300764
8.237812593955228 1.6710574995921967
64.82102199875433 30.18106378260012
6.344113785254177 0.4029342012687441
0.7691923331411368 0.8088076519202314
60.577596754292074 6.41828593200622
7.7612003338274365 1.072043912064477
16.86475345763887 0.7107316692571175
2.0162771972883653 0.7872214043676312
16.81161573268347 1.945849157667394
67.33088897445602 40.05507220041603
36.013693834909446 66.66118872208216
42.316139089893454 33.45338081210417
63.76757817542125 25.12104636996108
53.1290085034497 88.16917281949748
67.17014083455213 38.034305878598985
38.15407011374776 61.47014223247554
46.657268027827214 51.32798838161099
17.297771594961286 8.22868054986713
87.10528640175556 83.25593925462199
44.0924514266122 53.42577187292917
56.86791812970482 59.73977901639899
4.513662162290695 0.6935630696035819
9.899636260588931 6.506107299898941
18.674877888861403 56.92310862709428
4.688732859691124 1.8862935232483775
4.813408098399511 7.137582609228433
13.858648424985457 1.2543883854191307
44.947287083569364 87.51485856130178
24.124899685102427 140.91737896375977
57.75075796369492 89.20542432392911
75.07807051146965 110.34209266860054
41.462425928377314 91.51473229045197
9.602686433919295 5.059939039744244
15.193173914870899 6.121097042277609
8.188406880045342 4.287208605705651
3.7258385644731704 1.7126066153018538
69.92269862239539 74.63850943291531
71.53867383330108 8.294401605711158
30.859670316619003 4.814821582472011
64.6921325186497 39.8240810072978
2.6677695942574604 5.99565593739786
65.10150639639997 42.56323575433352
16.734799820666385 0.47270007163365374
18.08757397003274 2.467593271388002
3.4867696740530487 1.4579745029607465
18.57819564432772 31.934442085799965
3.1668319551284654 0.8679659899245358
15.7969922213256 1.7883573415565122
17.84588182637708 37.30922182276066
4.231935502089389 0.2578821988609433
14.484051844902119 2.0919144475262885
87.4187255732755 34.58035292223393
8.227017308827634 2.5497881635122397
2.2675853867088476 0.6986398883718135
21.32159875766705 4.041993392970363
6.508851350225429 1.765932611368596
6.300780212904765 2.36072081278668
17.85680959702242 58.489325415369684
35.64974924007373 75.55048718490742
16.35552500310827 1.8362905522528803
6.509012595922382 1.504998060985714
23.27523291361925 3.5051950247188834
19.548971971487255 2.2250935350867485
38.588198580536776 3.070328124634395
73.49256960721036 7.03469779371742
31.971224343540563 6.998840681216515
2.4111679398779056 2.994773672760936
59.47389562128313 114.90669571595241
4.74923489465203 2.670703283617757
69.0775663644132 17.52408409599906
25.338613474880873 8.52786672693828
66.35934609103144 88.94494190826478
22.675093414276432 45.76637391106477
17.86148370510763 22.465589350391884
8.56294566518406 71.28329474879834
20.156991458019906 81.3337272079181
4.690360363095185 0.6277310975876101
83.15188360727107 10.538379596094437
2.3223828387077194 0.6885269943501716
8.150051429758562 5.964375034631178
4.770325976337972 47.028373965106
35.00052273717699 68.96099232719386
39.863996273137204 77.09675349745467
61.709600299863894 100.33822200169172
80.52147962583925 121.07268649804294
13.46127386435623 54.90112799097444
50.847169557414304 67.18151910007744
32.26360602287687 107.6449410351319
45.40820857004508 20.259362520175856
61.80186079195491 164.19994891821986
35.68891506080294 106.5355761777721
18.245112075833138 92.31236335056964
40.9581801425677 76.69674759483213
73.45091616785044 148.68771426868298
74.77098240990622 101.85236022471344
1.4174988953395562 0.49954770051704755
30.29729915539042 74.57227768886793
