2.073186698228555 0.5136318145333619
4.940229887466804 2.669923230053242
4.3419842050914825 1.3879365516444784
2.4059707772099808 2.0795508525703377
1.937318703438834 0.5421246640253902
10.864077109799076 54.207728651588674
11.155399627196246 2.192534690110567
1.4794627635480395 2.4529185434798535
1.9198817964283137 2.7716211520290908
1.2091249876021481 3.207894719556816
7.955431090890138 5.525205300291159
51.559853559932634 82.97409644484875
7.589178918844639 1.3637643539841273
2.1330548640508136 0.1779575604986799
51.58837099154596 30.84643256479359
73.43194693909031 142.52553060540447
70.43560914459243 30.15554920927425
55.47363347841309 6.34998541888857
12.331829074434431 2.235268611532167
63.446628805282096 44.46690505144503
68.38671919052814 11.235738359610963
88.7590081286012 2.708662617977699
2.1479260737758192 1.193816045103744
2.3555987152214874 0.36011879086140935
7.416813163834054 0.8028695815049219
3.787764712320989 0.44412686247588196
26.07215280249361 2.8978410054218395
54.057154296617895 3.7060371266454277
31.09841101285102 0.781434442920993
5.172853972442845 1.1615986425566256
5.428601353771714 0.8906554064854275
7.480314023399379 1.9035585360108371
4.8854476333647705 0.9529798209497307
9.203673983642647 4.090784982344961
0.15408687243637717 0.3396502607035898
0.9737853469666194 0.504003534805091
28.886809028718652 32.99039686686057
1.2885227071464407 0.7815173089253827
6.604622774745716 3.7676069188618384
69.77967153280271 12.950224000006605
3.434445807843694 1.0547445125167345
80.30738850290592 40.329062381430546
7.246268619543694 0.3782997656416023
38.575108092854066 33.61773732866273
11.728622959022998 0.977186997006183
10.048499796294372 5.351664477660701
5.8120713897371425 1.798980998737469
11.233570109009326 7.549428867800163
73.22154752924915 132.34460243448606
58.1464569659332 31.193543889262273
49.87231607541305 172.02314653444353
85.85269632812819 163.9148113191038
30.64756211321241 45.000463850925314
87.27387111185537 145.2743534882067
18.889472096473536 23.73796843719119
19.450551795081672 5.708596419930612
26.78326230972653 4.9017427228421875
31.099972171229155 5.889334651232351
37.50683835286844 3.3996326813213043
24.954014103071348 6.73548415650425
13.63388029366844 9.748898366623756
88.75382799548042 45.68313798931268
46.12906497905288 13.764149672265647
74.55247105127026 134.85583726363157
59.059626185387 42.451882149695244
32.68390006455661 80.63730596467934
62.39351008036007 60.31909025536128
32.81891371993149 57.17089761615381
65.09803518101322 58.777379808892
68.83622874215631 59.6860155308971
79.8876533852829 38.47966058529124
39.58341071558269 19.618346339094018
4.957240258393796 2.047530911063534
66.80348250643183 118.73408607445438
84.32630772376784 26.61266972125664
45.13558989164152 14.942236684275983
85.86057919726468 77.46096949315641
31.22921532546742 10.029060973749289
26.42737425054367 19.616557494832694
75.84201916796849 145.9634314028944
3.9345699890126458 2.0197671869088065
82.75666816480403 63.13239965221191
3.5275364686981785 1.486215935697824
0.45469804004986414 0.5984481133823384
42.86214912514163 83.56375399934821
68.73180808033955 18.073685214591936
52.840530137282855 2.3414075611053793
5.208636788259436 2.4793252218054547
20.512941094053133 8.414385164845198
47.25328587521699 15.915515617899564
53.50321084877936 115.94510164541613
56.884996385295835 35.13174213508943
70.83968065564687 94.98452512392284
59.4180932118583 99.9302469091519
89.43411223774399 35.21484173715413
66.32562989427733 70.26888892037628
46.83251371364267 47.764866114419604
78.22836926732903 92.15739821647433
10.219558681767598 1.2094746030581285
52.65946895380357 138.4465521925592
13.723042102998287 66.36144407966509
14.403913342013118 14.707706340632726
84.1666465549333 97.00535686321099
11.033770638404022 2.91006636542462
83.87592118660079 3.058563959342753
5.061774154912348 1.2291668816356744
72.5312466221952 50.75723021948274
12.387532572917394 70.61504294475613
62.92163557326697 94.09730783986286
3.0953655566358975 60.34931803808732
5.713414377315006 7.5511179679559
73.15316950136497 14.651963362729173
33.87708622937865 59.43166559049405
75.12093210788247 38.336350864602274
35.941407097867994 33.631639357769856
76.52960276318892 44.407604451629716
53.83556690075055 79.45524912389283
31.57092212601887 4.477622808548309
33.5791350546547 41.58183540135724
65.68817255747317 152.77226630181173
46.74522984508556 7.3695375654098685
75.94254730121824 25.700284533065133
5.66421306967234 1.4990873378796543
77.46053905938226 70.69005673302998
16.11319091338294 3.7511974772750882
76.74855728970745 13.639084994355702
4.348410563966951 38.695039026943945
31.38127767760554 60.32021604095174
10.794674083717325 85.9493281737379
82.72698227007503 8.311737504982236
68.13421380198167 18.6157678287381
81.62504182586564 31.11886891898407
36.6105962875676 35.04133606232103
10.542126281231138 0.9639275116135573
78.69749039239522 8.32065817122383
12.286933794951887 2.104787808594133
87.94610269635764 66.17992813344281
19.446191567531038 40.73502907179228
72.53256707945428 22.379138920696438
56.991186604246465 53.839252672027975
9.533945558631094 1.5750522952980541
0.5325431558330709 0.2529393039381707
1.3864148183219016 0.5546694439039587
18.540180274522186 3.231016523004106
11.878875132152327 1.2815044853130035
12.09577008078169 3.8545396528964226
2.83458097799345 0.24174520800728175
14.47178129534641 2.312020229657344
16.80085164901403 1.8055902208219126
43.849909558508074 37.770786324323815
3.3428121112892017 1.224573872017673
70.65972440913248 30.18322658110005
10.490413922089743 1.5427836892697764
15.454339860246543 0.48676963524531836
6.311076497450854 2.842546339022977
5.211693356543944 1.0296437459071166
67.34985926635775 57.33778951606223
14.457995344965951 143.09860504599865
36.11610503200632 101.67947273813343
24.573971194932504 1.5887766455994397
1.507849222602402 0.6412671294878725
84.79095591820416 13.566212358344327
23.513814328736842 1.952606533854547
7.708125592623194 1.344334073632178
15.465848940629279 0.4618315807998883
78.60011481121802 32.47924209466187
48.57523885498596 23.156025744256397
84.84737122869497 22.98127132673001
82.03553088177111 21.16188660940923
55.521787403930645 55.329913134643434
67.31715987612039 3.305222506023437
66.23538653109871 60.78774657815428
17.75471095589117 25.891403111481292
30.497468192708794 29.800525900198238
77.5267692773147 14.96820841409747
4.025884223217409 0.7470297652986199
44.35419476440762 89.79629003148435
47.57124753715436 70.96964881004557
43.58764183483953 22.541808382614427
63.80898776450547 26.70327899617062
77.55243376348136 7.317045149725397
19.934062521744046 6.068476914017246
10.191509253245853 2.4488702516430596
3.6351491232565687 0.7012214010727829
87.29578552830905 7.2463592014511775
67.47080052244472 49.77190675428737
71.88237809589533 40.3813066917782
82.57386186387818 32.118782495692095
18.93105262782593 2.1224041612064246
82.27297979563178 26.511739399370338
88.34649257927177 50.848697359869526
4.631386226850656 1.5584356251202587
84.53077169632428 44.72837548988051
1.333935784839098 0.3282352958971451
73.71066348283203 8.669199092176443
79.90669692176971 10.089991521194914
33.524841790197485 14.575638638445929
42.02654997111539 9.276589245746909
48.78236778556003 2.5416275939335655
75.37666429363024 86.52083192856541
32.155723650080546 66.94577161506956
21.574753342801273 7.7654531283883115
59.07170029151847 22.433189195831286
30.43799635446966 15.167180414380983
67.34264260380304 71.59455234511927
24.375113609463185 4.7987658405238305
76.77153215184526 163.50183184768008
74.03253942464747 35.50623231517316
16.174199960947227 88.90956707283829
75.21838695191812 95.78150578251504
69.58696010055284 172.0942643884154
5.823396476433115 2.766133294006198
47.65087774891128 57.54462131958579
29.838724449294027 14.184110634351265
12.313140491605651 103.69058725111637
29.986052743254472 9.393912781918626
52.05270278614875 99.76432280974429
15.029490941435137 30.042012067936234
46.4521095196248 41.8395625826437
31.1424370443172 6.895698387830943
63.60827816720945 144.07268878130867
81.41454006647353 19.820748428041455
70.44537594249202 20.037851113112126
87.75609310380312 55.08529649589754
77.59188022223309 34.45994126984034
1.3263514392252826 1.1621574807201027
3.6734495817399533 1.0054415610665046
23.29567943581493 34.826204506887564
3.4074134203083304 1.1820382014769437
11.601234143274828 7.045529626828848
63.84235692720355 9.24528463106427
43.57646232779447 2.633952436531935
79.82330020949547 20.713601959212276
82.81873074231996 36.12204086080548
2.6010183385800927 0.3930001408800302
3.0232460819742455 0.8585176233840509
25.953463294364983 2.6209390645419997
85.82199219563563 2.3420001633169933
77.63220078491149 15.826107267743218
8.00240057362084 2.5040895842484474
5.388233518252077 2.5783752946574974
9.116931203591442 0.910717550749676
46.93621612621988 10.373404361100146
75.65657368877177 1.6822469365582442
8.27477588637629 0.790639646068455
3.72278529972955 1.4189460261501647
70.82687018856127 36.621625086984565
50.90802890915893 19.83943048468642
8.297906290573781 2.5483930763819416
2.5652613384738547 0.9242124312196652
76.25788389025676 41.30969621199088
43.475961043682396 92.22957253870628
86.01705105108432 39.829844985883355
28.632298992402923 114.72268536360228
3.699161650180983 0.810840903904549
80.0710115518703 57.67634646260639
57.128124040812494 37.165221574439606
86.77498456671219 36.48834543082049
65.45697637935616 52.92494049348316
4.092892611057608 1.5490198871006051
34.335929764185025 6.611658320207325
67.71302552985212 166.46787940564462
35.35881553124332 117.60684717250693
1.6004559096497262 0.39928265698245535
38.10027342059256 90.20997024002573
1.282033134442795 0.4605832648466261
17.205304839464247 111.70363877072403
42.065261822697224 19.362303526533182
1.996350389719683 0.698527458678261
1.2942085128708705 0.6806751995109598
64.07418836207411 9.136284943060867
88.04260292966438 29.481293388523852
85.40869626281219 28.031771096354337
47.42213547597197 9.130707059443417
63.68141476768568 99.35115131698042
75.95368836244188 35.37300954110326
50.73436983624075 22.735296481212462
47.58501152177458 62.56133356900101
36.7341551225871 1.393030440742448
73.17893436848826 150.3939031522493
50.98167144006452 11.309156899360257
73.83351084402965 23.96808388755859
43.923419401122146 76.42268489640193
71.3700828107372 96.46487616876291
26.45112672795715 96.27892085693506
70.57384532528344 113.75406121269366
56.56150975076613 42.34600690227894
28.45606544873752 63.80810691382919
85.29789098041933 116.56896133139261
46.88141498539733 58.85584797374714
80.62426484510964 52.55003471151052
75.71241833476643 92.43999228744903
46.64262551701519 33.038401088751854
0.4168859989255236 0.7407897818497824
25.534984675870874 86.11490417249924
74.86309639288453 61.63500026716799
14.608227611375709 1.8483641049949595
24.20330745685434 5.6265296116919785
50.97133001291786 1.8766068618099223
89.11534895757252 27.557600277760198
19.33469513946055 39.66850589287924
35.73115959937414 126.5073059268961
73.92703151297688 80.08822892956223
50.67294573514005 81.75337555936268
75.64032625763055 10.739620733875713
32.10402335085857 78.76645203145085
1.5900311606245892 0.2563212462563481
21.130815961157367 45.6187742975975
67.19096514564154 22.65809296981466
89.52142223210906 74.65338112141976
1.7734845459249073 0.9923317868531875
77.72909817365246 46.48043084343805
41.46519754119261 23.795085223005486
85.29811365648374 89.42536818971247
46.23316849208396 38.53531579299762
36.358357685863695 93.30119967282087
36.70601406080352 20.28084534397899
9.027200718795308 4.014109094230178
86.21031797322578 46.58219323074725
89.84622805280709 34.03554714346786
26.68284898527346 1.552970425930825
76.84774467094918 50.59089179473
48.29024661916083 14.590525993010736
75.85350732513415 5.243292596518489
7.250241785694671 1.141519311545068
83.88873971437151 17.198507418699435
76.74161654345599 8.070210179506189
20.612491956814914 21.732375497477303
20.570395307441455 9.584081806062535
68.73109477387956 29.387236345289054
12.434309083549236 1.7794846478032211
51.77266054219386 9.756646651879464
69.15058257546187 12.527305682524034
77.44338148073166 30.521269443258795
58.209720851358895 130.93255367334692
65.72739171696107 100.19164490791397
10.794425955601426 4.218999725028395
53.38557525790997 58.81917791904631
72.6026306037433 15.216940414582886
69.89274528712448 56.68475417256734
49.05717822781968 48.74160585179272
31.85153977679016 14.32837525418774
72.1572333916137 9.681356376744171
73.21644633325089 26.867919956262778
65.72667578093403 46.14895073805974
40.78827727261082 31.58147672490491
27.498144390508987 17.712319983339984
3.6377379364890987 1.1871619930605781
2.171653957158179 1.4462342351071156
38.72012943291918 9.927090861295492
86.26700444574834 32.73653295405771
16.1077405784393 5.392390548004022
71.43733462651991 40.08524673090217
50.76231147311122 136.48193573795885
43.319718624193825 40.222217665716826
10.92495035160447 0.7620690685919284
23.157129398364475 137.0114590620061
51.10136700754592 81.98241961264823
57.283721980569666 11.84500856359273
20.366684017919034 1.3181284159738973
65.40256777095549 82.02617373080142
68.02380134004147 19.325784564584062
79.87846709163001 31.957358598053343
80.87917790981601 35.70602065145081
58.02706263944084 80.84881411235123
52.37053758778197 68.68373329635159
73.28602765424188 78.66280163530023
41.76770897080407 30.171340126874153
61.65617094986169 44.119151862842166
73.21774854310164 132.3786039065551
87.3409582372409 11.62155165132163
41.15159467681761 31.344475580318385
80.54909009096863 98.24272547215223
6.2295020597559585 2.18296350149201
42.9712207607512 19.38441741037341
9.208229775858877 3.633515011787696
56.210547734413296 5.778123474482064
89.55128828535176 51.24522053715252
42.83535806595635 12.592513097082449
4.406566832042713 0.5261951961454685
11.299162479573749 1.2844270973685703
27.578978095869388 5.382918175463346
32.909499416768895 18.617196764973308
7.981857883705614 4.608788274663732
3.0713252381202074 2.3421125085844254
54.71192084077678 29.565404807053927
60.83977831956567 49.456707971905274
24.558914654225735 12.260928521553168
16.998979175211076 40.784471007016904
10.691714728687604 4.3848527835283315
86.39595550274468 45.5221553901806
40.39741428304132 13.284129547748247
47.81686132161707 82.12007082874935
31.55776568264818 83.04255906447548
84.12386602589298 37.72711592315789
22.90849050185425 13.684923577047229
46.87483834405816 17.737349807777335
35.01453050177119 5.248313396949498
58.4166342839475 44.07467157689006
1.5855963528947925 1.1800381851583697
15.322380395868432 1.4242995621146721
83.21999994996267 8.102467319240581
24.95764773910446 7.88163323267968
59.61428480255853 47.013730286100404
82.88190344677564 39.732630182767906
2.414054364405482 2.20878186340634
46.46101840857709 140.16844582777918
74.22546753788936 36.70452485510924
19.547612388314167 51.31030978219756
29.590851249813095 6.930008512213854
14.35383086724653 3.534737727299087
46.297101523064555 22.16172311465117
77.33685256467663 31.645986297840853
79.93131184220763 17.321502308048306
85.80029700838837 90.40350406905728
60.42258988019715 33.865850319627455
37.34673324173673 68.22327910044848
52.53488558620139 10.707669574254437
63.61181700741909 11.675243170005379
23.853084971750274 17.370878998828058
41.488446328420736 5.4039673511490385
12.282022288352342 3.077832855791966
30.75209222203418 72.37998389342579
59.22107773701494 13.757383590513134
38.866403115527085 7.4612693404365675
59.891299378990965 11.600357113085972
83.38338806436629 10.521120161764802
78.33870146720847 22.423245940117457
54.16220043163245 109.28212601185872
85.00762229615695 20.500428221752966
27.084819370641497 62.76673307401947
55.06955512197081 16.88308584615658
18.399809012215258 67.37863643272912
57.38571101345856 58.1567222065676
54.62139690014844 54.2450179164679
88.01407396120433 79.84216501158173
7.176403339841874 0.9984882565819565
55.42789426688152 108.66355800781109
3.0210412616323765 2.4469079065187773
11.116820205281593 3.1894281858187763
80.93282471634183 59.90146051114344
9.765350190939385 13.302165432768106
0.671983101357318 0.452786687633557
42.30325105604274 19.054188004577096
74.79727703509909 27.44451095711995
71.55167866978917 54.16899371404079
62.0467410104409 41.8425857455446
74.67112454724806 110.95293028046669
41.61572697327005 87.05347125564367
31.061651629060133 51.2794438130429
55.1102463614738 14.044303824736579
20.635226416725292 39.991181069745664
43.516112465780225 57.02519007220778
80.57699055232548 61.28564649428621
61.81735570241479 52.69678068871648
85.15940236443022 16.92607890013674
71.08684817755176 66.68354492665091
70.03649575444753 65.09660360132379
65.51759687311196 31.70418035293725
81.0946048227789 26.487165999087072
65.87909152074552 54.93572418426488
78.95633222001564 55.303842265637776
8.754155498205607 10.328025761704827
43.180069674937215 12.790668866065378
3.3492548142898735 0.7466920821009855
10.853870865231226 0.3332982257913329
28.86561116445452 71.69667140714456
31.185038537478874 99.49366576985433
26.939956987370536 25.599297237528557
1.7705784695162692 0.79818785540145
4.597093732462483 1.3934102416684468
88.10158171040666 166.49659716056152
20.359178220736467 6.034186499390996
41.54970663218489 10.517232315521738
4.427034241761436 1.985800755893791
20.64715454053765 68.45503817418059
70.37722197484729 38.34951592428519
33.53409729818486 30.763719963959154
81.59360845023285 82.86660443171142
59.76281788743279 67.9493397085981
3.766251468917204 89.22070364082774
62.102226423125856 29.882180158595514
80.03706075053911 36.564795979015166
8.342377751984918 3.916162256535311
63.76217726676845 13.339972105573592
64.39190145350811 61.46678488256441
1.7090602103940862 0.6861252935154012
0.5059135418879972 1.140000131902959
19.32426728605757 1.8113521546749287
30.20707159887553 18.74082143756958
22.821554677395646 6.292977363267462
24.815175678932267 13.784709161737775
2.4151586329482297 0.644778612660807
20.334635674090386 0.9000470750077666
9.408595571577255 1.0709875061429353
89.80056303111262 172.87047602641636
29.28031471889485 18.93690223834559
0.8372055034238569 0.5000823298800848
78.86089211574748 50.49697786637478
51.05321753971842 125.89240295370539
44.341503509960326 103.76248506357668
72.58209201699624 111.54562660750526
53.69323339276248 78.5435391378384
38.464141451360916 105.97539616593383
36.13055895030732 80.90423427782015
34.270995879197244 13.61318318556438
86.81452588610108 27.893456186091136
50.07731318658483 2.3918230414535886
55.580725321435466 10.226149369088288
1.5696875545569695 0.9496907963764823
6.6170785094969276 16.700570416998314
19.7266473845539 85.5396199604412
58.06300158825006 106.02031515072505
52.273194589255354 2.5565962770018857
69.96034317890542 20.704799542277563
75.06998069468217 99.66434543199648
62.705439692438325 120.38898734663314
50.10181916655912 113.15723491502298
59.21873398842715 19.933443389166957
16.99124348112127 26.91704390815714
20.808375985001458 44.493874280873776
70.44240405058464 52.58906997676786
49.35452756791585 63.760844873513356
3.1485766329001432 0.6650560397164085
52.54593622826589 35.466016259600195
3.381536319880375 0.7579081798185389
39.21709058166843 84.68365492078465
78.19736814089916 31.29032853451111
16.104120396498313 5.958102952076586
3.80841067600666 1.6862835459768728
24.673696577401916 7.265071104343463
32.41790137466825 9.60430671980165
36.27100263059477 6.324363019009191
35.64471556872323 49.08179431261722
7.443437182603707 1.7927946295843509
41.6337738074908 27.82750099866844
41.04902676370534 49.30488031665002
3.4091083384460203 2.67549331857706
16.788382354728384 116.1897124070727
81.94300144451579 19.638775143400082
20.74712082404627 48.56125916038971
40.291588366121495 20.878141774834347
70.98790070894988 178.00402059091266
13.944338289238514 10.883407113736682
9.090076064530917 8.814401033924998
57.51353937866347 97.91328075153689
3.9269626625366993 0.5015888265651994
57.17513208681503 17.315203125997225
61.955359004112125 106.9380804564503
28.788647289399496 19.900735155402916
1.928000377813231 0.7214233193506748
11.555534516023469 3.3006960990745964
28.41500220681135 5.517438784457197
48.989862392737535 16.69068638955228
12.49798832775567 2.4254184222390416
87.71305549082214 175.5292109471175
40.84671326797716 84.6546602807221
24.841538007164985 114.01241362571429
75.8924723926914 131.53059754680612
42.588884921227816 63.334912173345494
44.7045355480183 71.16489947344826
60.3005275740779 29.537435565150986
71.83073870752285 122.06503003545423
21.32426824263246 3.4081795113205557
42.16512536340551 53.247521005678394
55.91102570808243 43.29522973815324
72.52455875522388 37.08864656702433
75.2551173369797 174.66506964172837
9.273112031271234 0.6691977471156643
14.067449568618951 1.5993241626944374
2.4418828698958643 1.4558406684270586
12.907762396626385 3.319194481756714
1.5733333115181931 1.0500898452658862
3.9577011742625743 1.6034554189271952
39.312500253833264 80.36487583048408
76.8707454470362 40.050592747862815
27.779794225493166 1.4892191570669058
4.059473118900684 1.024229907261145
84.34060064752995 80.95488493367436
69.68766379170975 124.75160682933216
1.9621219047463456 0.753911069223924
0.5813074562523909 1.2182009781259169
2.086699311355764 0.6411775276013025
4.8639385316221295 2.468911817357479
28.201162627636506 93.69129048503248
0.740499537577551 0.9859977298083935
64.62983376236558 7.99042701302695
82.03666866415205 80.065325967252
63.93224308310694 165.9383930606278
10.537703523818665 20.571260916001187
36.29152116454466 85.22865713178635
11.877453378682203 5.5801376671394785
25.820514501086507 131.742660112076
25.665350566019896 154.08037956617983
78.47816937340308 91.10385061311828
67.93773802758847 71.2636466705577
25.705981307680872 92.52620173058673
72.07054431826461 64.88287898884275
36.23158002038644 4.0963304493615285
55.33518138338785 44.927171045669006
66.34604373452831 161.81096426699523
47.19296541224493 27.339000880400036
34.669965628342226 137.7383123145376
66.4974593124908 148.07491503875028
89.592071873057 23.754508338118907
36.1313460001334 35.34895132104685
9.365383360309213 7.773216821835175
64.01312446736134 117.76909178259537
8.978168170640638 1.4962416392414484
40.54136648645179 84.0307631471196
41.92151940930546 69.07849356342889
62.86077637963258 83.11374918826947
9.854783435817174 0.931369720957907
45.81097516539958 111.60332873696458
5.999274696696594 1.9623933643359057
7.2237557590562265 22.43389892615724
51.303820688015314 71.14943021964346
78.64753796155435 136.94095467069204
30.791040910318454 61.27692733544843
59.41306676772318 62.12357523563369
85.98565266070092 158.48962426266593
46.13982680658101 1.7308576194199246
42.26445723443593 94.05917146972412
69.17457703382213 12.463899134668372
49.00023750638422 32.37262837303459
74.53191467957393 175.51002447124492
11.356441916643643 8.093933072448019
43.84594369421205 93.36176956191042
40.861486344109366 15.026302724295567
5.110890824636122 67.876810035788
30.399744760453 13.302619073705213
1.6878569177025853 0.8062017061695994
7.8201026746230875 0.36986823344003106
79.20446192558413 92.56304654081046
59.93843516475302 94.1308590075795
1.0659348513929678 0.390334843163472
6.326825842160964 4.74568061192722
6.6444070510636415 1.5298120212623116
79.14104850087193 163.82392211967343
69.97538197342315 3.5101244009282087
10.889435620383978 55.23057770348705
28.953637220940767 60.31494674173212
88.61959036430484 69.93103085325467
20.328908045151575 6.36380206238705
35.85898901354152 85.24219098331183
33.097155860554295 103.37147174094225
1.8158237874547338 0.8341239991295348
43.487059197152796 23.71096337985134
4.353196375275465 2.341231000054641
4.727991214042486 3.1976192558470653
74.67971906801614 48.292446968081684
47.301527411609435 27.856134715846252
12.338313289864969 1.4375053890566556
89.80601423652837 20.398321328324386
47.94420030578411 41.53818758315407
4.363198571416079 1.3598394913484702
84.2401573385846 121.48329859494724
74.87941758186362 95.88589590263312
9.261870467725624 1.457925773664777
67.74882005513808 10.160953738090754
57.32878719549301 109.84368036957389
16.55729857421491 83.86196779253167
67.15596306603958 53.90799291258983
35.560290963190226 123.3098258718862
74.04201827463316 83.61476972332024
53.780799148725485 36.8375834063998
64.93708371445356 172.75936760290867
70.03805754765912 127.91173038806849
40.99090821095524 72.90374696007139
55.70448054623191 44.52514596240979
60.10043567238009 84.90246610158486
66.1772396174335 124.58107317199949
27.39989694352298 0.47987552334080563
50.165036759219845 31.50360247221034
28.27302178629131 30.76932953126847
50.230228280348804 82.6108849404794
72.03325065651688 40.89055746355681
79.1431770115167 16.091972060414083
39.659147361117014 62.42223063539754
8.14552024571066 3.2287659864546967
87.22378986257407 50.65721197925583
24.56217726563773 6.616405942435328
21.29836845979307 34.718342781800956
79.64535251779559 153.6652465168305
66.18565222321423 122.33998989892923
11.049949435860182 0.7088945908358186
11.651396608544136 0.7610806996944252
45.80290334279535 119.4345080961821
47.258518990632275 76.92206804651191
28.36504864349289 10.617619418958311
56.1915714079596 45.55434924577386
84.75144711054664 11.343308405588848
47.66051838662815 58.91862147404694
65.26511700062203 60.26359496320116
74.36294751760323 60.396135055499435
3.455562821187363 5.701779920759225
61.21526342660885 24.857906493360485
11.688772080828688 1.9922111521311114
18.724984542987546 5.658852572971914
42.624993268463896 75.80307335088371
64.97462048796525 35.75747177619618
71.56459865417682 167.61990659345378
88.79389615578576 70.02859147908585
35.99383335937596 10.39011754892054
58.86918995134225 46.14937977865846
74.65710366579479 32.6347951587955
39.97545494273358 33.26511288572514
3.9685929538625913 1.2226515737803363
55.92361996966267 17.652303251122028
62.35665677096473 2.8529841286788504
10.725311490560465 1.63121129546039
9.952853557895992 106.2746542651181
21.896105676299932 2.6477397143829258
73.32568473411013 37.00786773275685
72.21245231415239 26.34535682001434
79.18001818904729 30.176918096256244
43.823207165471665 20.207454820310403
1.5386356747508947 0.670481118159376
0.9523517607328256 3.405762355955172
83.14777333417807 6.408472189675453
41.979444964423294 77.07085118631794
11.950295252169877 4.5536911140687755
66.88353815278347 86.40452739498302
11.855097792656402 17.72464763923961
9.99215724084173 5.176326640879857
38.33703542139037 121.59255803987182
58.05447378623031 70.83335622550548
85.65137123284646 167.20323467514484
35.85388404967429 73.01164268530087
51.65833397346145 2.066934037513763
89.30727083183753 32.855850583851314
74.48591992694696 72.38708544276504
35.427126743576984 21.45667229484061
39.37448391250824 3.9063896681409607
5.0248081386887105 0.8921456119191659
1.3593785532172027 0.8738776935217096
26.77786328375654 7.33622723194258
47.60753694967017 11.440564217666319
58.41470312587822 86.44049826088657
0.8381290291340113 0.25772675600480055
79.66185905594888 42.83577815719069
55.03915871797223 29.303898282232204
1.3666165287433167 0.9375267839360855
5.588435584303834 0.4110515335834821
67.81310319064882 25.44119336709548
66.30323440412705 64.49975309663012
14.81832481125996 3.8406936005760555
70.32899438079075 45.40489698066018
1.4862207628163253 0.5951833246529927
42.84519976156287 27.20050541057615
8.71222267663869 2.067706286092598
5.095601808642072 2.5236545940268145
59.706257200414214 15.963004500557927
83.24769722872178 122.08843056265158
86.65387678256388 92.88871961443675
4.613683638370822 4.7227282804674156
2.8899493470015294 0.2702531844611958
2.533708097492128 2.5256317138444624
7.879811946044437 4.11215507457697
2.9658982642346134 0.5591590539256363
17.893855960712095 21.75529423776887
84.20273797392157 30.080671562768096
6.439982448900475 2.4777242848142906
40.77616289643787 25.56005472265997
8.468568903921105 1.0357322343514237
1.6644710583947893 0.16455736645081623
6.71253241040637 1.1198913446562175
12.726213169078353 10.520313565167738
26.856093813222344 102.03257994764115
11.722635688363521 9.292860816928206
0.7696938062529246 1.4740075491549052
80.71682093081176 40.651831024817625
85.8362661426669 66.58200517204949
19.986536644258138 46.31652630497959
11.74458387416284 6.208159027758596
4.353431752393108 0.5017375367372194
4.090759666733063 1.616900754521238
4.566139747179456 0.9529516066705169
4.223583465007299 1.5870969426637047
54.50301009554267 32.83430034617182
10.947802751745739 12.283469005175819
3.970514149762967 0.18928815329625262
14.577764535965727 1.3161645495091208
9.623434851629126 1.23919797856073
34.92734594747868 48.08742208648198
9.3326030915616 3.922376192366215
71.91768834651862 29.80247894426397
76.49639299137414 116.83491656511079
78.36601553902835 29.172097600988405
73.89020189542885 36.024102937993206
80.95554549296934 16.377890080133703
7.927709054908178 1.661923109232218
12.40120306314387 1.5030549518117344
23.26138974196411 43.799318548681924
84.1364949879216 104.87777568132478
73.16043596009412 134.7886900200504
13.464739320519024 2.4985049628556015
29.055721194946017 66.78364647739095
62.219153558220455 22.481036584965317
5.146878365945733 15.008690348423311
41.004837662440124 19.383143365813446
35.51575699616611 49.20834099851205
2.385727132135174 4.3895302035924075
46.41853362834603 109.87254014839175
76.44144218650803 11.625239363120976
75.20233290563273 17.717760543436377
58.969589708217114 9.658820821984325
65.84183347430803 59.71588683095403
2.702941614263724 0.9684580629751735
83.50400463867862 176.33305928310412
21.043740053332236 7.741468338516409
26.277341393130996 35.917309098423715
49.426030933597524 26.01301862439938
0.9358731056870646 0.33272723569738966
37.92316059492313 134.4346285081401
80.42733638696492 19.323898756658544
57.9095051165233 91.62742732415599
46.31929408676447 3.377131058333832
51.67504824174698 91.46563994253069
3.1880576571142587 1.175277393539122
83.56719570334435 92.66141849106761
64.85781468732743 24.17101244511626
33.078179833138336 30.13228113627048
74.4510392056129 29.606611465993243
64.32293352206537 12.270998362532021
5.826807045232588 0.8591260271111176
3.4038425646522286 2.0721991843670473
60.659539140876156 42.50507651381319
1.0006800050423674 0.9378424127293994
77.2812003104254 62.79171622210235
1.419708590527714 0.4842562661353052
1.8634124952719968 0.3846114379968622
7.780734984658536 8.817213704704997
3.925514034106491 2.803863533289641
21.948970233784063 21.789751997491507
0.7113684512537845 0.8323466479069106
17.88584309307505 17.413713205408644
6.418772093794117 1.8640584610679884
6.551660768602637 1.9555658797748583
3.72385621946156 1.2135888535384654
5.604070587945752 3.274086024554802
2.2026255809257758 0.5434212522420276
5.267259640795863 1.5147563518696112
65.40187094313069 14.560787151644199
6.41740406118573 3.0713879633548995
5.796891679065046 1.2084355665366526
15.6496575754354 2.5713341013349424
14.322214009913031 2.019962486659952
69.16509215274661 12.152602414157041
23.791275789384464 15.737149015187402
20.023859029231204 125.9883836773545
24.594093997496653 4.626746412782079
17.65181311112611 4.652922848649646
73.0112096051873 83.5916609938023
10.105477894480838 4.9840817643793445
68.46473927019005 36.20432961763564
89.4936168171523 75.69343843678789
48.48159223207479 32.00204667071591
84.62755407185355 41.42109911674798
54.353369557172925 107.88607680813159
67.97085216486958 30.611374051028868
88.30477358309828 17.91929552335589
77.04127800709797 17.08895911698501
69.65730371949438 70.29020826791766
31.275658155346395 68.62176589119768
64.48439738949205 27.029875088787268
10.064259625533378 1.372355247073683
83.27231582948387 22.61574945862248
4.6726749559797 1.339866800169366
60.045974576085094 4.157105771117165
67.42943955817523 55.24483838630712
85.96443188933671 65.84363723952562
78.75752024697462 49.774022463959696
50.96482002253882 75.4201546628077
27.303301213927256 41.34154918543964
79.60198398581045 57.57129449600242
45.88577232432174 5.611828386546277
64.20943205260991 51.43835989578963
3.685035206652868 1.9129597255196642
19.316933285204854 28.56157611366575
67.93540292189762 68.45488718645667
3.148519744432863 5.9268005232753085
1.255932243088841 0.8951493991892995
67.94424840785392 16.642313000944878
0.5694010211453844 0.45788881066739195
71.36193192813404 18.017855258760104
35.758882277154065 32.22030750301336
47.53821698225982 7.643212776449703
48.09062148108774 90.33996352209117
41.064614167010404 77.64340050290953
41.215701596751856 3.2327589105858827
30.90292214067121 47.15143635990055
13.61171402278676 31.121047372390514
68.64649237931738 13.277336062392449
71.73061689938301 38.09613439001971
10.169066740873777 0.526014995907097
74.16754915668054 53.5885623898069
15.897204246896083 5.2240242831807855
20.765615831730386 86.86017946645856
17.261612841559085 2.8804660154529294
15.205186346830178 8.408375002721767
73.18749995257599 39.93101716843099
30.840328041035953 40.75009605508533
58.964915712980044 72.65506258178237
76.82763345049578 24.863238577848914
83.2194237012769 70.18259722022346
1.1287423036782487 0.6907855226505372
72.10789342043064 9.932280610771352
45.530702158700564 75.23231458246556
39.78662636935536 90.57796996268465
4.219663675748413 1.322924104835694
47.88167854966983 29.225113438902167
76.28425112801398 46.83958026858875
76.66748426281576 33.589112242686156
9.987748761097135 10.11707888214645
71.78495778637546 177.84082409673522
20.127083378390694 54.24663974849828
87.18851343389865 165.90191818611777
58.18604406538736 39.90768905922648
81.22392425941668 42.228896865273555
40.60203636910606 50.35020854958562
46.33423777750025 3.1086528731535332
66.599941414159 23.058855103901728
82.1098057198218 21.39147064963027
41.82578235437078 12.05696472675608
56.49711005775438 44.217792156354406
34.97473192966845 80.53077831409232
37.18325824901944 54.01152011038743
48.37971427054543 35.55129160583715
33.67662390422949 0.949436701062467
86.33597600141901 52.43534490194425
17.017076946122444 72.3113959051049
65.1826469662741 10.356777449060528
40.369074810442534 25.571813574489408
28.30430703285053 10.069313530564258
3.0578855960822557 6.147614036986531
25.944725396018356 46.59705687742379
87.72295080732717 87.49513912591546
80.7076050394357 12.412717126829573
1.5010809980262487 0.5400829514114932
39.225756574216824 20.067864159174423
53.21330147063384 3.414027363433992
6.695992207914089 1.1473272078882624
85.99219513443147 78.53637793043592
67.33241130831851 63.88764710228551
25.069683919481175 4.512999099874887
39.806070980099896 32.353740237229225
37.85946234678294 79.47962636067827
9.341930522269642 19.239762280306852
19.224080754223152 37.16817016461307
6.570436628146345 2.6148816179186047
70.12661485319235 31.8416888989307
3.872336309631231 2.111983713115622
3.7673009219558584 1.2952539177975047
50.51527653763406 124.7233483629114
71.92875880563284 40.57532760310408
23.50740346072884 7.432006577299371
5.576648096388784 1.6661989297987996
5.498559055634444 0.7713080361342719
2.5585204446368253 0.8572570453662777
60.81121952207076 15.981779261897035
24.62208097175258 37.03965846715154
4.372253693376894 2.0014192357786356
54.45185660057867 100.76982522927777
41.33967604904162 20.8829120326692
61.104734967832016 146.9754164431053
81.88779887284188 50.78227041371823
14.54274080695423 6.963470242048227
33.01362766446116 2.939054121754804
8.543152637751554 0.5982033131142215
24.98488628108965 1.4477893464998797
4.820265096520065 0.6512843383406134
11.760184181338387 10.01872593610346
78.52433704826805 77.70484015164324
24.189836309889426 3.6152131220250348
26.316826452983406 19.86254615236939
74.95375423186651 34.44436133863441
43.766201885190384 7.39109501992188
47.72412956860788 23.297223756816244
1.2628257135664656 1.6922337029404264
8.665515475336077 0.7099303784590121
2.5588773216009466 2.1670017414430918
56.97590003781672 39.97456128624582
27.44601974966415 8.283031684833519
25.14448317469238 72.87143760667726
63.25366862116753 42.11797668974772
40.38047325379756 20.23473839683235
24.078160285122635 25.38506362960939
85.88948107268475 82.9652765603539
6.178020201072371 18.297734240796718
2.0439307888840155 0.4615730718252655
4.838473688476856 3.8552832335269795
7.425490355834052 1.2711500848902204
5.210123049352234 0.7950986003852086
41.8411783424412 58.03586056855517
51.23489676260613 56.60171029307753
5.382141540579386 2.5739935916514587
3.1164502555910474 51.22784188086248
14.07097171148797 70.5184720088691
7.54942069082702 42.88001102991157
18.215363589016704 55.635499917360775
72.80635417117449 20.36391219466109
39.26920518846313 35.648139780121056
24.28333385734092 33.40137716341532
9.295549312359327 1.8401086552783392
61.81551692710235 32.09510428371754
5.593710547575932 0.7711867791898223
74.33946159352654 66.72371082567818
1.4999431337204305 0.8226339799765513
2.98586812479006 0.31562982608314144
72.03692276987017 24.732378755839836
73.43879417873438 15.846249422955415
29.516919172815506 98.47268068570433
12.625386197111832 1.279055823961098
7.272886790619591 2.6311346558216693
73.96512404843979 23.015704356309403
86.51346845479004 64.27694239339563
62.963679565689716 42.19874808849477
30.003051512197167 7.66793630826741
45.87970405201497 1.5772575202978913
2.4267133974803627 0.6650845816245926
0.2623106273827606 0.8829508787220408
40.40602285936936 26.835678886325294
57.35243873511101 13.455957039618829
83.03278499593206 19.94897492550126
31.505569772297395 51.9620110272919
63.5213419837084 16.752160744364517
29.28893833546018 13.91174569155253
88.04276174100865 40.40855027015704
82.89826696827689 48.049183593172614
45.5858755734051 19.226283694973848
77.91862870600704 25.55634925389585
73.72466771322027 173.68792639965065
86.07787592532601 47.681932047238014
42.78936420721644 8.475734505281219
88.05814370315306 4.271279513273797
2.943638873976802 0.9613846854855839
5.11446783306712 2.08468191650447
15.55927801474481 1.4764508440451365
56.625909131137504 20.946953254503757
3.8091150373676044 41.137319325406416
8.133803962634676 4.365033936072816
65.67009052450985 23.822753855315153
61.72555200667186 29.257154328649683
54.15309596864087 41.08344266036044
72.45110162788167 15.748808130147706
49.338625698523 86.36372754389318
3.294614771589009 1.6632630515018414
8.863165081329086 4.342190177668851
57.609054091887685 11.520861177142647
21.834469435819646 8.554385342289278
50.1751531061771 22.61255259688384
89.57162899625513 88.23480161109705
0.9613790405352993 0.6623431176600714
72.37731466284832 117.99952942987976
72.77840437587558 21.165328020154274
47.838853853134 82.90627463927343
51.39482704194131 50.77782159579503
48.65229961489682 5.9190864477087715
81.06406547421122 93.86478940902528
74.82095132857317 86.23460912287891
68.08482971641232 44.47038023134161
8.212968371802855 1.1532450496524649
58.61662399381835 22.84170663160445
50.47398943290264 118.1188194111502
2.8651724801770073 3.778658440007861
5.561870357041227 6.178852654345033
21.61116965543996 4.8416414163102965
5.121807038128155 1.2668592360951332
6.604782760197168 0.6513159774350115
3.0351924578855445 1.8555139752188803
3.471135525193183 0.5979551739269049
18.56053384725799 1.4460695623870619
69.44139086644886 5.74460423791506
77.89889630840443 2.312386895078023
2.7547850933091964 1.3674406074149932
20.171694024665822 9.4086604799478
19.14088806585681 1.8133348756418028
78.30425038842637 82.4042408128545
54.73132186437726 90.18626060198571
29.461425862099528 4.954613931127261
5.184291814367334 1.2209674642894937
10.714161032406242 11.015307446505451
18.273682390816088 5.009702518562705
13.082719819226659 2.789607270681498
24.30583870406163 7.934507855136124
56.728870691689174 34.53195679407591
1.9683699533712513 58.234684291966666
12.959533284850579 63.419898113701436
23.868765603219146 49.171782059758335
18.72502459365025 2.0742616478013884
42.679373226673675 57.35113796676603
52.67449198077533 17.461960156018296
43.5635523957082 5.38717868944033
14.68526801092122 9.09234115225254
7.891205353565896 1.2020532982870475
5.7855836710956705 1.831200974775827
28.156583236977063 9.87141859322476
71.00465217548144 7.795176384460752
2.0871131219002157 0.8229263821714834
3.9539024552768005 3.3747615790981005
6.3866498445634035 2.434594041478263
44.01358763830813 16.48037740008308
5.315935080916902 5.5089222760030285
11.3414003451645 0.8317361947446305
72.6563280297927 71.08294191488712
59.60514444068676 90.07651314565375
9.160065395812822 1.877075795014316
48.72970299695305 68.18510460794113
8.544335116636523 1.9849444097832505
30.76355814015855 4.134021503282438
40.51497677013414 1.0793466627166608
3.2652602799699575 1.231077724477508
51.698578354445885 65.985325362174
88.01642391260617 86.2908344542622
6.1407409198494225 0.8073631977465261
12.602798999032874 29.03787860991256
2.5604957575337313 1.9893688505235683
37.810449962560746 16.15373014668027
60.72308125599932 4.777116249744311
76.93657867023626 46.1777097919697
2.604144348325109 2.5601580847327012
1.079932954452821 1.778201632766731
27.152496571847955 18.826809107069497
6.522827094842805 1.6869680279049986
1.0836150068610384 0.8649484050723291
1.5703447255302385 1.0185572461696126
5.750322282550852 3.941849565621531
7.894778216121951 8.193391484294455
9.11742740029264 3.8689990313466125
49.60031817737701 58.35366520664403
45.93408852944427 108.15745146019228
4.3717065180537595 2.387301478722781
2.5306094502199903 7.785397601766217
4.361829027691257 22.173109796765804
36.20856171183804 105.51933536982115
88.58238937186115 23.52712878856896
12.544639570744522 30.574449948726908
22.949201818710016 1.2171609393507739
6.930277674983871 2.7763728007113184
14.335281936868041 31.47354919286862
8.348295057950718 3.4154049100074277
5.728436652018595 4.3416771827343235
47.49167471656316 44.809501579033544
59.89947570596459 105.53921528396403
2.9078775297806825 8.404537262787354
56.66204864536039 12.262996829564194
4.477354428362212 6.499899624229827
3.1373138612656994 5.8169922754632095
23.214869005642186 95.87036869294704
3.126389861726909 10.878543770328115
73.43107052766521 22.05574978408478
83.15445007095228 58.40893841908958
0.28008175017046044 2.248129296014069
50.26692347490726 77.07776867875755
71.3496966468587 37.20744937465094
62.1999492949963 37.05170694093131
66.78054635575621 42.710924139494075
22.026843308017135 53.06659722899826
45.89149388541167 64.46678499595319
1.721622640291113 1.075650270655621
57.037555618475885 26.88594311618451
20.72555507158551 4.613375197478143
54.06790143484494 28.729479407411265
63.503474776390945 25.22642485211666
12.600402397049375 3.233469823389097
65.8106907141722 6.783857957909337
13.389672078051916 1.893781390156408
70.36857714810435 14.370552310245944
35.11436010429541 3.499900730272234
1.877163283431798 0.21314932401314649
4.195126283618837 0.8661798351301461
9.448356114762174 0.7538033665781102
25.67486453824276 56.539336399727524
67.20284442085114 98.93489077971742
55.82748177447934 66.6737802940308
1.0417942587947817 0.8271751046723529
45.86761107976122 88.64315721850166
29.858090786734294 52.01868506515586
65.80290809699038 48.820063835469405
10.584633407399814 1.7478996357335896
65.95966550863139 32.63785931218346
48.73083659535919 65.12544769516198
21.213284482245616 6.506091250172155
2.640410359680943 0.3414444996807381
9.612574184819211 2.6156975063436154
53.94638481101196 26.95035635309195
58.7065565286258 16.224033848836584
7.498176015945912 8.496481988170396
4.738087260346208 8.60437734267475
28.044758262133747 7.301277270935607
4.871968614598642 1.457739312019902
28.34490663246953 75.4104890369639
0.5355406315844284 1.096542147679598
58.92523815066996 83.25711830894562
26.892649232347885 26.42594233804544
44.605228186141716 114.92339061699217
44.57261529345877 27.624961836075762
21.47904881357644 145.01790586295002
74.57409691562887 19.323281112008154
71.6684796672815 49.68638125813752
72.57306851782752 51.120703466599394
13.83132485566412 12.933215638890259
31.25690880572581 52.55167501955087
2.990220932670289 5.868512733203526
0.8062736838555004 2.5815735392120702
24.647194452639013 5.827235103933866
9.06334807812817 1.5176380555329776
38.73341587965503 58.65571815845084
31.07241205096107 80.03289892560738
86.44059864989832 72.2538141566605
77.68734178614862 94.603227706911
2.2979678625053177 1.1495000522690906
11.47062141164969 0.908990133121241
33.69604274987854 13.788682679488584
27.218942810412887 2.0946170768244126
54.67090320181578 6.3280072726029974
86.48316167666549 72.34070093582818
24.11769677168716 8.733984204163324
73.98819168174914 6.4403080994843975
67.7892867533079 11.539967563996283
13.201221947961656 0.8724434676559248
28.04654184684695 140.18658083205875
74.05516647545431 48.92989435511494
62.88480215723844 23.910519713357306
88.4074523853147 29.373918170036635
54.94626173805277 60.12822984290994
88.69875547716734 62.4360856794599
15.056920316801774 29.758747897326554
70.59429346926419 28.271409918687564
7.457837363010464 2.774010770526882
7.692383794927622 2.812460984670178
8.958789994087631 1.7687322912002468
4.557936553760446 0.8083996326978672
2.5126112599587738 0.839446312049555
4.288263558010416 2.992334599496898
2.9716076451419444 0.5128427220112052
10.407717562179384 5.100811379771647
73.69062704769856 59.110863797631296
36.75944251134049 13.970966436997232
1.0262737930838701 2.641546580838314
2.1337330422400433 2.2557367713315597
0.6517742691152721 1.3565047406839952
22.7304626751927 7.028588116591911
2.11156644703946 0.341483077684168
14.876835536850148 2.155022237415227
16.78814784219629 2.5120717509190214
67.69451832301937 4.714862024678906
17.56980072708872 1.6895244175080313
7.991300312413184 2.548415716263363
6.716872409049269 4.692027516383959
16.742707666381882 6.887627330671371
10.651230570348694 1.4106319092984754
8.988680828976186 3.066263169158616
6.960701055362158 0.8262198245019262
60.54558470285146 100.53978126007354
9.65593695892739 4.589046778898156
6.327595380529381 2.391192977274132
67.04362209356272 13.470328059636842
60.03001449078046 5.589694936990715
7.436743509833093 76.04434679329108
40.035304014337726 85.35191059547402
75.54388732631804 101.66754530024461
7.220520895605043 0.5597095972964273
5.541411437595412 1.572667770771671
5.19621843308884 1.9104310108603315
57.87047609908672 87.87351359765826
69.31588117151279 15.27537697645943
73.60236285629824 17.12800754515369
30.125044661570787 72.72852102588679
68.57573670966612 19.04615587067162
50.68975766526694 30.956503933982386
38.346188902879334 57.40090255487707
51.23257732470649 24.919287523097548
35.8441548169948 31.02480351446371
71.9198189407225 31.936233773845558
46.979458906049814 12.900887202418748
11.351786418945073 0.52779734016382
7.703494189400514 2.690567310602358
2.880596310198936 0.9801241972969204
7.684283863556406 1.2414008684778852
10.987194195703827 0.9104775411132916
86.65966110591823 63.315577475677365
40.42461174735561 19.600768792953918
41.12942415407606 38.980650116412185
54.45130205578238 28.3780897621629
5.762897795624465 2.1665647389170086
72.58692626622535 20.05492494930266
79.47849871498647 30.85674092267217
9.398389578973232 2.533587107471854
56.514607702367286 43.198975425923095
6.219358897601771 3.171095210473263
73.22876564055602 12.129594599766767
10.948536508810674 1.1561047691315203
5.799839882936647 4.772878093554206
8.126592384416382 7.317894664618588
5.824342834752658 1.7222247800793027
11.669571452229038 0.7679081410160853
4.885772459346842 2.3404933756522364
3.840837931393465 0.38849526137684265
56.87097841371454 47.214128331765146
42.43964452007439 4.982971089717211
1.1789205938245493 1.99157780317691
23.823411765693415 6.059840598938301
3.5908359288600757 1.5084548862779357
1.4006530515234634 0.40208427257600343
14.851107838016068 3.535412936858575
64.23295001851292 135.58260300645568
75.27195117936031 112.23492133956597
71.65628585688546 26.418027213061936
31.55624919059514 5.945436553371702
77.57511632953879 78.8441758455162
11.523280142462355 25.767372381548096
38.85297608340764 55.21385201435488
64.55602462797115 36.91865564588497
80.9952267518394 147.62797023420134
54.86072986858801 97.29223033118245
1.4581132343986236 0.36420042633563937
70.89082510598018 96.46448668364643
6.162700890972589 0.7503413887083307
1.6869171315368523 1.396778055315069
2.2607644554641078 0.6249051245768478
69.0762601832753 131.83656861933218
82.98880136586375 164.9343646546231
37.40779841982615 52.589433378838464
88.72518053268863 101.22675604539644
24.098646034208183 20.2006072600889
6.558041220129 2.4318030206078873
88.50712428128227 95.19892710448761
44.478327188767 113.85072846533168
3.243894116167725 0.9726410512271151
5.31039596262897 2.598551772659757
45.2083946975541 113.25261232633856
27.324634658875738 72.03161546846735
52.044000720792035 126.95674150624765
35.49667747587831 2.6776094873958556
42.300328825904444 72.41762062953525
8.48106428352632 3.274476412491163
72.10341006894083 25.01205430331885
23.507734081796528 21.840266581121885
12.881244069622474 22.049717823573637
19.27794789339212 43.48518880774238
40.50270279853163 51.138081943885766
37.512552859148514 78.40088973631725
62.174544726973664 60.00766455786331
13.29841686776424 8.913354091056704
74.98690808990443 84.4565081661797
44.92649479069354 3.8193094153465417
41.0850832376174 85.87557164246608
4.14349978378521 0.9526003462120965
11.851392363235707 1.0570621630560082
64.5196409742325 15.63167929576163
38.64916665213213 1.5160045191097065
55.37522816598265 20.954699385827215
85.47289816311802 16.472726896512995
67.72460405689378 87.88099245543106
32.214601791279975 19.270546158069386
57.47101403719078 40.98395191113071
12.411275254926995 5.775864228163651
85.19780741765514 4.838834635710463
3.627982302751656 1.732277284037411
78.90395333375322 34.20171804713616
36.01753902139548 10.111507233955468
73.41517659080971 12.204466612694604
4.068929373504398 0.35343911577644055
31.94857492447395 25.32788323898226
10.231354792394141 3.7109040080667346
1.320294396571257 1.6374449364292059
7.68818637856869 17.65548299761175
7.006734502174482 3.0662871541540007
59.99483228627251 10.382645543539388
10.079344983431877 9.40384517119459
18.1971511667104 4.489419335193616
1.7019612031469453 1.7431823949201208
38.32438434219636 2.0203956134448267
2.1492767222688607 2.72007348757447
51.1418074820729 64.1595916779791
6.165372552165892 1.7837872729188684
1.1566289362900648 1.1582817331775133
6.753502271005932 0.8757712114072144
3.088487263827304 0.77235755051653
51.341274171197846 61.864383745410045
8.745545243383669 0.9925833020153203
23.020501178228468 16.335825183874164
1.870342338278028 0.3099163880016596
2.7227333178011763 0.43786141303376636
4.654617421498772 1.1958234043598241
3.8292841952836416 0.5898506088779913
31.346219002032502 1.7692710777430545
5.760271483591365 1.1251150903045397
0.6761349371104854 0.4752274348199534
2.991638039804715 0.5456901036177376
4.791995347781782 0.898281476886472
31.37618563372149 9.602767239890158
10.008705963492236 1.9865659596862055
4.485664232116511 1.6977342179269372
4.762869224358546 3.5246740065530084
3.2352511962870274 0.3567764385198988
2.139408475621825 0.8482759291460076
2.6617945470970787 1.070347508650759
11.024988085848728 2.2070851804862928
9.347245987299718 2.515704550630995
40.74766510863802 58.78030826130196
8.30841713560345 1.6135038035076614
83.83090795637845 85.14027629872184
6.70553054862541 0.4292560323528104
10.198642265642011 7.155684171098341
39.8386975048302 5.693171706670978
16.294500892990193 1.3235278581945413
13.970818040182866 0.7921389445817788
81.10208626957623 19.612845138371743
7.574164315576836 1.0188427969948033
35.74519687437146 104.23465527538946
51.592647112323704 56.02320522523035
65.16784603009529 34.35247016171486
77.4968254421675 25.83369447051127
53.19948298744761 88.47408502573586
69.18801608277082 22.934746775598907
37.31225477747702 60.33866010447801
54.8986353070673 72.26174640259306
11.057275170564308 6.402137982853191
87.0654948618215 82.46054670058541
9.437793933374087 27.26004617514831
57.000082563015695 59.775776414281175
72.92735672913807 3.677884449393857
13.350598580911823 7.204533956537815
49.119506234934924 29.8497999813464
4.937926419039401 1.9550625319539752
4.462727905063102 7.327873306637806
15.101153865218059 1.202523440966807
59.904350970078454 119.63405933008943
24.151209960084795 141.36030553995934
4.788437460213993 3.251339667254362
36.465453326097695 149.7470460156467
48.20845159919884 115.52581404009267
11.106147042755898 6.087950599866819
13.002668803339722 7.677410942953665
13.729544942899045 6.895639420983637
3.0801412088639375 1.4759133732816532
52.522762787527206 103.10685388299235
74.96172085532577 9.2591046670087
34.42045294990936 5.026184363606795
33.36162248270736 110.4526794673604
11.169539142184242 14.66850630231682
60.74624199486903 52.96065944230294
18.53223240905816 0.5293127059238176
15.946762028490781 2.3633236373463573
3.4018138802135773 1.4369806241558953
12.820538963817768 71.09662086022317
3.388911914701295 0.8661746906754406
17.895824655753056 2.2082871325850135
17.67401715765459 36.90338935393316
6.172077457163222 0.28419811218082747
14.401553759576103 1.990253124558236
87.13941874568212 56.26852866845618
7.038788531694698 2.744624404576142
2.9410515993277055 0.9221589728248004
25.556799068544734 5.6427242194302165
6.484752844021751 1.3493386635574853
7.8169339898978185 4.086346966053603
17.75091954716663 58.58538982563755
34.63518251942611 19.334755863630974
14.725263593785403 1.4509940091202762
6.153031401585819 1.481516826151308
23.61619845966218 3.4830389700672697
15.146982518548121 1.6581561254238437
39.22259770962979 2.9863217116836314
33.33132292321061 3.595031742409478
38.422742671041654 10.619879223510264
2.7613496763874683 3.566346484751435
59.748434264500986 114.49545226436608
4.449939898234761 2.6803904558888276
61.23043190657923 16.58985412257566
30.33548203972657 6.999263926331154
66.0381022402835 89.4605073211767
22.01682248804815 46.2631449637055
12.564943244335781 22.238142824607174
21.270553211120045 86.21612054555226
19.529089638204532 122.44068836209118
9.340736835874827 0.3324155422920031
82.96009433414021 11.070244690823113
5.073788434251946 0.8628977826332482
8.344148272821979 6.534856104735308
12.46567583190867 56.09387359340944
39.016010945152324 59.4053324755894
38.083793138385616 71.06903192528164
48.75004408025176 77.71129583321195
80.49572638294842 121.47490182946372
9.035578813158764 45.105359775119716
68.977335553996 126.95789026588729
30.11200202007322 107.618133539246
56.59856969609116 28.861916568385304
61.50622939697334 164.4103324365067
34.069384780667605 82.23353852061541
26.011859350675866 123.32038541774882
41.16108413798395 77.30308810121056
75.6759694268373 110.61161787414615
74.98760274494866 101.96557847744752
1.4872168328172901 0.36348060271730304
30.307414513304593 74.45585505976071
