1.971340422373779 0.5418894789609227
4.026314085471922 2.240700641431276
5.527727097137119 1.567019439388722
0.93404732829881 0.8749968592316735
2.3901893090447004 1.3352709458426404
77.49334471738541 72.89076309355893
10.93087807920903 2.6860409293980867
1.7059194200059788 2.481874660286665
1.0545279047559637 2.97957832574417
1.2052532958430056 3.737129212997826
1.8513791734647014 1.344821653525948
19.12678276715597 13.757939010396521
9.817832250342237 1.7530919176269664
1.547601747969974 0.35591747488194847
48.418050052995596 37.74884209500041
66.35771584410669 17.84083443756931
64.35170988588727 9.246128310443725
55.145674598597715 6.800622074050771
16.26596914231072 3.082687914617162
81.41413836109805 20.135104134592037
67.44387596181369 11.405173062944472
87.76128738129422 2.5159009029268953
2.21670570575303 1.2862983838171607
1.3732738239064695 0.48668472336796886
9.748737954424014 1.1681500725448584
9.095940921159505 1.0984547180908233
7.368595440231687 0.7114683074568512
10.36630313882797 1.032902959414578
59.88289814216863 1.0023884109208987
9.509178226018427 2.480785026670487
6.0728455431438615 0.4546926663627371
8.085431843644795 1.2662570172359247
10.756217821524954 2.5228282719663584
2.300702970505708 0.8500733291801444
0.5697625863575695 0.4373102181241225
0.6312477325419554 0.4859939253770561
28.729196841078362 33.263049024050254
4.32417810533507 2.4343830488306715
1.5042471852921513 1.521680224100297
66.56372436298362 12.955480063841565
2.4905645159713927 0.765959374090978
55.842399439353905 17.117118163306465
7.150479681665071 0.4264869859641574
29.543137015494125 38.23517829145351
11.137829343076845 0.950855670338535
8.411981850133749 4.27646364893228
3.85349677614056 1.51052272748711
4.164379347393384 16.231108711645554
81.87080014040613 123.15706198126328
59.02811216778304 31.182958030538554
49.691227132301655 171.30646182656804
56.316524810949794 50.35001281492159
43.807929950711824 49.525210599125714
33.517953373451604 27.82225648179272
33.38588615927375 77.39264037743688
19.16029167786906 5.378764701760825
34.85425670704291 3.533599422780215
31.44135855929349 5.778180557241501
51.03891828077667 3.5534485920552896
24.190638314150483 6.50963895059882
10.488650600505967 8.768698842042966
88.97779502323449 45.50480958885975
45.66913165321933 14.255010179675155
34.51524828842409 46.67177643657667
87.07283027952163 17.854790838468002
27.72562666158424 46.029242745890386
71.15861352276494 44.909736392768416
67.59488559607674 24.639126955437863
53.3141573994552 59.929659133390366
39.43384153994877 36.36663217729059
1.6384410664120053 3.3886983613170827
20.609376956546757 4.302874226323031
17.793876355102867 11.378396607099111
48.5684262152986 51.111829545774306
83.29267222999634 59.47244856418549
5.83325208288354 1.3185286806281462
52.27201589086643 63.86199960561164
22.518513612737586 12.880023793797273
32.73036027186392 23.238513606357177
87.33658385420478 113.7780795757695
2.0270128115671397 1.0460091640906641
75.08747784665357 63.50495093518282
0.27547750798007725 1.0989031362338022
0.6157901173095712 0.7278055740980032
9.97604597919347 5.860025216504691
34.18371378501464 7.390212288155324
58.91066201687394 5.744492172378601
3.0157057166082453 0.5776299873359809
27.50326630961729 7.629615145553013
43.70300515990261 14.267530255678972
43.398021845813275 88.56208397884134
58.29981467173184 33.78761675222775
21.687491144295176 28.602806105393764
68.143106369431 67.17721809780271
87.6404361444336 42.84111930750395
31.86098601277584 12.224772597141481
44.23801516903126 58.13375606394928
36.22821127038007 15.24642871804416
7.418926442921411 0.8200994034737762
61.519479390857335 45.25641316392478
13.713030343120286 66.47116786366708
83.04306437172058 31.676581745894925
22.038920782966414 72.89248849093894
12.821738995785722 4.272356119684377
84.93701242301384 2.1964179215586705
86.46560548335248 29.80340573313927
31.2325956984163 19.82915532703858
30.337467709373847 37.40159985283946
44.84470025016296 59.30430269244997
2.9988720572417265 53.23042880140994
5.908031127694714 7.357170322293366
86.33818472105482 27.274197842930803
45.00176414875904 98.59488385509134
73.14984204626975 72.71221324193836
36.330085268500795 33.47607106903245
85.16777251521773 69.69887750687012
43.035515289244756 84.38131161284603
37.31791620953905 8.300458045049679
33.602967411318815 41.44844472811337
64.2433017473274 161.24333269242544
45.78280991060587 7.987559174792563
33.94065765298767 16.991282323927166
5.781886198810478 1.4933231316190314
16.863656376855293 4.132242410800536
16.002182613722987 3.8198611728909855
76.30611800404071 12.51355132305554
3.216643266730934 1.1563411016540648
60.37160915472843 121.39109115173116
9.340873887760551 77.97931738225263
34.07545600883054 36.86338352329004
62.26990359657786 17.78942199028135
81.9137223823168 31.254913698077175
40.60333099346255 22.15063233399701
45.08644428095715 2.2937305129433687
43.6875323002306 4.592773339854885
11.313111651902043 2.290931182454814
23.634373955314075 8.853608019126197
31.962925793862865 16.35386025682746
13.771033216690917 7.597448637211055
10.337256264697254 13.190770910130299
19.47982724123366 3.326574681836929
0.6346449170636488 0.24995819762530977
2.4686286966887705 0.7197978162945899
22.280591133704352 4.044480267940997
10.728734689978932 1.1159689377513942
3.670229152466768 2.0765975482110477
3.237776894120797 0.3240421889052065
23.46876373890005 4.225031401098524
11.247623634731292 0.6572375253716791
19.682192391689703 2.310132033935737
14.963738933008758 4.4323554717029
60.60906324490851 22.824309036049048
4.426387750891038 0.6265497759328733
12.390599274551622 0.3347412346525319
6.726271690662613 1.2702340656852722
5.3193040401169105 0.6781098963546044
5.482081684964911 2.064260558513175
12.969369888872563 108.25430862851603
43.57533940923042 82.25338390573745
22.579986084092265 1.4031034960899693
9.734807745602987 2.071681510187231
85.0187080828271 13.418080940613262
4.538177743119787 0.4109261082201433
10.529011953157994 1.761047288021226
13.221874908650605 0.41449225210857965
72.64285572178314 8.994758448072792
75.4405420709551 40.04343438155313
89.91935119225084 16.35773450454069
68.81226523105862 29.302844362728607
59.619963475730444 60.22030809451389
79.27009130609136 17.889637196374217
61.44662319704035 56.50526694680854
43.020488666442354 34.972384424536955
28.81867680550738 20.210708480058752
33.75025102723163 12.4704666752503
78.31254724848343 29.949314371250846
56.83673559931407 59.520379596789276
56.6770334112455 53.260064688989495
45.12860494378591 38.11435247962542
69.96720883740319 9.726761006956002
12.993964953597155 0.950165075653897
3.375124339319211 1.7726921730547627
11.50046538212829 2.1414533474788877
4.128070353582249 0.7519952711413412
12.24129743664537 0.8630206744702013
75.70333662910187 68.57365657312776
67.28375778864178 9.313571937320463
2.274891989502916 1.4613336714072986
35.17076262199381 2.3749864119719164
5.949090178440571 1.5936479851704357
3.681614266047421 1.3866395641447582
4.313091930128286 1.5556173414075603
85.68475073428597 31.183762953813424
1.3906475883598666 0.3401454677414415
67.18389147041282 8.644872776582208
8.095251604462485 1.1937172420765123
34.0132816828109 15.03939206961503
38.81541573980513 9.057647848605944
40.35098759711301 2.471341102513927
6.814781603657735 9.84597196255954
76.1053234703724 148.47396182423788
62.851995885760005 5.787605278171594
59.96530538173276 23.65433180671524
29.98993927452394 15.666948868788115
64.45001160460441 94.9918222671251
43.632802124348515 8.38527040942793
15.561058085346547 56.54947714823995
61.9129109450729 32.530742464173194
38.728582930376504 88.62322263116194
75.17595904808783 96.23283985410076
65.6759836204188 175.97763949726755
5.854048182083016 2.799352678364014
47.93225839766742 57.34987746370564
38.803958962917385 12.584254020000941
79.88667781438032 99.13277065957416
29.94051954704144 7.149858382340217
52.012801029476556 99.76176887552079
34.4288218240008 51.256212212202065
44.33800050998849 90.79264720335182
62.51228515546603 37.700723494273916
63.77086228221357 144.60272298645953
64.39002176222003 21.628628100809028
62.25858264728434 21.508302255978677
87.49917281213138 54.70549391552452
78.1463934810919 42.06391013401173
1.0139484432858874 0.7227108091382998
3.379789844777396 0.9195967539599401
33.36297517601653 79.49316260027679
2.6733061339465634 1.5410167403338977
6.281051945438469 9.635700783157697
64.10450738333617 9.191858576577408
1.1778199492983683 1.0438973749428828
1.5498204691885837 0.5824245323954171
60.35424498083258 18.797850580812117
1.2249185338904223 0.3730017460678314
6.214886411564692 1.3188099715419694
22.639204653968818 1.8498194071287428
88.06721833474101 2.254563661161042
27.223401490805006 13.573047501797404
4.291182991858324 1.3439104905866603
4.57482807469524 2.176353052014937
2.77303613229424 0.38938522125326636
80.0145397921066 19.439455506948054
75.9077990451007 5.59072916465982
12.745282535450043 1.2998565336150079
11.79780575723158 4.065744346551889
84.04870863092678 38.24382005630105
87.35501314853495 36.87627813216693
8.467993297418904 2.6024849632658595
3.3718414294742507 0.8057550479658421
21.989717916238646 6.935078628489175
43.41744430648835 72.05506785087273
54.57422138715169 152.67692164713677
49.566611037967675 40.74599608524367
3.576381906213804 0.8322871210279127
1.9186561333460308 2.3723869992301503
40.44759944718524 122.92018386806393
86.79846258394058 36.396437536405514
69.23053934709918 48.91006379341017
3.6629213562222986 2.260677690455626
33.32272130863839 6.567235794834141
29.28646887811277 124.69497818736052
64.1491129833276 76.97623980174245
2.0625767247227733 0.39589037791471077
35.92353808897714 40.55274364536573
2.2125262971133197 0.44415625432840605
14.49732435999988 81.04242580452643
43.71498021064567 66.07310534154416
1.3417850629633907 0.5448546191251502
4.236481492865542 0.7928146266718984
71.64865822236052 12.809064662547044
81.13309381699837 20.698687261272603
27.17330541431931 13.236998783743585
76.5755302902672 18.11946150170031
34.79489175499496 16.473564345103657
55.91791609030095 15.7742769018583
83.10780508149007 48.87616640149812
8.526303730049168 32.50587295012976
37.110700795596216 1.1597342631008458
77.97896742555888 145.3411618938001
36.70313733682757 7.133725432405825
74.02407893669798 23.735117260077843
47.82567753194517 78.33108216726941
16.09577293175496 8.022559644659463
27.387972402139123 95.33621656608966
57.26907573870119 156.59848622762064
61.711966513157556 44.66304443414348
28.355779145230485 56.61870546643758
76.98977394652705 96.94325083998898
46.787894368184716 58.88677810232268
62.45752789941051 52.93183717557987
76.07508905328038 93.30229363522068
4.884572929917268 2.5075775969687304
2.1047352062773346 0.5897155907640133
85.22778824951877 53.986194207974115
60.014761325936405 59.04938674425415
17.433885467160263 2.2298863129503212
22.825968083508563 4.951551621721661
50.987082861420845 1.6243164918247381
55.705222235292545 69.23365238521903
21.276742149983843 40.95019658162129
34.946719403716344 123.1933557742397
53.55817422052519 69.66090276483976
50.688157159107675 79.05492054247138
41.98937076336679 6.389038466028839
32.15199430295786 78.79707987954345
6.036619925869645 0.5982126676354937
22.291459328152882 61.623107906314175
51.2213975771659 9.092033169746644
79.41726314672005 13.244348168193275
5.592739491738516 1.21577624727614
77.71714914688766 46.23309562009349
41.45997058310372 23.80243892086592
30.630624335154494 66.65509243704757
40.74646819616441 10.703809180989275
25.088731793225776 88.65022508183307
56.48678896391195 36.617120099580355
7.835591781963246 3.582819157705764
77.54551409222233 40.075960202172126
48.777370819526766 22.931638046782297
15.161662619582977 0.6418399048883296
80.28984872337037 24.401857346366455
61.06221376049517 14.872698711959552
22.06099591236388 1.100125142410485
7.30015364233555 1.0650188551208395
22.668954580002517 36.62408658710091
80.12883607786418 12.84522951792798
20.62556481056352 21.663689682082328
81.33037432423515 37.794947750726266
57.96828661432791 40.29141722810714
8.064977334474147 1.1790182022780225
58.992287116145796 11.396648984848452
72.67134698120076 8.927384656621694
75.55652645293617 31.16414175432432
60.71957633230771 123.54981208837562
67.36961015084245 91.21465221094414
11.147620694837034 4.835717557249641
76.70260288260417 85.93278097854457
19.381490527077023 5.032934269322599
71.50766727806135 74.8836642524631
48.98782316528916 49.39329046992599
73.79777156228577 29.306585090112307
27.429469453066247 5.563793654486086
73.70932288192171 18.800256551274543
66.85341918761691 42.42341421706676
27.61911918681129 16.387742002052207
19.09528011353004 12.514472901502355
2.095196607362122 0.48061519330086944
1.7772616269697172 0.9297053302126178
68.19027282544293 28.62968826853794
24.154924332312497 8.4375217493864
10.724566942635438 4.117329500872759
50.324961357313306 48.119843801899066
51.13469444482672 136.63022111869736
45.572692124069874 31.45278453568668
10.319897781771635 0.7500946012242098
77.5603791383542 55.8458438405599
88.27818971610824 7.785720236601071
72.88215482942921 6.2574262763461315
19.493682718542285 1.3902164155539807
60.6936202643815 5.679000635147997
70.6939471212186 21.856435297223907
87.75228594559411 22.112955898530675
84.14345013613651 33.40261051104495
49.775592974694376 27.75683403692135
77.77058902645413 16.636679875819414
79.5752150510121 10.230656305633882
77.25748063046193 32.25453041081723
61.63006068342719 32.294763166705835
72.72540345951586 133.60910398639405
3.49080889142053 1.121509760231064
27.54483703050316 57.61553513432208
35.40904992877968 34.80420521445871
7.025532216588992 1.2887655314799111
63.24451829067306 22.488612991024496
5.578184071720487 1.8317837081259414
56.29570931034529 5.741974498238491
55.716540652390975 100.78720540462197
2.81764857054133 2.3042164840902863
3.909013190433089 0.417883863726783
8.517002373336343 1.9209658825301328
35.05390807197367 6.703558314532615
83.29342141997482 47.24497080333346
7.328865199409577 4.332393006397501
11.812926832824335 5.3704380929496915
13.593766415032029 4.202762077107953
64.42895070700607 16.616691470226034
25.035992388266855 12.271613081585647
26.508297722328194 25.674113094080987
6.499751273090879 1.0057662060717782
85.25156249930386 46.18794792908747
56.613094459340275 20.977463339287034
35.24972933066838 25.10404497705292
50.109387998622886 57.77153426815779
71.73764518301853 8.796159769753345
17.782559980883796 10.23786175777366
5.727297681350008 0.9665555006280184
13.2184081667254 2.841394612937056
45.43336774555968 70.07735930815433
0.44489640425644367 1.511139336750249
14.016868203746839 1.221160725293929
42.51638290856684 18.456266899648362
7.388481063460975 1.9862893368794634
54.69666997508518 10.992822519989325
75.93043070703278 24.33691928257204
2.111903761452441 2.009150708712409
54.86852650626802 155.5846771725505
55.83574379481641 21.669623771596214
31.39756090548399 80.11875102352408
75.1120577307228 38.05230646676079
13.452021200080992 3.241440670443229
69.20161157042808 146.73795016700856
57.201011789609865 9.78733793899066
70.15010593459051 17.51436765685602
16.874489383257025 34.524711264563415
86.58499969958476 12.56342609133837
73.65642293325472 14.583924348911221
50.062043159283164 10.634568439875729
63.014335837210766 12.351361008569262
25.740630105018052 11.463131095073354
42.60573070547665 5.295964823329771
11.044989616027799 2.3470238434335338
31.065122858709202 71.02119288571582
61.4709777490986 14.816916633527093
60.45674450194704 13.00677962018746
63.80455017472495 6.085142570582491
88.6366110002122 8.641133960291766
76.68664552752652 22.6364787036416
30.411691074415938 43.460166082080214
85.20237270652295 20.063816848158872
27.024608574974252 62.476702070592204
52.877669141585315 19.490541845865344
17.56606584905515 65.01347193393445
22.731264668573488 58.44613367148295
35.033214039320086 54.43325705736135
89.23981058965671 64.48079679877046
5.456920815361307 0.6843431799527793
55.80130411032569 116.88400316780552
2.7176567183241773 2.1262079374848986
3.841252264076531 9.31538650773388
81.04642693880542 59.519358974659866
5.965376133383612 5.952636296994885
1.8392615877573775 1.3217437370954077
42.01318976868584 18.72721982353434
14.882350587898035 27.415118629549642
72.77304734992438 52.29585288329709
32.785342834211036 47.273141892382945
57.606647790136705 92.49125111571676
70.25355789864244 163.83013158967267
30.94970465833456 51.24791220505081
57.01260955302134 14.112646906599766
7.418777150960702 32.432020731131196
42.11680499138748 56.084417821777414
79.0879572560471 47.59758799277785
80.94935417258282 23.236098603276183
87.00663059332825 19.573402077190348
71.55591123790019 19.504482564965663
55.10652114196458 44.26011748477384
78.9511867051093 31.3202923982273
84.99624180845186 23.98376496692206
65.60392311349379 55.69691802302891
77.02936171440217 45.344002022541964
7.643890231175707 6.504869206464839
63.16492423332672 54.01001009766939
0.8098956239727961 0.5519623660589503
9.713511399109372 0.2846458515713335
68.69879195024164 81.15869115456454
59.1635775108405 44.45235027725214
22.258505439567728 23.223826910547256
1.5212984202600652 0.2620185159334138
3.6329202634330033 1.1638911903076286
87.95165283735763 166.43231215035365
9.529252385121028 1.4904490591224107
40.099103415633 10.517028585604839
32.71832275912967 26.75684092703879
23.83523533106592 71.87780596152028
31.857791733983284 21.376386764733574
5.463205490711399 1.3308759775858972
81.57998119183135 83.15454776898162
10.110690445441628 3.0364155651030043
26.0654507581439 37.78885103659018
13.494806867948656 6.07216556902241
7.798801321952519 1.9763718523160267
8.46838386097877 2.6750401952239056
65.03983977361237 2.0335586028204062
51.804655554107725 63.39888046531997
3.6308927902000097 1.553213247529934
1.5085294781258503 0.4940289238977588
21.827143623891672 1.3002528440465442
18.870773975468083 14.913593271349802
22.873033920859996 6.322479314699767
24.2402446048323 13.575779265661202
4.36039893239575 0.8675970742100507
27.847139730747514 2.948969257983716
11.60747173723322 1.349503138451157
48.29124618432271 119.05552768476892
8.974256798386168 1.275572468856622
1.885273817051284 0.8178310539684052
57.43683051823813 47.721410045243715
31.23135259903549 85.65305203081459
82.17189510767318 144.78511671853101
71.56081560525666 111.93530721643712
34.25229389083694 40.771329723859154
11.591491559082781 5.107480640669094
88.64208814926957 48.16677413464618
83.60508872968548 21.622906174892094
72.14000222700933 18.668437444979993
58.63129656221416 58.22395690037171
43.361963119032694 21.054606384911924
1.6059547402274696 1.1736286939796428
5.7375210630074 15.493346048181952
20.217087940558685 86.44460465372556
19.84127125036928 73.51429738570987
54.270564880576 2.5616281639915237
70.160180248923 13.927641966527624
34.62010385659811 13.106245846024382
66.83927986033233 123.484504250894
66.36165257417059 133.19509401951564
77.35937055779449 16.87792161990749
48.3008532525076 84.70123148652006
53.98803989639515 91.7552995490748
50.73155980189645 75.4217488835924
49.46856835951128 63.68126761536116
12.88588261278033 2.006801387590866
27.26594106875345 14.914271766892561
25.212713094741737 1.2520414042867782
56.162370408647064 24.72393087180491
78.74322260558208 31.07316068103893
23.61851764000318 9.805951152428424
2.3241771883750033 0.8490139132878401
14.937673026310543 3.5573655236573187
25.92533689977617 4.865949371197822
41.993046860477186 7.065907147544758
57.00754848307476 21.751435826984697
7.440072657961678 1.9199723829524125
43.29860167837132 31.96896885420428
50.645419638746134 65.91268468333597
3.090165827463378 2.8048395599444578
16.475175443191375 115.71171182366865
55.995062970318116 85.47771998658547
88.9087595118212 165.19390050571803
36.59123281577793 7.385054373831927
71.36863700541842 177.53311467707005
8.059201430954088 6.867634250048529
2.9880597702562697 2.9171834328854067
0.48773690422494553 12.1527874921865
5.9828735530178045 0.7659240865233538
2.509810562013977 0.6776451738395365
3.0993245429035143 1.7609181818163306
9.040283381169067 6.87212829826595
0.4993909937517771 0.13605478070898797
12.7017795626913 3.405614317229397
31.00728514430573 6.031806680324377
52.197419343938066 14.614056097360935
7.249457096149862 1.4701696325721283
61.06121887387945 88.74393817319897
82.98190920008605 157.9606443392317
37.32664212523076 89.25296489815962
71.11702441814482 170.38771460469667
47.824599903831285 36.507735185819556
56.706096870152635 39.04920574000031
54.66103826472682 31.800688127734077
76.13318942229967 162.47295374307444
25.16595531760418 1.549561348247267
59.6249478429518 169.63822605216615
23.824961220636624 96.99278823204865
56.016992148259746 101.82496373406182
19.82541563110308 34.65359157178334
8.916763897191256 0.6960083431385626
57.280111170623044 5.851962230091346
2.123651881473963 1.303539040223956
25.14430960709379 6.67849642612465
2.506499157705535 2.758368503488827
3.6135795353776823 1.4062318002951621
54.95392585531583 100.56082598686055
89.54441321994284 57.90996237567577
27.078621039221016 1.214449970210847
4.501960069266372 1.126893441729524
60.57401083212218 99.85553906522996
40.721572683296486 51.19708212452692
2.047611684736343 1.2270974082244677
0.26913596800796796 0.9409811200710603
1.8163389140556048 0.5571526699513047
2.0207420549434856 0.7749048828659337
18.429741945471335 65.4998137173102
0.5725537464058993 0.7492955854982939
8.051043606702883 1.3947227540095033
6.4723086712058455 5.54353086556995
63.986402181729886 166.32498724832564
22.5658573303536 45.15407075731415
53.69841188753978 33.94587845627544
4.463024327634249 2.5685693066165505
57.15494337636912 72.24278941772911
33.30515013122522 104.65399271394955
67.7486200189558 47.882663343435446
41.05783772637341 165.7634650175428
61.91926455660351 90.24917729292423
71.59271159951336 64.81070086892744
25.828770842433297 4.148200096613087
52.19977786213577 53.15272536960179
12.470598632681543 93.1667366643205
13.348697457280135 27.51903860856424
34.69357204959343 137.82466112311064
66.45491115485123 148.09894293805806
80.52225553163625 24.988145657796135
77.3460561436211 83.81076482067752
1.952726929305516 0.6417781113430215
45.62925940486829 108.06343534975784
3.057502971430898 0.6318020848255241
57.96627812475066 72.55536523033147
41.44583575821064 68.5792356667845
62.23539540358101 82.90248442066813
9.84988862081566 1.1761800184470557
71.27550780681594 75.89651627580854
20.185999226856662 5.147351386441252
54.060915097770994 51.40469629548524
82.18785530434594 28.554094673283103
69.23490366124035 62.982202669554255
50.660539328566124 46.30429611211077
59.485830315830896 61.733345476997016
61.08447348267635 49.010923533803656
56.38746627211499 2.154821210204917
20.064650565169224 29.8307740544856
51.276610414189975 16.31047665376561
20.296107297793156 13.913141355630055
58.60463420800525 128.48184108969187
9.426434535825102 4.47837380174596
43.99199110491972 94.40550225340847
44.88579845272332 15.639204849713149
5.260558178471872 67.48703909471513
30.9303013289776 11.103752111315067
13.543830876947817 4.08437654411522
9.810956385238196 0.9563665371771115
2.2232335658696414 3.1187239186389557
36.4497493872769 40.25230007600664
0.8873121163832872 0.6722825767440003
1.2903660749062305 1.486813831107482
5.6218000977271645 1.1884156587333152
49.69847135071947 115.77315447051744
29.460757158432905 0.6208418183119271
10.485933506055005 66.80469463138965
36.356051470305864 69.28854544492481
81.83154771644881 92.75665623751492
20.83217488316952 6.776602420292601
48.32314635483665 51.13060058756255
47.12864829134571 113.06386955551851
1.726032752535764 1.0109694258968833
8.121991790374297 5.956257680221899
5.692697926673023 3.9494798124051353
4.6179483553947565 1.6144773195540212
70.70957273636549 49.686113465197074
55.18621594108944 30.659098548360557
16.818294521003235 3.117036895639221
75.68454975949955 31.836099004799806
52.231148103901745 39.24766837301991
3.475293769277902 0.6037220717127593
84.39553505556603 121.78261975093143
86.61092757268575 42.7127460375309
8.980176325918416 7.050882046021796
34.73912810981159 17.986676180078643
80.48210858399517 125.38854130201251
15.57223287417216 21.98496448909626
67.24427335278497 53.78909901056124
35.54533710760978 122.14075004797031
73.03861810405205 81.5961013865354
50.721583501137474 56.28444392888277
51.65233959357201 153.10507306155213
43.94128045739832 85.22328228305672
66.22211453412926 69.06862256696833
48.238443302323475 51.898647877471184
78.97267289946738 44.41209774249391
41.01576791271165 62.071587837448774
29.821942870962015 0.46512301759249736
50.12602272351586 31.445932658286907
22.177084647555716 38.18480620361223
32.10486212298946 95.83505538551017
45.323930280537944 16.90710628554887
50.559633692718364 11.497168075425643
36.56136135828086 142.7069326216152
58.947011800459094 54.483533868626836
82.17996618111881 22.326035262087128
23.298320768025064 5.844472496047201
27.89047437269869 29.323850600903718
33.67613969706469 54.8603145555462
62.31787615805253 13.668882116979683
12.089319717369612 1.1172462239853134
12.9415335977479 0.5994667308736177
67.54435726536555 152.44105609487096
68.16449782892636 135.271628543511
28.438475437077376 10.221515307195466
55.983350473325174 44.9095906161224
77.26293637285532 11.567444378218463
47.70656765825918 57.92817120670624
5.437128728976532 2.879307710524317
10.810805338613307 15.995889868815317
1.837990860687192 3.174971988738188
3.041581817929371 0.9967518176451486
11.668309945816418 1.93149451767579
18.712630434100053 5.588368658533737
32.45009946953513 120.75254001874958
15.623690268039127 35.72231056788035
67.74656652590001 100.23216560467672
5.913225623087642 1.6968744654802719
1.9118280691031901 0.6495145878096348
59.146096919921874 46.02207949014127
73.4069253386226 44.30889502134175
8.48685752352646 5.6858642702030995
53.64769322446906 28.080427936943778
55.93078471461533 17.655407634989306
20.27598479865826 0.9205900470464203
21.301360335589674 4.904650271633737
4.312984857161852 2.154020477591803
23.273458912568746 2.831002606429394
87.11999137747333 70.67329825142393
25.78677321588367 4.358436659264256
83.48446348265628 32.24412999305568
46.243210327587384 21.698943139185417
0.6822482688410368 0.4765054408345675
6.30948273432602 2.159410485345506
85.35122798175767 5.079820418034496
30.301145693311167 84.98217163029655
10.06668930789439 9.098735003492306
4.734433123492987 4.513897261186958
1.1620927340074372 2.2571804999007403
3.166714313252863 1.9266304623610924
15.773928579257026 9.28033292638136
54.229530964051605 40.039085873077504
87.39206282004069 178.6932401101186
35.83472135294113 72.61541254361752
51.93698826967619 1.9328132634361554
13.396114141339718 26.563182562163362
74.5007859998531 72.45061580751043
8.862432819855872 3.359750227494769
5.878555599858867 1.522867419195024
5.824237098103976 1.1753083166489275
1.6646590972012487 1.1972373855334804
3.726746446814246 0.6282119457555032
45.50637434694777 10.066092935648719
58.324766077164895 84.87781996211349
2.7522337312597287 1.5123164976419854
53.704149553154835 36.69342401579579
64.66668106535793 24.110589619416434
1.4115301689907707 0.9693655954719343
6.404139563323465 0.3968663010820826
88.654618372626 25.438802811316126
82.10601758098768 45.34352319312059
0.5153821538005291 0.5891236681639765
35.84509485971111 67.84777228411345
0.7095202664972088 0.2224115210775363
47.0409758770303 33.58329926478004
3.6748318082985536 0.9168404986214973
4.066739508599608 1.770309715654008
60.18751521258862 16.544392038683736
2.530395380673134 4.999946667357736
38.96574481937711 26.78014527907005
3.579361429577825 0.8911956398811385
0.7475028111139848 1.4199130679030112
3.141605180672911 2.7861764830444122
2.3719241506958766 1.2916012182671637
4.163547736630215 0.7118828206643227
18.908960702243185 22.904892671668424
28.45637474201089 2.7480632160176164
4.290637998907077 1.5556196542711072
42.874606973926745 23.137101922051862
52.89637304522208 6.8004274624722365
0.9247041991732107 0.722673204713536
1.1450180509526444 0.49151589760224335
1.3516645897922765 0.5819960586757561
14.332451269602245 7.382432782579954
7.488827017389972 5.6612947460269485
1.7459776704451222 1.7856980611629605
11.65022682302158 8.749721498016033
88.54698388526302 69.15833305887045
3.874786229052198 5.685888584646712
7.626388580449734 3.1927181055267675
6.84762582297975 0.5350347481263981
0.3511448516322699 0.46218133282209833
4.18607656507674 0.7847188512456011
1.8345495352436376 0.8307991721465259
14.318445515158796 30.87305592525543
14.346441041676853 6.8295897590921255
3.2054295903736563 0.20887106243278347
3.0972300091149045 0.9668395413052656
24.650899499453335 3.2602418799181914
33.3781013454364 50.97385168549626
10.023868165802917 4.380747903749908
56.98593572965741 65.78338085602117
31.91000308201714 96.74346614973153
75.67682610397478 43.328027632322545
10.31505325518498 5.129814384519596
35.54664238705623 2.4277771343922026
6.0796923087175605 1.312298653850869
9.846711159091612 0.8096104544380606
23.009267440057982 42.23315733176262
84.07986353282213 104.73719419588713
13.092411963234946 170.44295408663993
14.283567482640692 2.3987125692944797
26.507943939785605 24.816439132983753
67.50495480954403 41.519191221616595
2.514968968152226 5.266068586513362
1.1675956266168932 4.359306878218319
15.591779296947955 50.114314988282295
2.311005084969229 4.193887886689539
49.12900462577318 113.13217832139563
1.0025311740412461 0.08429719320694253
75.04835718621496 19.43708218831004
80.96582288570059 6.750151319723175
5.154724099341882 2.8001990592248323
1.6704886902189116 1.0721710764164898
83.06302677586012 170.23199301102375
20.835952524430084 1.4667828976255262
21.346078200739232 12.576493832245173
57.94457707658043 27.680970829913882
0.16390498865779904 0.11766061213675107
70.71567447349517 35.851904108376694
73.84049621208698 47.63650638994873
59.57325388322549 75.23888263060454
80.79648460663734 7.927762377732261
64.47481981771283 130.0866268206381
3.3052277752934587 1.0461782015150174
48.29787588507128 52.544415310534156
63.60208547732718 24.815416231393677
32.9941075067004 30.159401746244114
70.90409383075041 27.46806359212527
22.36691465437456 12.626071810111409
6.931468053413643 1.0720480980968274
3.5479377643074828 2.0394743026241815
50.124934235117124 54.5820031981142
3.544732937425079 1.6439643007612461
76.79810126069091 62.767395498766916
1.5245952893819035 0.4855178947233605
1.680261207399144 0.337044994353183
7.373212769606892 8.284875888280252
5.125171601852659 2.125562084464471
0.567796530713365 2.0429289624536944
4.942992391781699 0.6452251519832982
15.923189579567637 15.007937391423075
13.886665350697422 4.460485525453557
4.6077530688743265 2.160379048564678
4.246585158757663 1.2771352361204475
9.083476001643314 4.9839202363984425
2.850874182519887 0.8156342084462948
4.148681865313077 1.1176577953486564
64.53775237413458 13.792839715629379
4.153873424895089 1.7190012652888411
34.28016783612865 15.359886227762447
12.777004969843135 3.204262950726038
7.788056511973629 0.6370156604088316
4.849686760827834 1.2637066635006795
22.74257447180014 14.881155117349993
29.18567610232202 63.29577171381829
11.78030273714338 1.674251386853078
74.38166335820819 43.87304859230398
88.87925948942143 83.17371096202427
3.1136343202559393 0.815031807488259
55.37432114307324 24.21196424746915
89.54518761974533 74.71908912708906
73.36374624529792 51.740104478916116
40.19739295329512 151.45453045209516
63.775444298224635 32.22995134770429
72.93186702824636 21.350024677969046
88.19859940068268 17.906813193973978
47.666943118668996 12.227199471134634
4.348993192408601 4.212210771548885
10.066998788050755 13.90308056866075
65.04173977648934 26.41138597711175
25.51620034617735 118.98244310191728
83.10942665759099 21.299938151477
3.0146343688762927 1.2642528899268515
17.18536612498397 0.5065447615000255
80.09259165030726 26.21358380510139
89.5916873636628 62.061977519559036
35.469686085795104 160.54114694338028
49.36991080632592 72.53134887596073
15.914675288382568 21.330613401737168
79.47499366029975 57.685705119935676
9.8853629124282 1.1543315016346862
34.86239140642331 48.94266909950457
3.2358917628866726 1.5342547038632226
19.40154790961009 21.356852525952238
19.593386230564995 79.6672393420478
0.9462690689930879 1.620118237482073
1.6597120172467528 0.5188053654305643
3.744929041449906 3.748196409494517
1.0512321804827451 0.39096612532095265
83.4837496877195 27.446599733605495
66.28511120229345 61.275759448239725
47.573556932229096 7.67537760265023
69.05817062844102 18.29944090399818
53.04447609548518 71.23642252549968
13.491926511409062 1.0415853325522924
39.10115742836683 45.67146149311377
18.004876125019695 28.459684775051972
65.01681013645944 9.399168367162309
72.86183166738357 68.12111212037037
16.649701452226136 3.7308210724142885
65.7155965258086 43.85000229769182
20.691739159836086 6.110036679455913
16.79327348717309 72.5404049500735
25.23936727145243 4.282311334046732
15.867454073781616 8.991206954132705
78.16852702066564 46.458361906311254
31.795991227240393 39.945890204841135
83.1203728789623 17.00693793177152
73.49453413049507 54.11521950783432
87.45457004807199 73.73197996736975
0.808555183300746 1.6927461408359978
70.45660256572833 13.39400116969558
9.941726628412198 59.666347720187375
39.707352156631146 90.76314620019888
6.7471973656846185 1.9958295235212127
47.66760896745407 28.536099793459766
75.06275462114104 48.653950299259044
1.4619097489257726 0.9934909329883428
12.389814870486754 5.77269697540455
71.94540678570567 177.73146576347608
20.189975728290847 53.93201803589834
63.97754754860492 129.6834538553557
80.22767171171752 69.45290939864785
81.28671574445147 42.07200202031809
4.3818447500188045 3.9967297729411113
80.32160974433285 3.1542203080944726
61.464523936412185 24.776961516956316
84.60664694659368 22.15592849722569
38.61510228487386 10.506513254981478
55.977804346622364 44.294778376631314
35.11496422335949 80.77696587941233
82.51477497922946 51.29394245250287
48.374137812983136 34.80476329857784
36.478843757541235 1.304859112737159
78.48757080892933 77.60492646920578
17.99083014135934 72.11752981339541
62.55767476336632 3.137043423865066
35.44045602164887 25.59256688564065
15.24232015750243 10.804551093500459
8.849718383619905 3.08340637438262
27.812635189781275 45.16362229626971
56.596664658538785 45.44141512223368
80.4143160812962 12.420000114257734
1.290032927453536 0.46728906607265097
71.05536389572224 9.973486741080325
80.81956690439712 4.156016671021666
6.972451790610158 1.2313445736253705
81.17548461141676 57.69614583489086
10.074313956223703 1.3597783972895852
8.2702770524244 0.6430881425295615
36.550441593858544 6.27520581103271
14.627640772748942 10.911310758488192
14.373392390913079 24.22072500452063
19.515774552069605 39.63291514030887
6.863428483454209 2.9288719152295406
70.55316560219623 31.654054500307883
4.683611078574743 2.777259153735523
3.207424994829871 1.2656030635125892
34.79541777161443 46.71647809711104
66.41542011238653 51.23869674426638
10.49550290532655 4.866177005605476
53.330224383187485 25.63926782260443
5.085409106883975 0.7228682980930324
1.9388467589153007 0.4744868326835697
16.059971155011283 6.808992501808543
24.47674966485829 36.804016089846456
3.5823204020738975 1.562952152928354
55.3927016777398 101.98469206341305
61.81099000555986 3.0099593448867985
70.12887445124512 159.5256816705329
57.540916232375764 51.19859982844656
29.131146390901115 6.266126641261935
1.0088414561756898 0.6466734874497231
60.0675577173771 4.974415331528847
31.5208896491909 5.753906146993082
4.523083384657414 1.5694335852116383
32.081704124528585 20.25775625237916
54.66129279155332 121.0739830242933
26.307879942534942 3.9086416115293248
37.83787114178702 19.869245739349786
75.00625719162933 34.389903891381984
85.8506666189518 5.577189202539705
68.72771391486019 9.815845529898803
1.8531792358515846 0.3814295474248936
7.815530382506498 2.1790396531541893
3.515371721218696 7.042258761537234
81.61213092710025 68.08050357778794
28.54872478766086 9.756755221016126
25.481563380569746 72.57655891821285
35.01054506474452 50.868002288482856
47.36424207980921 17.88106460887554
21.675169650203458 44.72042954545027
66.74902812935234 38.83445429753191
17.329556060143517 8.479117315639671
0.8629975482139031 1.4907025861676872
30.079933150975766 2.570836230733873
1.938785938894437 0.8734487925724946
3.1444879293546553 1.1818589886327109
41.82129623862383 58.013526060162306
51.12675506260288 56.69686048115693
7.041830376238981 1.9778107545356118
7.285442668423542 51.21287184308509
1.8869814532434361 55.442140046435284
7.792132077306803 42.815281388933116
18.639895525172932 55.182153588106836
72.80202304676854 20.337239370275473
54.17786531064938 48.61484467232234
10.826224236017424 35.34504166305959
7.076871626780367 1.4471307808064393
62.001086263866696 32.683173418962774
1.7421320713638295 0.24430107571051474
89.01771364654161 32.96672779598228
1.4698258900518164 1.7611228800218
4.686869652747959 0.9448085719160684
72.33761323231168 24.063416455936288
74.85952805741557 16.445542660752594
59.374797380036696 54.722524215737465
12.614005779783312 1.0903380232684614
7.457564689578581 2.510030156476053
74.05173747678943 22.838994234778053
69.55434074649388 26.81384482337859
1.379606161061994 1.870497572805543
28.114208312644962 7.358763964889343
14.278020406706394 0.362142518045445
3.7981381591709993 0.90667707471519
1.7605897600945883 0.5115657138519583
42.68613814137464 28.304307494355058
59.86133956769083 6.556111960647538
85.21478530956696 20.075219942980134
31.398289218950875 51.90687591542905
64.39348809067799 14.861920988027515
61.14342504430407 12.952940672829381
15.270429680388963 3.6142877938692934
83.37035828273426 48.52441023664636
45.58333715318213 19.181152817303747
78.66633268939499 25.339681316088672
73.63272905656785 173.75455890333492
15.35628994255623 34.11418309389638
38.21622007923065 8.214591033274582
83.86768121738365 4.561513251539971
2.8015957311395647 1.2953376082589634
6.117607611051887 2.714333840688587
13.996175295985333 1.3556075383425525
11.608644464825156 2.6792706653007694
10.22663344979362 3.0852105613251526
9.755261371641474 5.00117361988483
30.31846184785163 10.509776361955883
61.075342342357956 30.981307448851865
63.38278860818414 35.156820680984445
84.61409499592314 60.673169679750124
14.43060018875599 12.146686686995293
3.959602853521123 1.7961931037266805
0.554244231016791 3.8683624235526572
74.06668342829992 27.98197854801082
3.418360874423114 1.0590894854626147
7.653081495741488 3.0249059377680587
35.47689369632638 24.01601914953614
1.6108474064187144 1.194249557212495
72.4322889892363 118.71380153543224
8.702668075449704 4.290817304400779
87.11435472204477 25.03947009688033
53.85701286891242 47.41559323999304
59.421092494996174 59.39745218990505
88.4943006225326 92.88611597662135
72.62876548315347 86.29372793890629
72.84321553239725 42.03548883567551
8.690499213055276 1.1337530979514332
45.36308192078957 30.179340780986365
29.305288246294992 81.99288258595848
1.473823896413744 2.056303635728124
5.498452747433114 2.0538932420287055
22.029832503260174 4.6370867321295215
6.088614008020195 0.9233527145023012
7.671007135465954 0.7463239124071344
3.923643166060151 1.5225011195778986
3.745618534833983 0.394687549975225
22.192449827092457 1.969773855329803
86.70571395053854 6.189277819181937
82.29461236995073 2.501644834178065
10.345471270485934 6.446022753453679
21.048280890555684 9.481593011605131
29.27647283998064 6.665530333092608
67.12284031791266 13.216418271256947
52.288191776233504 85.2407926344599
19.321212559141 3.109634093506585
6.046996244379225 1.6223016323581259
12.613662405612283 7.951754550903086
8.504082454045617 1.9669531647181908
15.97544720829771 3.085829148926743
4.674517077291942 1.3517098736256252
11.456446126526998 50.001852562615035
2.0572479968116397 57.91684419925394
4.447473575596263 65.23177373568319
29.59542158350564 58.5430937073701
32.480579968104976 2.984546333582017
87.37446319527334 56.957823807895146
51.920133915157095 19.069120897810663
42.140889213867894 7.197299165336989
3.619367818972608 8.80091872634529
7.998104241996113 1.2092116572122045
5.727847217095374 2.1252732028685046
28.110132120940957 9.604400552303964
75.39500825752724 7.053479346100647
3.312013244293997 0.7675338168334411
4.4091810716395905 2.9376396577628316
6.578566156333857 2.511847005565072
63.094814917546145 25.841336653155622
5.562405338579095 5.5262808578370795
11.564603789061469 0.7723524098761836
70.70926040852673 86.50879802613696
56.77553334795752 84.30545382123223
7.4252571113769745 1.343824406591763
33.72143686024475 64.24917443765354
4.1140930733741925 0.9798823662723061
30.789639459165098 3.735242870751569
27.84931713703299 0.8178746566740582
0.8623641704593136 0.9289356292198058
5.917996945918073 3.4820184481417886
1.4199200792899345 2.218298033416446
7.671900180079544 1.3977850542920702
11.56106183565966 31.62641624018708
1.7417471062241845 1.1425992833919216
37.650949592488125 16.131270012927423
3.5677692789201205 0.6558194473958033
17.75920268012911 18.544659188164164
2.230969882950027 2.323601142750044
0.31911264209841017 1.8942989919997133
76.08147268143279 56.519420738447906
1.6736816054044958 1.0331044737628146
53.20329080179489 10.842675634415578
3.36218474916103 1.323158297565964
5.396529464107179 2.9953865840159453
7.221416735595319 3.6179744312531206
6.241035699883454 2.7034172742220104
6.0028895591768014 37.580054981386326
45.199333797661694 106.52531293054969
2.7793897650693062 1.150080123648926
5.895210241297676 7.453601911655206
4.518131383621947 21.97630047553477
36.137094241292665 105.50456588595169
57.29668828539628 9.070916495755068
12.372582617549227 30.58344146318152
0.8954232621834353 1.5887773762021442
7.7786748521952545 2.1246148615327454
77.29265828019385 94.85594689898342
8.9813383049946 2.017280824464546
4.659242308396605 3.847094737160813
3.7410012438385047 2.9080270096261387
51.41102481729021 64.4167624726497
1.9163970038670342 2.9180530013114656
55.867609815417346 5.775199214067409
2.394867293146395 2.752434251254753
2.6302267524861125 3.4653624453445167
11.837620817494013 59.674885907004814
3.101215865945134 3.987423452183845
73.37547999645011 21.331595511915634
83.42276940128517 58.57298584964774
7.0661120947768135 8.550848229377008
40.12380588462267 69.31965910069258
67.40927590034117 31.875704126728042
59.65936089849376 37.18837429959452
50.84649096993087 34.721944166773824
21.937137058402158 56.54655405289421
42.090573642742704 61.21646293504121
4.231383666474865 0.6861967626941454
57.64870812287673 26.50518263228737
20.521235950616344 4.626574891473184
50.57735440756909 9.883571577024604
53.69086485096026 18.06300737264078
7.769529024051245 1.4696082698886024
59.867791650854535 4.9658081864255275
11.894270288871716 1.3620106999110588
64.36086353277119 2.2485427037367636
13.361908931655611 1.5076359076733088
2.968582919779711 0.9519436333566554
5.144123387302283 1.2640795664662063
6.71296300780928 0.6742842091305371
3.6217110095728096 4.848955798959425
59.019095009216386 95.00514514860895
55.585553546526896 66.6776929365442
1.138328183172639 0.8346080481217045
8.15366368053754 6.072507771797798
51.967922353348825 87.98981149487591
34.37409829525795 38.90195598149748
2.692814497625556 0.36141611703582
10.783931905557102 10.268666777289319
51.32781476910202 55.82618963846921
80.44197469088877 8.633348619923702
1.909278679655298 0.3594473478198301
8.324326266111354 2.064605982492594
69.93215965750062 27.5506662578443
79.48882184707871 32.211014905464516
41.07927249972029 37.75238530422212
4.743552192703293 8.71520946982905
14.212477949168635 3.6132286925386903
1.5855959353362157 1.740418569180075
3.154498447429413 25.334407602192876
1.7831200027881662 0.40878750618754334
60.87663640772208 34.00088606605876
33.257676413396304 35.478979571192994
59.601526441966655 25.089245192692175
43.95221483581744 61.052804115505786
57.09827444600922 52.108297448350704
71.60477874211765 25.951865700418022
71.65071663317141 49.02945573172736
57.42671400074808 35.69626086818889
2.549474639098559 4.611946257481978
55.19901696329762 122.68887735952946
1.0174604138510517 3.0326070536543206
1.1395125799780657 0.5409241812142608
22.40936153687139 2.349046832930869
7.792234083891113 1.0392063120753479
6.859606308865927 2.7133884526778136
31.049146184493992 80.05208996835681
82.50115939128798 91.59155417243922
14.957949153033155 151.12555742491253
1.97361014301281 0.4435255165479539
25.689952816845643 2.159894652879214
37.327910935184015 14.587814492431303
21.42008888189591 0.9909680663715897
41.86230606473516 13.372742425674344
84.26026009566905 31.955236553167026
24.575851082775348 8.92847416748366
77.06804082060134 7.463166998721054
74.82565192522597 13.987793151520222
2.9202409278207524 0.6650966420306272
28.462740447164503 59.95088653723518
23.906128600136615 18.875406047855243
62.17271274834367 23.836059722587947
0.703851434890571 0.3882661282962664
14.119994472028395 46.10519870539589
17.706021971787 7.356410563263728
15.575731624989514 29.76302382656562
13.19865221014312 22.46489069660661
7.520872398288538 2.879720741293178
6.228188960073508 1.9591911413253558
8.63966253542222 1.661668840667097
3.9045589959051292 0.7500282371354231
2.4597659763177546 0.7859532781481148
4.753954757213296 3.2904259893750805
2.9686868869907577 0.4598382558102937
9.226801262064042 4.978068854291399
73.9547238284682 59.39122579759059
1.3564523779085955 3.992462998561364
0.5204251615150978 2.9159818854494772
2.746117928557116 2.565805199749706
0.4326086871961581 1.2421004892222642
1.7964252235622074 1.3457514517143456
2.007894244529953 0.5240146304703128
16.53405336545554 2.4718725053052384
17.88786753804753 1.4482927191127197
66.32351051630478 3.6836249608930935
32.2017864928492 3.3090812041533493
9.862739612442047 4.260557573411958
3.367870055504813 1.8552377386596568
2.779821709389288 2.41617838793347
9.207459563149369 1.251485127313211
9.106407210498615 1.936656859271071
5.270016046111284 1.0152289084854773
11.64930670007291 9.657321410335417
14.907503200410227 7.11891473166311
6.288572155357836 2.2970658752761275
67.34853267711843 13.542295178244478
60.99724936707027 5.393857404562257
24.60051599530553 94.65865387516841
39.58093013612901 86.80987105293097
50.728522207347986 21.01453332902971
7.951753560566129 0.5958976501129967
5.805531712837279 1.5626920049964828
7.661780381786822 2.079415818281727
57.10368004303033 86.90473705497418
66.19393300798372 13.863125192165896
66.95540201283684 14.81818609289169
68.98927632562996 142.94356108909835
57.9125783135395 18.374931575710647
32.03735326483374 64.30127386906781
42.956292287901704 29.491744334592507
20.62830942364195 21.322870673435247
41.06004018384155 28.70311715537563
71.66214365669123 31.6161332011917
47.006456394413505 12.74008393342091
11.981007847262626 0.6758161382329803
12.988262957867018 3.463393592411571
5.573358315110005 1.3184503018042895
5.333389722321574 0.8891922972750483
11.194460836202238 1.0623075658924286
63.7250877865375 31.352831962579057
40.83437822135022 20.551436250472317
35.79410137775616 29.75057696898004
38.70784429602012 30.413321922551965
5.76580572796186 2.4037662073779917
7.951240886462657 1.3591285142086467
61.59591085474591 19.802504385092295
69.85187096089518 6.5987760657994246
0.9235125915110347 1.3576738304613942
5.5087049781148885 2.8276932011919023
65.91382619893676 16.363545435823195
11.721002905986666 1.1027001332602246
4.014818061606521 3.031000750841631
5.253137371897759 3.688958509665721
4.873544039187463 1.4753107668131888
13.308675716059488 0.36045617666381746
1.786391118138541 0.8799240540182519
3.993607187023978 0.3274766010711489
56.374840969345954 48.10988445389009
11.112359661110952 1.8809039391534375
1.686829009533519 2.6342862177465594
15.381724408529683 4.7106869775052385
3.8476908806583436 1.594626037545568
1.0442668128600876 0.522951832736407
53.340658808155894 4.298184214172083
84.82874008589836 113.78635916934824
79.25162214736586 80.47098528270861
2.8103304627775465 5.488545425528217
6.935646502366609 0.6980925000506103
17.465981288121608 8.77453508732203
11.527859785473929 25.83537441663198
6.154751220115391 15.752659972121554
3.8988184045916774 2.055950281912027
9.252458893854927 12.037649484111922
63.01647669034635 41.28937548355748
11.107951735778402 0.5476664054725803
27.650899323827904 50.08705197326771
7.068144199473248 0.7844257816080643
1.9883161505848772 0.7398079272650733
3.8112424798786093 1.4466846475607271
50.49518002322807 98.17045385937391
82.91947636087677 165.0340651710494
42.53976546470426 123.44815541423826
89.03692145846475 100.78675275583845
64.91039773935499 66.08646376289212
5.925682141434642 2.1871012461743913
34.89123489564749 27.893886990456554
44.66740326753239 114.05159818768962
3.105463330690396 0.9492822404013503
4.264793576244082 2.1418890764248615
3.8217189000029683 44.31787158003841
26.87056304506598 72.03314006862036
52.04155529425284 126.88567567632985
34.10361585499433 2.6525325477471924
73.53417456627517 87.75915775692947
8.320340517845734 3.20433371768915
72.75694729928577 21.56356134632173
86.42512571859847 21.85681675462112
13.157574483467428 24.273674954552032
18.20994145268767 41.20350913146455
40.463810575796515 50.51302485439093
13.534767358536673 28.64074461570811
62.03216851983302 61.495959062542774
32.90144183949056 47.21087028838877
24.763118418681834 33.5987559253653
4.348207459779502 0.4780378822764507
38.340361026214936 83.49016276583399
2.0897313207615045 0.5851039776693807
12.20751172777274 0.9532226959624088
56.80468888843285 77.23029201675857
38.032159560096524 1.5219138597585713
56.8570318256386 18.918877624426592
85.58650479847277 16.211793659482293
67.42023695819208 77.37637531585806
37.7272124877841 52.87037896030603
58.2193680013206 37.337982744592004
78.70024765449314 42.600099879656334
75.8258426571184 3.308179786585354
0.38309184007405794 0.7454029802462409
79.95819062902407 32.89696571078897
2.6059267865001194 0.8923932294424797
1.7439310719625167 0.6226040609766059
7.402867553936582 0.5689414125189931
47.489539543193814 25.322925490844348
10.505541852321532 3.673344943190954
1.4997834836160424 1.7326762427753921
6.326668292773037 12.86385408412813
8.795891583561673 3.405682662819604
7.561684295933712 1.013494200530014
6.399535308514253 4.7965864796012205
19.329597293506225 6.262878594894962
3.3103365743001385 3.7610961250821493
23.355000775639198 1.5423198427344373
0.83563677688243 1.1024985912056708
7.260208459771238 12.713434728079704
6.178709389649868 1.9899980646441437
1.2475176085063218 1.298372290599015
6.36992822486995 0.846272714520565
3.615566715683385 0.8611963828973652
78.27259340554451 71.36120577948353
6.933261491746406 0.8767391510758585
4.931305724178379 1.387499318716544
1.5265796042661437 0.254979385319302
4.1293102705395555 0.7544851012582141
5.142655553699065 1.304663113541671
4.106542327264867 0.6006582025566986
15.473225108403724 1.784877289415295
5.9782512252144775 1.1308599541910782
1.113739232643238 0.6129489320000395
2.9497514944378826 0.5346501242814666
4.86000313810332 0.8180823535214823
2.6903067740484476 3.9538595869084356
10.177850404989488 1.696384899839647
2.8586257679231792 0.9666896122698575
3.435653401645434 2.4862737338761516
3.675506631641887 0.42916829172717463
2.744690007016721 0.8795501584338915
2.5906966687094237 1.0371430714066159
10.993266436957896 2.1933148121187878
9.597277861006209 2.8511389618695153
32.736148296263735 60.80418326388548
8.384147705823565 1.8144450141631405
64.44212124113099 34.20550627151253
6.9000682791288215 0.41688673652119135
0.9113160168471242 0.8049319385798226
87.42718238301802 35.49413369666327
8.593685309022643 1.063184569073881
12.423381957131621 0.74339686563276
28.137109076203 10.593306724878286
13.243663743873466 1.8762237739150465
67.29546412072473 40.085635342323215
37.622193275673226 66.46492187294255
15.814507518305414 17.91552324608454
63.74501967187285 24.941883179222785
79.84800437321871 28.47371484673235
62.56677514759549 25.82359836542942
39.1271805681995 60.823766055461626
47.13674504841695 46.72498857112583
18.439720489386445 9.775530697824177
87.06490826015643 83.22042621913457
44.09703845922226 49.22628341905557
77.76251269329052 112.41785671856275
3.5478328927845877 0.5834827953632538
9.868766009269137 6.549813227961885
48.76514315678925 30.343396437450465
6.0082617818984385 2.126273544467923
4.817296089212248 7.300908828200899
14.605186829027142 1.0423679348532666
44.74767665939771 86.9950315845448
24.24538204838216 89.12656596394518
5.160223188525785 4.770368496857712
78.16601653138935 80.34377712114487
35.840230944731786 90.52953800756455
9.797806280286638 5.126332672768517
13.63446296847927 7.136974975841604
8.172164448223628 4.11646350303733
3.5416196093153203 1.5012507719994517
69.81769296213582 74.54678835966364
71.49982555280523 8.42000692664584
31.40835159607529 4.4551365072777696
64.80360499166768 39.971188295049366
1.5296181913670452 1.4685829423535683
65.79415768980279 40.6361302919696
16.61973139631839 0.4451578762835292
17.027032541108422 2.345027380594776
4.11414066414142 1.5021912821006425
19.283826948584288 32.18578401465819
1.9372783581202937 1.2984511251400637
14.76665326801024 1.6735618474467233
17.868568448619385 37.41425386288936
4.781055808645545 0.20246455854356318
20.302287182119017 9.753965577402539
87.05675466407048 34.85224469364531
8.682650585889427 2.9151560157385923
2.149190958370115 0.9272254873701133
22.05416219810468 3.592626132749297
6.584289195807249 1.890051053461753
6.853772830667344 2.346587815443606
17.91212205220924 58.46867929679096
38.920420246809186 81.12973170415202
16.431389980561644 2.0251252899751586
8.309925402339411 1.7181730311111445
16.210712580043847 2.92176308129358
29.161309120625123 4.085649363329318
38.651536735352074 3.1512344887842305
71.80454285386337 7.022135856972535
37.84835660665762 8.43470639908204
2.5050127590916995 3.1182462067039824
59.42066185052595 114.91841285162192
4.445152797464847 2.3985635990733143
69.89218295460434 23.250449585988648
23.938195427725248 9.265101941693635
78.30135205608411 59.81982939976029
22.716330927719326 45.46412691557969
13.158539355687639 22.286741838791087
18.056626871667305 81.35568946335086
19.32945843897976 35.67699210596082
3.6064754606426015 0.5260630627374984
82.12396532819629 10.412929041999279
1.7958340745773698 0.8601921814684903
6.509404828394898 4.172734548856833
4.702744644454043 46.74573731454916
12.473998399228948 40.104230822385546
51.84475088152487 97.27983160395196
61.45883427202739 98.94554484158355
80.58302389530242 120.72615594108008
7.200617454705638 5.344009957744913
50.84814542131474 67.23290730664259
48.87301089941943 107.70562104735892
34.898706410351934 20.85903610812038
63.67555929413312 162.83367703045388
34.68433502534321 68.86811661190698
18.262806100316343 92.34791283634972
40.46986468759118 77.24643461620715
88.03877687891075 152.0768718404684
74.64100365348786 101.7485591879039
1.2569975219279221 0.38529705432415423
30.45832408543086 74.78240013739418
