2.1396049296778568 0.5461000285047881
3.533711174517479 2.0712333362240867
4.556022132187119 1.4728469972175533
3.8121186092042096 3.029103290517627
1.8831347503322313 0.5823275194826266
77.74749996866137 73.33331881205856
10.75490429848365 2.88431373691751
1.6756334558610626 2.4294716961598413
1.0828362641462308 3.019733614514562
1.2264747204533015 3.1824044911556375
0.8543248014929373 1.9293583918881811
51.37798590471226 82.08779591221942
10.515502148396362 1.6686066136177164
1.550754148597845 0.3280357963089866
51.38109927554959 31.071538358710196
73.41668351777247 142.56132724209198
53.93160352454039 16.107732335009906
55.30502450641609 6.540631450892775
23.68576129887899 6.468167089732115
62.51960134916795 42.86952637013162
67.32405839105344 11.251424254207683
88.3806824431626 2.669420947008915
3.1882440097286304 1.3355676331086872
0.1268272946315993 0.2931798191902441
10.574973290123882 1.2751330260818052
8.934282945601018 1.0666648168158457
8.886173112807647 0.8746052415274348
68.01743532979685 4.98572586355785
59.78618207404647 1.0257659418851355
12.823470637810617 3.8364689814946056
6.032662417091901 0.8735025732805781
6.652467479907191 0.8838817068213154
7.812653617922193 1.7761281697905942
2.9199112367672275 0.9889952342779864
0.6108183553881155 0.4505536174824739
0.704905500760462 0.30386771547040664
28.670666215021274 33.0607447331999
1.3990641650421638 0.8501030643219623
6.878975480934075 3.3257573628254447
81.36521870041673 30.118608489232184
2.9852974014898166 0.8644086554347801
62.647886380683374 45.925996028701405
7.528104770543586 0.3722673825800623
28.913547293874018 41.43929926851665
11.839027676542887 1.0132972262858686
11.48921223675208 5.888159531077671
6.182429541944194 1.9955408974774114
4.116091213389965 15.978453465681485
23.49518247655683 39.925739287294206
57.827519476135706 31.367870924059595
49.78777975612186 171.78395437067775
68.00198301814568 138.60848017702477
30.634893088091385 44.98261183814266
80.51463533212251 149.58635615945377
18.80422692810561 23.616245453153667
19.580563387849583 5.727739763176214
26.634606471250155 4.428693595736677
31.48752364120918 5.8400555828258
37.225860907399834 3.360557438927844
24.163305874511476 6.520602553016351
10.611623678066312 8.737672933170208
88.81743506062465 45.63931295035834
45.584458653338714 13.49818899852858
65.59405607868825 46.61148479423866
85.25936838065795 17.408936930651326
34.22503825619884 94.1856140912982
69.93117811797057 46.56340153646761
67.40127121524908 24.32625410876455
53.331771502283246 59.55208886064561
23.762850033387906 24.708023043020784
3.5982694815015672 0.29483031867266385
21.165749508935537 4.9825154922827535
4.86936066750679 2.038566106291401
49.47334608306229 51.16485799928149
84.18939330057897 26.522039438153698
5.856337868630845 1.3866426491937267
52.15988700418798 64.02357477737142
9.38615490534687 1.214615804673799
26.495771181276005 19.649785889163926
82.22690733705478 66.01688015135787
2.138733560383804 1.1038388868272735
82.50187737369257 62.934044844469064
4.147668021302734 1.682686802063675
0.539899952294329 0.6931506122342465
15.021978717564762 5.487550164963494
34.1072859375573 7.38415352836258
54.82202542265751 2.383339419751716
3.537225205456946 1.2968625934052052
21.2585475352833 8.255202451811515
40.12648921622921 14.938330042332968
53.520848464409156 116.03085830468771
75.76893434162425 27.026618295621198
68.35247766115978 47.71461342261389
78.41547294954051 101.25952209150084
89.40404047623083 35.29544047047013
29.566439951194305 11.433129990044339
43.98426362417874 63.87826921068621
46.81768694412435 29.081960160727345
8.237898073502484 0.9664889111823889
43.41076052818477 67.92080329589308
13.739739534538671 66.40229440078546
6.480193465170054 2.936930704358575
21.727287396046023 72.92244274688535
11.170379816772524 3.0894771962923167
84.75377872521257 2.923830293026736
85.14587610118238 28.642533260709566
46.843318009413935 21.11521290287309
25.101587582219366 32.96774900036712
45.76432082028339 60.01096718159546
3.6826670019272 52.48276793204511
6.782294631212011 4.8732766318709215
78.30388053968404 40.851709505956684
33.76223006328908 59.522755263659576
75.09631062013301 38.31231683416799
81.24372825866458 114.59624976472934
85.14868727269467 69.68933195396596
53.87433847583583 79.5284711931787
37.03343474025772 8.93125303205089
33.59772407994884 41.59200236164987
65.7047065244339 152.74272702251116
49.10261153763598 9.147367225206631
78.51417466675744 35.25165859232469
5.656086238567546 1.5103459514295592
86.65899991042194 32.436417527110365
11.255829499244047 2.640260571099358
85.61902213581602 16.721219773334337
2.538546650310676 1.5857717361550856
31.246864524452974 60.23602640452225
10.778924159534398 85.93433377486504
17.53373227502908 71.2623342804827
67.79984125176432 18.663434645424072
81.77218622634771 31.21106385747871
40.87020742932691 22.203730745509628
49.83249562781117 2.0652226651457255
41.263980958477106 4.675633943857055
16.94958491746847 3.7029256379255053
21.43188744347215 7.8963675485019325
31.981076997463845 16.326942248752577
50.48379532027644 28.15132825051673
78.16804813910882 30.822398191220966
7.940442442844988 1.274294279829032
0.8918346839193926 0.29210718105126926
2.4046492752351414 0.6989374317112131
20.057573270860615 3.6202887082370157
12.045103038677276 1.3201489893715643
21.870816555803273 6.724665392464256
3.1656182468760696 0.3060244027940844
25.227626668479676 4.622158980011454
9.424592623808639 0.5384833955668349
19.64146303444859 2.267249732553535
4.638179088560576 1.4525520579100457
70.6729510174168 30.205563179731342
1.8260820480861664 0.8948795362140478
12.951026124551678 0.36408035031032254
6.891174061736909 1.9636982662530729
5.234041036494283 0.7632824644462829
7.34931436529868 3.0781702916806886
9.876954508809433 122.22636913822036
36.130878450948956 101.6421620978541
23.847809485395203 1.533995626753908
0.6948859643515944 0.46979663229188023
85.15685515217112 13.623521165673655
2.2576973584008373 0.37194221805990363
14.120179465814731 2.2033070039616174
14.518226711323367 0.45525912258092516
78.59448930695987 32.4784939155938
66.44662443307517 53.18885734200914
84.85149690463822 23.126827398731656
65.29492199666485 32.227267796088356
55.369465717977846 55.08077751052175
68.26352083568862 3.4112028589360417
73.54943260059383 51.030166914723125
41.755251977843756 30.06800235444118
28.749647560412257 20.276365378624973
34.74610898297604 23.1541216991972
2.79660060067029 0.7440874614311945
55.71220128378188 61.11089089296631
48.799280540416305 71.30638371421595
43.662446388810594 22.81841374538732
70.10858107904681 9.306142976193792
15.820595840747924 1.2414717801438844
3.564654203982807 1.8127244931032196
9.829820958503484 2.256272524772254
4.007667217705331 0.7372655683357451
14.014149526972169 0.9600912986979618
75.66014635421116 68.64681325312552
59.94932883384162 20.35994776031014
84.94310396475649 30.771841489251536
31.67700846128086 2.077882766338286
2.4787334077718346 0.742840567745528
4.15169177733211 1.5324818622496668
4.493961483065391 1.6372513442267513
83.85052127693282 70.32539198642834
1.2851208083621215 0.3180564729003081
73.71529002076308 8.665082022262741
14.48445523963447 1.9602774929998732
33.71843004437535 14.645439045485308
40.154489656362564 9.208906393301731
45.675503610695344 2.3119716651437394
83.29723927824269 44.57470767204884
32.066659805686974 66.80303329664537
79.87337994299378 11.135955338021425
58.90164814895682 22.341825912466092
20.31030934200723 62.577163640283125
44.44221633130806 158.8069834005406
24.136489601069506 4.673901494452759
85.63385350432951 148.47460142416043
61.5179048370368 32.36045807434988
16.158459242384634 89.10951096372278
75.08571711172497 96.59283952491988
67.62381100601876 174.1842293734384
5.767629857407555 2.7433026018909286
47.66792350421171 57.54997264544473
30.030127699013118 14.176963690567025
80.18755506185528 96.94693818854341
30.01620483737038 9.388916757245529
52.071786112020355 99.71959932395929
15.067833840576021 30.037298786514366
42.51202081819028 81.36294343450486
31.31417473186204 6.74573006660422
63.92931093525385 144.6703437018858
65.1999440521397 21.67977476282072
40.77207431185434 52.733765997656285
87.71923721978678 55.102670781142706
17.461569566985872 108.69259163577082
0.9964341542388268 0.8511209020617211
3.4481974566323945 0.9256402238312693
23.256103937248202 34.79752036674865
2.7564494220381186 1.3086506086411858
12.157050890596611 7.4813751519526654
64.00826034680053 9.108023889511799
43.984199236485686 2.635333530746487
5.685956423284182 1.895180943084685
82.42153232751366 35.85070812173317
1.2037906985370561 0.20357837440384566
3.1289871341082938 0.9408882247174561
17.465273066714463 1.256361319953117
77.32074292789888 3.046519410467724
77.66028548499334 15.792066170331061
7.707916494176807 2.440535547056789
5.04838507457807 2.3941848546034206
6.250636978042685 0.687860964964895
79.64342982080659 19.50466448743034
78.23192185128295 7.0657955327806015
9.784359451145576 0.9327347807297313
4.541071075660677 2.2661130610298437
70.77147336274173 36.68964412239675
86.89652770222463 36.48010281687632
7.894564303682026 2.3678639057608346
7.356242747168434 1.9912203450268577
24.96693114251848 10.497238646999003
43.5294018438549 72.42793481968597
86.05608361192188 39.76575397235801
49.47431241828548 40.63590728413475
6.221586244438125 1.366202503503843
80.31758839157831 57.581330205553954
40.47139922082036 122.94447500535605
86.95104180360043 36.31165983210058
65.68600373679945 52.49759233056341
3.9954871710541413 1.606224877525208
58.39109010229295 10.26810217430029
44.94032900761414 152.85058405045476
32.61126560463768 90.15258118300746
1.4925351981130894 1.44659057416164
35.743291625869425 40.45891170441272
1.9688956138706815 0.45176889790779984
17.2028311325098 111.78570102741159
42.06851739134855 19.475746557343367
1.3726285669115745 0.6558155097675036
5.741021813262944 1.2125504792685282
64.68550415700032 9.896236671755616
88.95079250053377 28.98786183787708
40.98272579880458 20.64115846749966
48.963504634511 9.45697917877336
33.31540112277324 25.338053587934965
58.52374538529885 15.559294141015569
83.65076238374628 49.52647829444117
5.618435566526618 9.324791522997893
30.180175019947356 1.082331756452075
83.66652085087549 178.91487877571785
12.743340539942897 3.1631876226617974
74.0461319638857 23.681873826728886
77.59644998899184 32.00397908706243
71.33663446498896 96.62552018290873
26.192994829164103 96.61851623067467
51.22745842340774 166.16414981505454
62.45561884436794 46.23648769438291
28.602147982437344 58.07700956132109
77.11444507186144 96.91686493198779
46.92905163673787 58.852910941436804
76.56930223018719 67.31520071948758
83.36948150519498 106.54576731631688
46.45525323618145 33.01872100798819
0.37080206242387687 0.7032818342012803
26.203723759203854 93.58423086649283
54.17336628811499 56.07820029820451
17.198683616450747 2.2152392418773537
24.285717996180445 5.704750393745561
50.98149686545395 1.6315303897250903
57.294289797674715 61.40547503299981
19.167871888331025 39.618521150580314
61.37204466460396 59.93947205750168
53.25456580839513 70.01150287030646
52.160465117414006 120.75949414596133
43.66649919242175 6.405230378433579
32.12464879258707 78.77397365547554
1.7852920410863329 0.5145928400188836
21.145701953144055 45.28956610968876
39.29340991601618 5.884132093329925
75.54940461286009 10.522876116153656
5.072178711765592 1.1733004263665918
77.6833480591015 46.21513753053631
41.47859347413046 23.805745044022753
30.424853297562493 63.23913611191133
41.245955444237964 10.721906843224662
36.28855055866384 93.19061378625544
55.05043003837713 36.25437092112373
9.164597903266541 4.073031260003663
83.61035747971107 58.647551592123456
24.562911237296504 16.813669780579673
14.911375747409279 0.6219543000775255
80.28142687501473 24.094192080786137
48.288224455743 14.596352987712079
24.114369194700288 2.0144641548876767
7.569615203831907 1.0731708727361882
83.91058266179022 17.158202266704166
76.58591242418966 7.96266159305464
21.1670762213855 21.53639953109865
80.094017045956 38.00474757781232
54.82066985244194 37.16387882246384
11.13898747283048 1.59644790078113
45.95068872312237 8.467821746460839
69.11247829516526 11.770735570439795
76.12691328489613 30.961686649505506
78.70074889813769 80.25525511067715
67.367661744487 90.96592273547138
12.055784380948715 5.177352574675141
76.97194674707086 86.55478207695667
72.26830688144018 15.010967373015003
36.83457014267009 29.911416753386547
49.08020162622695 48.55795814988411
24.858667914938472 21.085845913735547
79.27457234421188 7.74051529933652
73.52467904755282 19.10827137712091
65.95330440455874 46.002574055655685
41.49000945451801 32.3159277608337
25.929183851887483 16.712832577194146
1.817754840417765 0.4910177810456712
2.4878879140109027 1.5532595635781663
12.991120780954706 1.2625977208704546
38.38535367747784 18.60478482080442
10.459031539312841 4.01260249986416
21.759872625587 44.656354053573295
51.0593663846661 135.90325577169588
45.757876560545185 31.18796679189279
11.27458976005397 0.744436695413741
23.50641121765034 42.929576429601575
88.19672937902136 7.5270343725618485
65.127826173954 7.797144442134704
20.454558948033792 1.401933061556324
65.35857679350819 82.0101659722241
67.7549503927961 18.70570015579883
87.26361876703994 16.81576570253142
81.21993300798383 35.70524946986459
58.06603173530421 80.70138518720762
74.49041595696926 66.9366249902084
10.413743970461017 31.57223888300757
42.09617069134056 29.83481134871157
63.743184979797554 48.848969873484634
73.11641587244748 132.73836431020118
3.4597263197395556 1.0254082536292628
41.17084845080093 31.37176486814426
80.5186365926906 98.49281046959096
6.2757989321529815 2.5948779533453066
71.15532886843481 54.18933304308859
5.562980403565419 1.7655205057678844
56.32873784040156 5.740515349986316
55.64267770905985 101.2122725593657
2.9336191185519276 2.508751305547453
4.409098599763556 0.4919159537599869
11.146129756509396 2.1068349967937134
29.131127756599017 5.725993442565807
23.517534256045433 13.464526999652072
7.317925914438445 4.565960195603879
9.577807566001045 4.796609659092628
14.778222776672626 6.893882689472478
64.18739735285402 16.600505744218857
24.517627914932035 12.25221627691247
26.334984227206604 26.442203082545145
6.569039642585929 0.2652853054609539
86.30829891177154 45.69254717824474
56.55114354057561 21.02485243526069
32.51033273755863 25.316519966270928
50.078423099198965 57.62020241260625
84.1029944500362 37.676044767455004
21.651849100810278 10.810510738931981
78.00980415192831 13.327888766623015
12.744246897301464 2.9519340303067096
45.939689160162146 70.75929556870969
0.30009133906804747 1.6375743143195103
13.8956877058835 1.2009335844854891
42.456142851994144 18.504360832996863
8.57818653217072 0.8710054508716243
48.89925387910259 12.712865502539897
81.74449235305882 30.20584964274889
2.4573150770297882 2.1549006907271337
54.82868722253367 155.59045990794397
56.624316024182605 23.824751929088606
31.38144507203521 80.08436740439623
74.91669905030764 39.47330973448309
13.277985556986465 3.585746886049297
65.71942988574122 115.27684976721919
5.309169313599995 65.89120417956022
80.38741822587478 17.172965498046043
7.119328711169061 84.5041635220554
85.14418717896018 34.67789197897788
37.2828548477336 68.32329916900503
52.39910889687731 10.714405384214372
88.50668974215341 8.950797730995351
26.498837268113896 11.696959446566769
39.06790113620684 4.977951388028126
13.184303556782226 3.1803993868590568
30.919922748034907 72.4993314277211
59.139411074293314 13.539095083643385
41.22121738950878 7.4602571380324445
59.89575783501367 11.624367083583373
88.90537818310426 8.943970379316497
78.49115268678632 22.97603435518359
54.16509406865586 109.1754890727957
85.45946375443904 20.103590469109324
27.011915724061055 62.7080425720746
54.7714543271495 17.186230873921463
19.996430968142306 65.38916822117369
57.3727697911369 58.16018748935977
35.0171116277599 54.996733869773564
89.37752909988926 64.62212530877363
4.479382205458392 0.6372392494243084
55.74636922913612 116.76037488353516
1.7803679259580458 1.3783814547634956
3.7303477143551227 9.027851600503421
80.94403532459752 59.75030015995548
5.986327398656563 5.381951445940824
3.4372693401695065 2.083897921017068
42.12036831689844 19.020492694347283
14.896131744674372 27.427131114485295
71.7768647969582 53.86766538375105
32.87950567697206 47.299439120737766
57.95085557926983 92.83767868980476
41.588950436794406 87.00376664301764
26.754715203826862 51.81151722358223
55.1487148158733 14.017253876021112
7.382753285374346 32.39838515266777
42.557094867137096 56.7373123432726
78.41339573373124 51.79785481629997
80.94781472167239 23.42263495050926
85.32648899787668 16.84759085114546
71.73096943705755 67.19140270423178
55.02663926117225 44.422918578786444
60.390948199877755 47.13967467793871
84.93231687321037 23.961632627648843
68.66263508931667 45.44024102003507
77.0601756270822 45.31866419684215
7.345984991276088 6.957634532027513
44.25993208766616 63.27263783859628
2.692001148320193 0.6986027242953242
12.34987799140132 0.3899641891834899
28.8907729299668 71.5983205574795
59.045696124878546 44.61690535320713
27.030233247294586 25.259596105202487
0.7315290450938451 0.37929649797366793
3.637721085901827 1.1139482496915951
88.11144249255281 166.53089935994842
9.625067470234429 0.9330926138584749
41.433667050146695 10.515188084793126
39.931688387554274 34.524591722818286
84.58195957390222 59.253888916396846
71.30616094204714 38.38075217626358
3.806540765869865 1.5027849917341
81.62956130245087 83.23505180502102
20.54729489359306 7.270744696478523
11.328850099237457 66.09298692555583
14.043186383284983 6.670681747948549
4.6643974224541305 1.9873328599307938
8.21083760135527 2.0036388622073735
47.548682760029976 13.311160149232972
64.55897106478366 61.69739311409529
1.3415105066473123 0.7943689942288957
1.797103643033341 0.6536218751104749
20.717098317530727 1.2775535929614292
30.310178823692297 18.691945800880724
23.289704787989912 6.349510012240092
24.57968537546629 13.665355753309681
3.0250145499589425 0.717985301172028
13.388109046107996 1.9280538845472983
11.394456347766877 1.4754517155224256
48.34558135832131 119.12962479189719
29.29005437926583 18.938662435065538
1.3842873739692354 0.5754442415194905
82.72967908280185 85.40625415715269
51.07532808052349 125.8299143718938
66.60850483534824 175.1345176260413
25.5363402500991 81.96887341078327
34.44480410535696 40.829708113194606
38.46202093978218 105.98737606431226
36.081971769553576 81.07504474308155
82.46443380900041 30.906315882330514
71.02079354306889 16.791712241292846
45.56356258946129 1.7810741348484074
4.075630395107789 1.871878191101472
1.588723941197213 0.9850527763047332
4.991832186038329 13.10332815625061
33.84341376998702 66.87679405065485
25.008346007058776 83.67736053657987
52.97910901359779 2.5814546654688266
70.24264054600594 20.975882458171228
34.5344071060239 12.983187051254008
41.5487878282918 130.99145801158207
50.11864822371623 113.30700914534837
65.63814010444884 12.330956770565882
21.78924650972573 36.872942096999296
20.941832531743785 45.035499177831014
58.429100889445245 51.7402058688501
49.537901146122735 63.176812149573806
4.597023463429803 1.2146690268745184
68.98722709302544 16.043137709015195
3.439002038569969 0.7258424340237877
63.59687434201575 61.50018664254852
78.11265124350437 31.270905888976436
16.85490139582558 6.402460631415741
2.547657109339968 0.8788047248061399
24.755807511765667 7.202947389311241
34.21963147331878 6.468101387056682
45.07626845888989 7.559793994334594
34.045587533029305 52.983388199185875
7.498672811017088 1.9510941924681313
42.50027136296673 31.46917660891556
41.1378323487508 49.42170682173281
4.008084277322775 3.5963639178562876
16.383194143881497 115.56970158930287
55.2090117281627 83.58814387690398
83.07335553568575 145.39286023552762
39.7803339415775 19.712501583295357
70.91086397577234 178.0807905120856
5.158151345220664 5.684260153030934
4.008742881254623 3.4779638885703172
6.0187003251522535 30.202623206990673
11.187681890076982 1.6614511854920806
2.55387143453811 0.7177627459418979
4.96335287894042 3.041189325342385
28.892832792408953 19.889575379318085
1.891164977621199 0.8042307809343126
11.616235493644929 3.1346018712917263
30.762865578984645 6.0571115823742545
49.2744298049918 16.49805267620029
11.28395520261724 1.9437843046821783
87.64319816163221 175.76375327486093
40.85962729808439 84.6742076959994
37.05052416534292 89.75741436892545
75.92241269634754 131.49274685646915
47.960537624141914 36.65553715177851
56.61679378099653 38.99452890079261
54.25395953283272 31.326845426362606
43.134699623334285 139.04770203711428
24.430197237285235 1.410010219430059
87.96692334738398 78.44405667576875
55.93311580109659 43.39068659485305
55.509919607338915 102.65358187273871
33.10315673367702 46.81928828348851
8.779617279261196 0.6657571392830375
13.200252626715692 1.499919803554201
2.127212033690089 1.3241367484651458
25.172876091053723 6.761980036650644
2.46378291214562 2.571892377026971
3.739416352005031 1.431489742066617
39.60542473775408 80.7782044696761
89.48351443342948 57.82064586868425
27.37311545875233 1.346234960929202
4.653690152191246 1.1384190328365824
42.43029843189679 66.47807729041506
52.1339161504268 151.84147095942018
2.2805441484636537 1.7143385684427992
0.5165927878916321 1.0862275516500817
1.9978039627123103 0.6061241090913686
2.1331732135383548 0.692757858073707
23.747190373601484 79.20055735988764
0.7439569805119594 0.932949685752667
21.97499539076963 4.964875020065908
6.260258263287411 3.0966434676418806
63.9616504896663 166.20630460255313
11.414649467099258 11.78172442113244
53.64780856127378 33.91926927369461
10.404268246673823 4.86947349790494
25.814666997689642 131.75813225190726
27.3962381987119 142.9331546385834
79.0607176870673 63.651621249467695
67.77331847836533 71.79384530281347
49.65900442081741 35.62224257681647
72.01255178866974 64.83437576770541
25.92406925140948 4.148215169619065
55.2779556398062 44.77754495052474
66.29605401790369 161.7146003703112
14.67588644891584 27.360272129066946
34.862192375009755 138.19070814399234
66.31032270470894 147.89118453004926
89.49487877315416 23.69748609847095
41.923666056087626 36.339616057678874
7.179483504690283 6.159433837589975
45.14973958237087 133.96830264399426
9.192821056769137 1.7173101320756876
81.63609838657966 133.7793787256886
41.95256267143197 69.0942150625856
62.99647006495459 83.18871646337202
8.832468807892093 0.6717683509098183
72.15039574608775 76.94763495144974
6.206158275977514 2.1718755865946213
8.201411134075007 32.32508573825989
84.820325226833 19.71302105876919
78.72871541167328 136.76530905875842
49.209236106332945 45.49470434066057
59.45514497598681 62.07272129351657
61.311007843548154 103.14172200267127
55.278649630037734 2.2657275055674706
77.49298788633489 153.6395970461684
51.52665741562532 16.188579191299628
20.331195526656103 13.70276546275452
58.77876311948464 129.7993639444506
10.716956119485937 6.3943492572885505
44.22473434266254 94.73102412493576
40.87083021736482 15.00113401477886
5.1364314461016685 67.79097316686588
30.737677809110387 10.957678939307042
1.9934944056254293 0.5514153603288193
8.200849945997915 0.9020625063752826
89.39080933241954 88.73410084686974
59.91176023917265 94.1642993882665
1.2270323692220015 0.5096198686668879
6.422902492313672 4.757112391280951
6.667141442398102 1.3704183184874237
49.71141182047408 115.79988926998209
70.27352566465838 3.6327162523593866
10.729174462184886 66.40665198476954
28.954371927839688 60.49830374363597
81.5351311079597 93.16318186807818
18.686353713341585 6.111821297065946
35.88398062875046 85.33557985446453
33.30827738218949 103.79226496184006
2.238439816697749 0.6592504244136018
43.497738772516996 23.46527034203929
3.7800927690611856 1.5581707595504062
3.5231305776823123 1.118550545848515
73.395124574566 48.56497943153782
84.45413506948978 44.654727569184715
17.095228679092326 3.3158682633524306
89.89894744392568 20.40806003730286
52.37643033601067 39.12555944066142
4.63845125080542 1.3040074963065436
84.24991538946571 121.49962430184404
86.9738612610598 42.90887831953479
9.059493014543008 1.4578269950238583
33.96961435710767 17.204913165179338
56.99060671278518 109.68676543829645
15.056898221636919 21.774123480608562
67.22965046281442 54.19246363342761
35.56108110164422 122.96916777737489
74.16283638392201 83.66988253597505
53.972115847417754 37.060890382702404
51.956183721126024 153.57506955625865
71.04984723564527 95.81140976338044
66.26569255832895 69.26630203567717
48.771972480633536 51.13130027857337
79.21929374822741 44.57494453228632
75.68712394345569 120.23935530434348
27.65905592470667 0.47023022212015264
50.691681745852264 31.73598330381367
22.445706329327066 37.38380692942207
19.160368260615666 64.03679974510696
76.50708913742716 56.26075284418967
80.6254642719466 15.394692838525094
36.21066632568282 123.2836017929855
36.14662185434406 95.90212022894772
82.77124001760131 23.873312571225235
25.006729292881403 6.286792971390919
36.67599538168783 47.23317200885212
58.26118529459666 135.19089611965137
85.27052665389712 42.48348395456334
12.178928208868284 1.276535580875367
11.953539382217794 0.6423475466120635
77.83856724385154 172.55457199408522
67.75316294962006 139.43332956317218
19.87272274325352 6.761980205653776
56.19541619608371 45.54754359693063
77.23538607243653 11.569830663332612
47.71459399057892 59.61006414229578
18.315962086166895 8.515099815029188
75.24481206138387 61.36837331898287
1.5800901148954012 2.296675476007303
3.1486556674832107 1.037516267482489
10.907234966449707 1.7986228086787228
18.647171199411716 5.581991244462907
61.636242560599726 76.49226655581452
15.63054497465319 35.73992471765927
71.59036511570403 167.5862855813883
6.106357548373525 1.6013794309953568
2.526037197094708 0.9898427212669665
59.631122889540634 45.61863852218084
74.30684393996745 32.615108408339005
13.021145894061751 8.498039068523154
3.9937947431310676 1.2792234846712562
55.927049528551024 17.659846518483214
62.27255402412834 2.827977558479314
10.670823639632895 1.9788625010133911
10.595736070767275 18.22245418747725
18.5564590685483 2.192950258557079
86.25871612418351 72.06986030954006
25.61957920106921 4.295703114838126
83.66615695986279 33.78993570476188
44.009998718550605 20.413036806747314
0.6488712628747574 0.400269505888374
0.6607243700713687 3.135385440553723
82.87004019333153 6.4337707683957825
42.08638125204033 77.01545773279632
11.689699023401754 4.349759537162253
67.41328199978075 87.45250928469169
1.3209064709277267 2.3052926089913344
10.016137817232277 5.147610489776344
16.25422121550734 9.665101591128298
76.04967102159053 40.31368565188429
84.80821170659237 166.43923388883536
35.7661681058114 72.58786221437049
51.836604392130766 1.9536856675931804
89.30467020660838 32.78901576630552
74.47424996360637 72.43444944424205
35.11423777878601 22.096997781759466
23.729147770527405 15.570479681391495
5.685076290395268 1.0702969952267156
1.6175039488883243 1.1363262132543046
5.172420602035588 1.1462355113044889
45.009658970599546 10.01608380639403
58.63012854826765 85.1565084938402
0.6615209528551979 0.4301857218165361
53.67140112579519 36.68642247720064
55.67839042416098 30.665952573043356
1.398125763608799 0.9554364468850051
6.742025413826373 0.4291171534313459
88.55573499615018 25.44280687080569
65.43939903686346 73.62634867286387
1.4545756302418515 0.6508085217828667
70.33479043533005 45.431601896712465
0.9177030313952349 0.3214966118253749
42.82128378761717 26.975702385621766
7.535990093530031 1.6882652333965287
3.9432215476216808 1.6209203622516388
59.71155522514328 16.052673530376865
3.251831714961454 4.223458607395311
39.94994847047445 49.13898488964473
3.1265989310136697 1.1736992263331911
1.0472077325954126 1.1750873894086307
2.148193152461775 2.4285514608234613
8.423801220573278 4.439903069905023
4.43886478819403 0.8066827881698884
18.84211464000344 22.918791432118205
19.12845725631561 10.543119915708367
5.240383817509687 2.1735718583329358
42.72223736366946 22.83777804679413
17.29779592775633 2.2076837863201098
4.187723290321879 1.5174645050619258
1.7360043509598326 0.6427511298298909
1.960950023318605 1.122797450295289
27.38092167359281 102.81538195325501
6.888034420446315 5.020280825667295
0.6446795271758126 1.7144929766384234
80.31364309444176 40.42275178745192
79.54028941508759 59.728444124449524
3.6244219841932104 5.208566929251843
9.251076388899513 4.265961735736914
4.324720336040451 0.5018484152752055
3.9465426718755694 1.4964881974958093
4.247518925881445 0.8110411225343879
2.9363452956611096 1.1455372432962763
54.34217736243531 32.74966114163787
10.811889117562629 12.310527628888467
3.116274619272038 0.10444169187382606
20.085511741622792 1.8354407010221643
15.809376248945654 1.8626471486301195
35.01588507778767 48.181134170466116
9.63542298786367 4.16595921311763
62.24512982871213 24.535334022891416
32.703361236446796 96.08101576805261
80.81615081436826 105.45424303778182
10.38603688158622 5.1993289076423554
36.49212274507759 2.8825318124471973
6.612426027067054 1.5185977441006153
10.81219515717996 1.0829890116733396
23.272685500775623 43.844201847698244
84.12700481701809 104.79750542783627
73.46407607313625 134.81896183520874
12.843188140549175 2.3989996345906337
26.436453119369343 25.78438912349794
64.59069177476627 30.752602415775808
1.3425286462507207 5.370895258821595
1.147110061675684 4.544979265668226
10.053452097783989 48.637804565820446
2.5290248814255967 3.586940448989487
47.91363446663395 110.09360957036694
76.35546861674884 11.641882137015735
74.8160760957071 18.85555581657796
75.42550997547409 7.13282216893879
2.4307147113738528 1.2287919006526458
2.411043875625851 0.5679566263583511
82.95800481392388 170.01681667131487
22.56855198281118 4.29153636965461
18.886025475206736 33.97380993159832
49.31735858060968 26.0144249358649
0.42505455993781677 0.16728268401421487
33.65272666324614 141.453549876203
81.54962910502715 19.735958481583374
59.49662344468534 75.0640446022036
39.4726206538294 2.585781368975464
64.33516966865879 129.8055761281918
3.203665978096459 1.0871968880074192
42.663065714982466 50.91278611606792
63.65556270139665 24.70353366895065
32.94560845176858 30.50374219704526
74.58093990354263 29.6876470111113
64.00418846123814 12.265483275721992
7.08010652955856 1.0794521158777213
3.3385624594331564 2.048710346273425
49.89808367191971 54.91013716390305
3.0748752886444395 1.231841358042217
76.93329355182267 62.76800032762966
1.4242514444045111 0.47758935544927833
1.7941996131015667 0.38339864033859566
7.03380594108303 8.118858859902
4.142314057923859 2.8529856105615496
0.9831869586781145 3.295469426250633
1.8014536146403448 0.6224226464420884
16.30484880588596 15.380425859674464
16.20784707204152 5.376384229933688
6.745846778689203 1.9911632761048783
5.434588481641132 1.5110293803372234
5.313296038923907 3.1611804578874834
2.1247367933777435 0.5157960816034645
3.968721227905832 1.0500679450329764
41.77274528882646 41.977027434855174
6.564803232095792 3.1394826775087172
6.021260335229768 1.3543808072469303
15.45660875225806 2.457841718689797
7.70383548262951 0.4889265462617675
15.40180215913792 2.7530745439674202
23.73037718591567 15.637233848660495
17.61520546631638 28.680441304224882
19.77915918085533 1.8316350651768745
33.75382946100699 11.901289144588297
89.87419354135307 86.83247750682024
3.2414836317333946 0.8792134870731333
54.86097009089612 23.673142607264626
89.48090764395123 75.7477889400001
73.55202838686108 51.556067538387545
32.40899836630771 95.00647391563342
54.306195150107825 107.97654538795715
65.02173943289701 27.228973993177178
88.2629485057562 17.920899702684302
47.61131971312304 12.224938382341271
4.662976617788312 3.6964357957467637
20.802983460525518 41.925995471211486
65.91361991978526 24.589184900831306
10.115097340291861 1.4081218178109243
83.20377372913146 21.810407185122006
4.654129011337621 1.2974259428605222
14.711774382983657 0.5700061304068998
67.41536178146744 55.36764142137105
84.36356728630678 67.50911880186757
69.42336798514286 94.23720806086924
50.976451795368746 75.26787217645803
27.085603246915355 41.22500559580399
79.56517364433309 57.59623427646494
9.579754818592026 1.2019342002309898
32.831699632398625 59.98425660662155
3.574063594425784 1.797282265145427
8.250286352522817 78.06848200840778
19.593555552619605 79.84169797890169
0.8720583199715525 1.2061436450574126
1.2227693762554452 0.3981388295574684
21.654135705331637 9.807071208455564
0.8299730873765372 0.33981666139171524
71.26721902403105 17.895568284456473
35.43569254854478 32.19069065818278
47.52794058157172 7.651266946168361
48.0818904528052 90.51955038173088
52.10954807149842 71.86704384280006
13.199747579019187 1.0070011356526303
35.76277609595164 73.9079993799778
18.504678179830407 28.888168802185895
62.6110316252238 6.863468197199167
72.90488590852594 68.39144982573336
8.37968254888377 0.4634694065100996
89.57266561645268 31.84415139814046
15.873704427824764 5.276695080796066
16.802073631395093 72.50589565669102
23.689330550684783 3.9868495210050625
14.94673397755792 8.331352940040002
51.95924997176897 88.21121539275896
19.26786215937269 48.40233987172609
83.11602255084445 17.011872880958208
76.82369671763485 24.867084699372235
82.81214117089247 71.32783472329001
0.7465574764074675 1.4695161033278958
43.57038761209441 33.634347750531745
10.001320512974075 59.798483217581165
39.77707717237874 90.60866877759807
9.148992407189171 3.1546892288804993
47.59023740707056 28.740437148408112
76.44791011308288 46.584389349398194
83.49933183738182 22.996803766725332
9.929810026103535 13.511147932703905
71.79976169774112 177.89152155771336
20.114014439895442 54.25968184138435
65.4942426115094 131.08859934319332
58.23821658247868 39.90320392598426
81.26543709961342 42.17450961887569
59.474000478381626 18.881793517616316
82.27895367773638 3.199864435945407
62.04724417273627 24.269109636374452
82.60022547684191 21.455621206307775
41.71270473784359 11.983707904084328
55.84034064389185 44.229935377632046
35.09187119755714 80.7747772426913
37.094781360856636 54.01574599411844
48.34945644306667 35.63226474326304
38.434385636130635 0.9909601695090265
39.17897165386063 55.59341645491285
17.599514594088333 72.22107004531826
62.33310542256153 3.1790807002912476
39.89172158082356 25.301997517744006
12.809267380044588 46.829318486871045
2.5838555405400356 4.318335622871682
26.92147770335646 45.904045919996605
87.32607844981963 121.19195903858954
80.46542708603309 12.413494333345263
1.3812225894560475 0.49445919832820306
67.22051689233938 8.192201499913407
79.42123050226269 4.079637473908551
6.844135417580937 1.1874346878862367
72.45984061319527 39.19137670831303
81.08495136418242 8.773650801642976
8.65326113513468 0.8717808960864014
39.6370244565024 32.296062161088756
15.453125846316171 10.86700550885199
9.143014002912404 20.024075375185465
19.173388959419572 36.906056991624034
7.602433813375467 3.0741951464399078
70.86853400006663 31.618373880874532
3.952998934591328 2.1758634275502833
3.8924875941554475 1.3204083716846613
26.359082477739406 47.65666171054242
2.1525829619859196 1.5311889254762079
10.359926385722174 4.820727310026172
65.80648641766066 48.3805007700841
4.994883811718124 0.774842421566654
3.0535341396962736 1.2368150630364612
14.590035737869387 5.788289699788002
24.57397182103921 36.61849851535201
3.6251747037205386 1.6257729794145717
54.62890805322658 100.97897364987465
35.12852299192099 30.698858883267338
62.239389990390734 148.69712853333013
82.21771180290483 50.83340412073734
14.4371394484822 5.958846253843993
1.3432308884895316 0.6225533017156047
8.716231482649402 0.7414344674598247
25.17907885141532 1.55700637545642
4.65930037541006 0.5737916444481826
8.60884994275556 8.058284138494516
78.38306888735572 77.66479398070577
26.991074411736047 4.071977698621882
37.942262745810666 19.821965751194888
75.03689554435094 34.36864465545585
44.146525130467055 7.374689374685689
47.53721086755664 22.21538667344993
0.7957235093693736 1.237829497802092
22.828155020712188 7.310753003657707
2.459871001454465 1.8131128349039571
81.87333728662473 67.89665828883523
26.914198508166223 5.694027839917829
25.1460016693886 72.8581719896213
63.16344555122128 41.90301081638944
64.07294620865204 47.71032673990351
24.840816771659604 38.8746572504351
69.69294634727453 40.16639397885368
15.615528039084126 9.434818559831463
0.7807588308318725 1.161264965286006
2.881919025009492 3.905819293495796
7.531920604567434 1.4699349952032748
3.591159707234731 0.8845969293047427
41.82426589553259 58.030140959696396
51.116276447962605 56.58317117369592
6.793359477539729 2.282763659717321
7.61910739056259 51.721587710786736
1.8548783647357538 55.38921519243859
7.653087446052581 42.8634969560745
18.323688989990984 55.717840505680385
72.81409552066609 20.33647673376689
39.17561714379616 35.79775471199417
21.995939709639032 33.157030333183386
7.11885387740479 1.4389763764412282
61.60616064229969 32.11879616555492
1.6728695974962724 0.4333110172379454
65.80425575650256 19.75716951354855
1.250096285552915 0.7557523780529181
2.41038560872395 0.6183317184025083
72.28120902821193 24.60444285238836
74.16003628441501 16.114959722868043
61.47094907368535 51.75485712686779
12.088258001862979 1.0698941133256163
6.96956533875683 2.220843527981065
74.35664788544216 24.016598085287672
78.78771060295773 66.7952437443884
62.96707777612727 41.93523341973286
28.526483265596795 7.428954133800983
28.8904448736705 0.7301824986763259
2.9878613522839297 0.804242013760605
0.2001993658805308 0.9101028598105605
44.88803384382442 27.02177570891533
59.81075877143667 6.62872847529017
83.04232122917159 19.92892867486246
30.447963392188473 37.28228650989634
63.1180469245333 16.214975443419142
38.431470653805576 16.60413279094459
18.094100156832905 4.839183683550167
83.0437594670207 48.19585546421805
45.599214844013936 19.22344678630637
78.91778595581445 25.317818439910717
73.73151308159045 173.67063380523584
20.104636005582876 70.3760676891102
40.69297902757276 8.229741815779619
82.35853703516972 5.3924964692092
3.1771309303682433 1.0675291442232935
7.922961736182073 3.2589132982509685
15.806882502904626 1.4845221066329704
48.65780522347802 24.49882662761716
8.625129688331455 2.9155217656149377
8.206807301739216 4.1847658158578875
66.73640251692262 24.520484983339635
61.53644881922072 29.613938423723898
53.96861966431079 41.17905608503886
85.61053433948996 45.70562138711905
14.42675530765352 11.99681696939847
3.4109533889303765 1.8577539788622903
8.835941069955151 4.197678960976705
56.66754546826401 11.420061017314001
8.950834203871644 1.8825215497706644
50.8806861573526 22.827214538630773
30.760697238205523 35.14899086347379
0.8529802096384902 0.9699644198801837
72.37498416417797 118.41338166529911
7.116883191759975 4.171603165605775
86.05534664311202 25.632654003438482
49.99389107257582 52.222882849535104
36.813348978602654 7.22661083852314
60.399288293776394 96.86875337113324
72.76277687625648 86.1120012755497
61.32520479351271 52.95933035524618
8.708892349842001 1.109273892697933
57.525435763485355 22.071670059126333
29.06978640291331 81.8784228419321
2.650414552341582 0.723712106226129
5.43912631153202 5.798153024527755
19.480797394658833 4.130285798525575
6.15031438443493 0.9524305007509442
6.967616692429584 0.6898360871171161
3.214270591269575 2.1588347422351437
3.715763189707878 0.5675530680322006
23.29497292571325 2.053772139374789
69.45109343155197 5.693580575619748
81.96190476791662 2.2000542012015267
2.311071537566849 1.2911557552007653
19.434422407424453 8.498274533882997
20.92406376097399 2.2026309610094366
67.3231782728889 13.854700670858746
54.09898346232584 88.94221071675162
29.244376835584386 4.919758571286804
5.2060702867002515 1.2307962519923383
12.536361788634016 7.4177159905097865
10.60892547414018 1.7751914712810957
11.7590207715507 2.37287700258409
9.385620991709251 3.2155521620442427
12.669870216502915 49.4931468741594
2.0369603311203264 57.801334841948126
12.82101539200994 63.57687596898194
29.833993745172165 57.94858081105515
16.615873713868496 1.6981272867808672
42.91485327911576 56.98727757753417
52.21703317326548 18.190581502887987
41.91322932861368 6.50886392693321
6.126028877745165 6.8105576222615305
8.151081707906997 1.2221071937908874
5.515956110660253 1.6140262230353177
27.98292109309104 9.632080789877708
71.44989150316172 7.585586001083
2.4485978939010984 0.7996161427905877
4.094478312406384 3.5016068524114923
6.462367548837789 2.45681818088777
44.30124143277145 16.557086711495508
5.436942952197243 5.4540499203817525
10.863681844156808 0.7863805900837281
70.86069697887449 87.3539552768095
59.22795951405705 89.3133521927409
7.8359595815081216 1.4537997458125758
33.35816626296767 63.67008296811609
6.73292002895821 1.482907374321289
30.805635181136257 3.7871243589228984
27.10950685161503 0.7519683579677143
0.12419464698313355 0.8511201145167443
51.93618533874775 66.24247575303917
55.97653591629147 37.8226849534221
7.925696549110265 1.5484325624007704
11.627284665180298 31.490912341259204
1.2551781987953348 1.042494708342136
37.81491886804884 16.151818112726442
60.69760378846645 4.701862874736972
17.79673364348443 18.55056870827507
2.0027562344787797 2.4693134730463275
0.1864230118208501 2.3462979121864094
27.228700750097925 18.766729818164862
5.506042424500677 1.731402188520357
51.19000019557431 10.22016405440559
2.904189629377103 1.182103845171624
5.836969715434363 3.156711162455562
8.631410572112534 4.3732704071564745
8.290156238038222 3.3177879340712955
49.6331075509801 58.294241411307056
45.90565636560041 107.78112198585414
3.2550129710920435 1.306594467159471
6.056489555949446 8.922650618448616
4.496669484413355 22.419317235998992
36.15781126003317 105.51670687690581
88.33152082521546 23.619203671182937
12.542563699373716 30.583031330563507
6.541845864311132 2.2895837157817884
7.313253968271335 3.3108762163313528
14.344879333054914 31.503082912901277
8.413104395427675 3.162729436154665
3.0735369930430507 2.6434355511989636
47.49591702935027 44.63282642425978
55.407517237745694 111.8490546796892
2.9383620307094995 10.527477364318395
57.48862504559597 9.190233681161557
4.604026427145844 6.62393118502691
3.401598489300531 5.080373646130033
10.897710977713672 61.95658339500254
3.065448726966182 7.800524483698935
73.3690988381654 21.249681069353002
81.26485777579057 137.82788350082447
7.35740383173796 8.13605466844703
40.49020964873171 70.27192382884448
71.80734991618807 29.04973232338539
62.271130298759914 37.10191001924946
66.91485652694601 42.03736290949845
22.127710615189727 53.61413330440483
45.94057048197208 64.75567964593978
2.171982688342979 0.8457056004766629
57.272592440531604 26.83181534696834
19.893062126080906 4.391263144998235
50.46683718007388 10.305694667664742
55.36766706097146 19.478201152831694
7.741252385384831 1.4424689296952093
64.00924317567117 6.442037474339895
12.567197310812633 1.4998077397184728
24.47483450350103 1.2195736128448578
20.188261707515196 2.075806030565432
2.486580437178478 0.7377556522982293
5.642144691001652 1.7553723697970158
5.993844446953518 0.6024004342545984
25.61793641149154 56.635388033335246
67.53662533980405 99.3954018145828
55.87520727990906 66.67074119468141
0.9720450773623934 0.9032738773654283
1.776695236504817 4.112624522517488
29.730337614624755 51.849436145087815
34.295404644579044 38.90961404462104
7.165473864228387 1.1160749957232121
66.1278473263897 33.421125785578035
51.35426188847069 56.58982382758758
83.64152524483784 8.138639635337631
2.3336560640101354 0.21194210701992147
6.327977558409756 1.5238557850726289
70.34258821083378 27.39900177829461
58.4141678119521 32.812165961928166
42.79216612004184 39.45098772055752
4.74610703611479 8.570722582579146
25.992194979948874 6.577147053837732
2.3847144791234 2.221201605740446
2.9244472150418135 28.00199647734971
0.5079789538461902 0.8323483602370269
62.119416917067 35.329726745960976
33.22733931116113 35.40574906624325
81.2262205699298 55.45971625032031
43.93695768098537 61.13030934471575
21.491724419716824 144.90201650595492
74.37320121782847 19.46614384256999
71.66858465362904 49.509778750883676
72.78866653857968 51.37598780863809
13.708664195287485 12.744772097222217
31.37078036758024 52.93105873361519
1.9198997245514384 1.7922280100923187
0.7534456996419263 0.7488231635783772
51.41975352542769 4.090863693220451
7.465827715021608 1.4084002144218666
38.74203101404021 58.65615981597528
31.073366781068184 80.0330362803927
84.508013166777 87.0756498254591
15.41849640400963 153.9914636907141
1.825696050690392 0.5212088666404494
13.47109939816922 1.082494414860292
33.28348647696703 13.661017651962828
21.462924404366017 0.975520714330726
26.066368142278733 23.193924622507616
86.3969956162491 72.33021909326209
24.216959072715518 8.804883945358608
77.29983435336307 7.470056479090994
67.80149746336899 11.471402338402894
7.887553695915358 0.8800894734313597
28.570880924272057 60.76845474066024
74.12165821091263 49.145541459342056
62.89806829464921 23.958582791084382
0.0906594980864938 0.5425309630495804
54.93732144399377 60.04022128533928
10.684207281412162 3.504481632174556
15.380415450793594 29.898850960443315
70.62435533795318 28.246739795647716
6.945184452382928 2.6045644168445246
3.8789818642163243 1.0922046425248892
8.8266210017225 1.724691153098305
4.506227048368487 0.7980628571975005
2.520124532361608 0.8321670144634227
4.598617529075945 3.2780034306106627
2.9618688763712044 0.4701176941669358
10.803190222316921 6.61355909806945
73.70803112985932 59.139539331032786
2.908050260506084 4.733280834230691
0.4670325953040381 2.796776619256397
2.539878348766576 2.4934563938873513
0.4889511189241369 1.2962608348566802
2.019097113678096 1.3586955558218576
1.9983442826243083 0.43900590782906285
14.651183525886815 2.1598088193586604
22.227958733197564 1.742167576703321
66.14569178353877 3.960628686821495
16.900594918759325 1.3631669670815802
9.529426842909965 3.737167988109882
3.21337967270819 1.5890196053873027
1.421838263031362 1.334952056419373
7.514194654544549 0.9995341406864652
8.949669076954663 2.7084369368393646
5.990927613719513 1.1687043662054641
12.307219978173556 12.47803625868793
11.957105440347013 5.654066443028211
6.206276637574493 2.240397522481981
67.56478445621612 13.801949056917408
60.78435509734638 5.520162511902335
24.43109189102708 94.72933702078821
40.12373308238273 85.11858862391875
49.91185551472737 49.38214596393503
10.441714287656685 0.7941312221629832
5.706881506213429 1.612189544590932
5.723059314660832 1.8597144412907947
56.61835500942693 86.16615591557783
69.73798018765473 15.050941092980999
73.48946396604434 17.309246367997538
68.92109213093948 142.05538213282333
69.27542480720439 19.330992936129476
32.179036801885616 64.00582026722144
43.20705545922908 29.689996161404583
51.14913931162995 24.7424252313569
36.01572332421941 30.84923483869442
71.905659165704 31.802540708900754
47.02005390761775 12.735631726212382
11.905816830758093 0.8783052666237355
13.150102620960215 3.5021634419586234
1.991832305029868 0.23808068296635165
7.295223153022882 1.1694518469857351
12.678745731053178 1.0455684991359007
78.01870225979411 111.40366719297023
18.330215974261193 13.329631674457922
49.94306030619395 43.19771915373437
54.622846310365034 28.274637034999284
5.7980780654489665 2.1979798545983766
70.93241215521797 20.743122909742375
79.60707830322409 31.075100071084808
83.98200789309004 8.64548237669217
1.0236296088222687 1.3622135301511709
5.858653237241283 2.867906402981226
63.06676892203605 49.48376866478578
10.897283121631052 1.0999717842490402
5.763592432276593 4.663313460968995
5.3220420536292785 3.733450240602035
5.561615201455667 1.634832678893046
9.710833108782978 9.653618825787431
1.7505203642180989 0.9610481082884746
3.8500984702813086 0.32677866454012433
56.84352976826406 47.34135818860831
43.84179227760839 5.0759673499781135
1.419670531119595 2.24645530481269
12.773935459163155 3.9381913837235696
3.808931961733953 1.5721861282870215
0.6392799422967302 0.3468011194344838
14.697711052756592 3.567184015333761
84.93694275407984 113.51339530827462
79.18188750327268 79.58449724987138
75.4407703000075 30.84272875127727
5.775054280475697 0.7812757532715991
17.60771762346886 9.045080906157684
11.57303902131254 25.74017052287343
33.533643890684196 142.78388146831958
64.40271124047815 36.237963267565085
80.97804291626574 147.58260245826068
54.816457106514804 97.52759976019266
1.7064886064081017 0.35241711541584236
70.89104044872111 96.48268289951139
8.192878099242302 0.9058104708320276
2.2390257735267722 1.4000370031157607
5.096826266974964 1.6575005132651903
51.731702286411945 100.51741850684289
84.14878602103471 133.67832005354884
37.37645849203824 52.61985575892592
89.0676587626001 100.7712693096945
86.43358524510809 57.41834373934288
5.809593006531292 2.1519177672691754
34.84800557532531 27.85997775466441
44.48869273774733 113.90129096575019
3.0767777836111074 0.950614796628744
4.636230531125702 2.2979491130838037
47.835216607730985 64.85027852022073
27.5498657414727 72.51365275540773
52.06076253094463 126.99332246856295
34.49024459999702 2.6358593870749316
73.55040963824803 87.73638253468607
8.143995440716898 3.0903290168906943
72.04894760948876 26.34501935941844
24.843760743768122 21.85940945902308
13.033183226312179 22.716640235808153
19.039331041037926 42.95185387045457
40.54600950249113 51.00832205632295
37.27509450993688 77.99882048989173
61.92702409972594 60.482752735174444
12.923004971890126 9.202746620373185
74.99503474942713 84.40787302644446
5.167476438743925 0.40486392528607834
40.007319121522215 84.86859360529395
2.6724411554220007 0.6772631998576657
13.326847327249112 1.0272592830421503
64.53700452070436 15.540892421688282
39.562905233984196 1.5389069301496903
55.30585864074209 21.42625618118906
85.52725114343298 16.31231959084716
67.40073459431171 77.72450301894936
69.46031953047896 62.728876392852115
58.185416059719365 37.19581433063238
6.268454396598655 2.956096605818179
82.6606558132092 4.559607662897998
0.5802816060510196 0.7507464341875633
79.30496276709773 33.34942669132612
8.471427438351903 1.708022676291209
73.53838982815647 12.094764465386216
6.196163657799973 0.30401343575816553
49.09591414717051 25.338431164388783
10.751787490493081 3.8202884731097373
1.4525791256790728 1.6740162795343516
8.45666606280824 19.47009922482978
8.628945604819279 2.8087754605587376
59.9574586306572 10.368039886294895
8.055358532161897 6.5070345155533165
30.744056878502818 3.2761153868752304
8.82887541851484 7.006494939940028
40.13477916280738 2.1164018527288104
2.1841036543560595 2.754583441363081
6.54957407697225 10.972245332961725
6.044519567704693 1.7535032372381172
1.312645954002147 1.350026220210489
7.985187234769211 0.9445362392359279
3.0815091602971703 0.7941230455906048
77.4908911002256 70.2943933571328
6.743772831014488 0.8716631182598739
4.946652095865464 1.4177202660536385
1.4859749771915658 0.2458239559570642
3.961114165602979 0.6837078549758633
4.499248245005289 1.1680033768910036
3.6156690425341367 0.5659458019660032
15.60471590894931 1.8427350328760237
5.775306676864396 1.1236767476491254
0.4436044555419398 0.4813994292742135
2.998134840400354 0.5339330937306459
4.750904581557214 0.8724706877616542
1.3806650786878663 1.1868126696769183
8.291411745052514 1.8486668807552038
3.01771940782326 0.9793115456256504
4.936319764727704 3.6505557958631414
3.6653265794673975 0.42780340469750916
2.5637065948805557 0.8468247533664156
2.61992834190137 1.0582221842603101
11.022403330534283 2.201333654975163
8.223235722978574 2.6981272458373473
40.8498006103066 58.33886143819185
8.214933998818488 1.6549827471600251
64.91801711603867 29.973707522341805
7.426764277043045 0.4313625248867051
0.6993397467433256 0.7981684224375128
39.70236895823673 5.691982199180489
7.551337575668761 1.0841040687691679
18.440529888659288 0.7165987670528413
3.0738019249518804 0.6466041642680156
16.981579929377876 2.0008872283679877
67.33491940938931 40.06889650472092
57.31863595314679 33.712251666722835
42.29597800394649 33.45082988830173
63.88043041759743 25.247815274458087
53.24908673083516 88.81801827098552
67.16456038823172 38.016539940101204
37.818322439187725 61.034153991692676
46.78750302157084 51.3762373865167
18.408022770953902 9.738003569813841
87.06623555454495 82.58496659094938
9.281747748693743 26.43716975223051
56.92754217911741 59.1147537678153
4.485280683764941 0.7537930089416601
9.995345811284784 6.53355774793014
18.652246256308047 56.90790034618398
4.748373435734461 1.8970805869412404
4.712754418050995 6.839468664115399
14.086492176641388 1.2095952318235392
44.77902702059035 86.93322372708633
24.13472126214741 141.15819297061168
81.67647523620384 102.25470237408754
74.868616532868 110.54412687864009
41.40608808901908 91.44790353095746
9.516179656177284 5.066980414726494
11.35953689934019 8.281998545444967
9.172028279991121 4.836812015449733
3.6741018871863464 1.6559059555162703
41.687495292469016 66.92038677724064
63.8708193351305 7.213911546881265
26.209477038223845 3.647713830165809
33.4087801648478 110.14704104994598
1.6469297317303702 3.745309540628621
65.11616838273106 42.54219157932368
16.86639192709394 0.48654763390270955
14.288203893551119 2.08779587602052
3.3838524029401635 1.444165565333736
18.50843363007592 31.912285814914153
3.22419152630082 0.8641879512862941
17.33333583445852 1.9693282296507375
17.739897858009556 37.04883538893101
4.120023026619049 0.2714544455589523
14.57790646478794 2.132933610051269
86.94444181747247 55.1403488987095
8.225251125893312 2.529488769588804
2.2962017931902574 0.6881586366177708
21.396171890896156 4.1512972473144725
6.370057870904962 2.001512755255386
7.155185733103122 2.417055707846076
17.872805535551237 58.59744599028199
34.3570264055419 19.124510738215257
15.940968065108256 1.674258898326825
5.9323613796942745 1.4144094722253782
23.3332234310458 3.506241642907825
18.280402174837658 2.0674818335259606
38.19020989138116 2.9044518539059503
73.24127090519247 6.934702412863817
74.35320572051964 14.521166740409745
2.4205588667606444 3.013858193199581
59.509658225887165 114.85606692858978
4.298232786500095 2.4427865264830504
68.98892502406353 17.634948693932536
28.28010185900405 7.415197515560636
66.3888493372167 88.81919216557785
22.581450402360502 45.79573371870319
12.79720300020894 22.53803261666422
21.265839565091454 86.17040896470678
19.54800253995575 122.58785357929757
8.105739097012906 0.7965311138797367
83.95956930502005 10.84103804790429
2.9928291140652954 0.8333517942668568
8.315616355925505 6.267491775301618
4.835606908599942 47.0223303854241
12.074869226238425 39.169269651609795
39.98750299204679 77.55473921959945
61.52221691873393 100.61849525438417
80.53967618281526 121.21890547145519
13.479434634557379 54.90140376042922
50.84756173614711 67.18157643193204
32.262296828673925 107.64156545850001
56.6346301498406 28.85753337855684
61.86601476930767 164.1712171603624
74.81086955661068 160.19112572783922
40.71507997193662 94.80069600579202
40.92708003732605 76.69194166085677
73.38732061525538 148.60243441737478
74.77877531791292 101.84950784770403
1.5105238500355957 0.27424196900284264
30.352323207662067 74.7131649350342
