2.178728866227209 0.576150450152293
3.990867824078465 2.2426185180804654
5.569648009998678 1.5537651503498766
0.9341527189185179 0.8663763948956367
1.9330012882707692 0.6001299529556318
77.6931210935278 73.22344825223756
11.13101754837913 2.6366889974816416
1.693734218231571 2.480311473646856
1.065420470018704 2.973544480570698
1.189485603822376 3.947758270538485
1.259375391014932 1.5417883160326893
18.479977795072777 13.085991271765126
10.062506844872015 1.8023329060758604
1.5030531806261944 0.37084949254764843
48.48855614725559 37.6324184217645
65.7965034350621 17.573072765534345
64.41098068858811 9.145864106562755
52.25845784838828 10.349584864340615
16.324857189462858 3.2070385997782447
81.3473273415716 20.131757292591285
66.67196010970046 11.149147750689897
87.81904874175575 2.4750660369035575
2.421530533567392 1.2957063382708873
1.3793353002699906 0.4735724564949368
9.785815036486431 1.173386665872917
9.303582912198703 1.1210012759507693
7.303352025702824 0.7048587417456038
24.571157991979057 1.6391362560696123
59.91822125508695 1.0041820390574736
10.10593245279539 2.6365475062105292
6.005798245528192 0.48992104728826325
8.09590706727749 1.249477320911183
9.976131490446397 2.324562577994313
2.3695270208449175 0.8789421899002144
0.5884489659841731 0.44751019455023583
0.6125559363880902 0.4417804095278073
28.736508156733137 33.21495043642789
1.517000815088499 0.9401472780834955
1.4908573456997698 1.5020145666217959
66.53147190330586 12.969759844085768
1.7880842487738329 0.6783548301086938
62.60117717752054 45.8234166341747
5.059212592356935 0.3898831573714162
29.536662131376914 38.24842071008324
11.172181224609611 0.9547653733706581
1.5883584224133744 0.5313640423812783
4.021453265106673 1.5756760946020472
3.772647213488235 14.59146659574142
81.84741581389429 123.10486748928018
59.16641730270805 31.44419824217529
49.69440320217997 171.32260446323116
68.18259651376378 138.84957242143693
43.91843468380704 49.711134533168746
33.503142307758694 27.808788741418688
70.85431110082028 53.7577125020258
19.16413499810081 6.025408754131327
31.963571649714567 3.996144869202339
31.460385322357354 5.781000764251628
56.11776509854014 4.120625244546583
2.5867462438502775 0.7277633767687399
25.187921150588437 118.09790397333529
88.94602006594022 45.44034438096503
45.99919698919656 14.432087110995774
48.132226779672095 46.70550343652693
87.03113534448939 17.873328527436612
27.717463315150074 46.07937751484527
71.21204931201477 44.795702318289905
67.594730508106 24.648056070551664
53.27359140523775 59.99288722891135
39.26074055247281 36.23655881344855
83.31015419676616 26.979868855673654
21.034763994857578 5.1528671694666155
17.780055662858626 11.386489677428218
48.90075170116583 51.095226578392996
83.29124217128737 59.53541312094319
5.826974881509827 1.3307930648831725
52.330087929670455 63.942205235150475
8.14567592689713 1.6631366767710498
32.70680628857051 23.21097768917575
87.34002028011778 113.78118173093992
2.1932064392183683 1.200212694653751
75.07068481874978 63.517465394243345
2.7559790965831867 1.2471636442205076
0.6017040512161967 0.7148142926521128
9.943248913601435 5.854614909108036
34.1952734209935 7.397509660625072
58.998112034203174 5.861321628541674
3.2142022062207096 0.7514832891795664
27.58411585427652 7.67684384740169
43.15176494945284 14.899335804384476
43.46711907301622 88.56646485245346
73.21106602585462 27.837370497546587
21.682487158987712 28.49419398024265
68.14721022738706 67.15381187932098
86.87620092511011 31.794121617699453
31.849349149873373 12.23680813089632
44.91733829429674 53.25335779712083
36.09307272019089 15.0954763566395
7.694228591321781 0.8759516302713295
61.503022874390595 45.294286207605076
13.739828567781613 66.45935684774621
80.97326563653372 34.017747016439984
22.117804438127337 72.88344982973958
12.83279576529815 4.323327396394308
84.84191200976639 2.765206690688002
86.46413257499606 29.90180788236577
31.26637416479476 19.822373379928727
30.21709893177375 37.23293762635769
45.138990300425945 59.20918384064271
6.404395428908543 53.23322469926243
5.99707056911864 7.970394143614125
86.38307951661567 28.109827554473775
45.010563087573786 98.30718069121104
72.84686445497475 74.54657513219307
36.306186829151756 33.519252599263204
85.17810151541958 69.69966670318404
43.02787074775836 84.35845948325239
38.5325120970503 7.893123472888089
33.580323160230385 41.4344529705576
65.7436174167605 152.2670517434242
46.05640100263533 8.134961641926832
33.96757564877956 16.963603939392016
5.7769911534960485 1.5172288254708877
86.60895661220113 32.49794876472644
16.013733408695117 3.8355133127725876
77.28359704853213 12.584517965409004
4.176145682023456 3.3392170562052366
41.7427519578558 94.47931769765559
9.329481274735713 78.3753014188136
20.890837250635315 60.09593425283236
62.27717646469985 17.752050065255524
81.95318684831707 31.383992292409793
40.551251906992064 22.47620056596266
45.05758049684076 2.2861083097225916
43.671810128394995 4.619026066656539
10.756122985735862 2.129865597313566
23.338770675469387 8.440823924335522
31.958747048128714 16.31057514217786
13.762032565553408 7.521586433732572
10.075946988352985 12.694063909498174
19.044028121378805 3.2526850030630885
0.6916315240129913 0.2635108003695839
2.354052192479349 0.7056540712233199
22.280097702719356 4.043207848843114
10.808715472629451 1.1259734387121312
3.6713470101983954 2.0912138417088357
3.2486980332499074 0.3193580802054221
23.422934015633736 4.220169905168228
11.136110700026391 0.6325044538144373
19.647979765877018 2.280989412486035
14.98878968619248 4.434505287284863
71.77432609456143 20.297743841735087
3.810386603782147 0.532536179795252
12.524690778815932 0.34380414404235315
6.9160759079617025 1.4128131146255822
5.154269481015024 0.7141440092011955
5.5943555819122395 2.1265257606654178
8.8602897003193 115.6932704420808
36.16454062255531 101.29714116342645
23.68530926937524 1.497321162668748
6.318751091973382 1.3890587557995029
84.99392904174394 13.516313457464276
6.408568259418313 0.7607789264618284
10.8127556739326 1.7858039330355049
13.448905566620088 0.4226166711419654
72.83867950058305 9.06570278937015
75.38694648166762 39.99693525880879
89.79560233343324 16.48076274855365
65.83068580799328 32.1773986693872
88.06221256105812 28.22311235675131
77.90181362211148 16.727253241623416
73.80931527440595 50.36488941348035
43.05782842462502 35.083246411188455
28.806399612799453 20.230879316874287
34.75375934063899 23.07962631387888
78.33534192026941 30.022946142648436
56.29994265524127 60.55470544612561
49.874203946292795 68.7457469852371
45.09118961086173 38.03403362600071
69.77304593474662 9.967261484302426
11.982171154799723 1.421735556497801
5.835104756337785 1.3030279379745628
8.952107274304717 1.9215396786974748
4.076096388540861 0.7427969456994319
12.346897095172267 0.8614984654300265
75.7252254322144 68.6535938011882
67.48548817655862 9.313668426531763
2.4923732763303446 1.5874651350575602
34.99883768026503 2.299726009822836
5.833605119384024 1.5724989432022265
3.797966807087511 1.4277625699440362
4.23591269903028 1.536892404768803
85.54333948286461 31.189479951584044
1.3800271327835725 0.3376056959027442
67.32226745209532 8.646903226056434
8.617595400664086 1.260375457351414
34.007098948123925 15.061394678271672
40.160320440850285 9.210871342505891
40.337984245351635 2.407456195374646
6.709905552715071 9.654689046212555
32.27147383502293 67.35133395496736
63.12472272425606 5.5158156969142125
59.942615400591805 23.671884780211315
29.762793962010658 15.842029749034397
80.0665996468954 95.29288106511483
40.662689964639426 36.50576943946876
15.127532329545597 55.96165249865122
61.929391096264574 32.534588564709566
84.15819011005813 174.61686157005624
75.1680981640151 96.2484879124374
67.56909459387279 174.2254582913409
5.827925379641372 2.7961036685110043
47.94497633987365 57.338012107901015
38.651644004148174 12.583975317518176
23.067322426995702 93.83915155013075
29.890556829174983 7.130596612713747
52.01510106745988 99.75967330820916
25.971206819529247 14.679004425464347
42.69672881569278 81.60077125873866
62.36121951250896 37.77671225983079
63.77790923563886 144.5953628302672
64.86716230812296 21.661161988013113
45.55578346146227 3.973744396904105
87.49454963261766 54.6971725945712
17.581602514513065 108.49815833524733
1.0170563253033942 0.7131369000084294
3.382435830436602 0.9163818322025632
33.40751335277088 79.39900660049733
2.711251807869066 1.5224338125216335
6.340828362802552 9.734038895963678
64.12337078743563 9.10247793985469
1.2055368590561677 1.3188042187183922
50.7171630921045 8.303058773749173
60.378543519752846 18.783959236513752
0.9616274474672697 0.36363968179387174
4.84534409707562 1.136996616373394
22.49426860706188 2.082388725775187
79.57287875270433 2.3046883665521376
27.110508255316482 13.521990810997716
4.188486929312021 1.2984660800285073
4.457851112421151 2.1135827765671524
2.2265788058346234 0.3566847319357138
27.494057817874605 4.185278600593125
76.39490464409417 5.5812999602442455
13.024759621125257 1.3211961477296894
5.466959940818833 1.8143924252867387
84.97947028161582 39.319127283866216
87.38081258695279 36.894684549236835
8.594383339318737 2.6641390487328067
3.3667509318495137 0.8113493890614314
21.850235056893094 6.921406774215756
41.89091742888696 66.99723588490684
85.95776898804759 39.82413667286277
49.620136892622476 40.797475056784236
2.5200340923756284 0.5051945837508962
1.8111956015770971 2.349344326540354
40.44853773506995 122.92738266893323
86.66601292489011 36.58412627723652
69.22641513876067 48.814280260990735
3.7678889712066006 2.1074451357412993
33.39345458169759 6.618146802788178
29.18703343986158 124.91155456373279
72.09623445684677 61.06769276187638
2.1606778463599174 0.5213771771021646
35.930010098129614 40.55719984009041
1.997699028004093 0.4434866454103092
14.490746879109054 80.32353460376548
43.67692910699222 66.16847989510141
3.238196766053435 0.9691200402368352
4.092448402204275 0.7390927353674255
64.43655145064682 9.765371525299686
89.49339664190273 29.430007070118855
27.69806410998355 12.386823884206963
76.72392169961913 18.13410877580345
28.204145224955823 25.893633893839947
56.066759160307264 16.365150720949778
83.31112731125779 48.96130497742412
8.511714697247164 32.67535411089092
35.184740122508636 1.1770565581340275
73.51626809700153 150.91112413102616
36.42662435545716 7.102537640866095
73.93136128543432 23.87340762694537
47.831965228864874 78.3099026221375
15.265350267417398 7.4245265290599525
27.414556681341566 95.29519963828557
67.0833822853157 77.96330814503742
61.724287528599135 44.81820920359371
28.37419879575708 56.57953493585337
48.46260605666336 114.81300964356066
46.88820772848292 58.8426255969597
76.05951169071065 68.82636724965755
83.36658112906738 106.53642696773181
41.6610495068911 25.65145252431136
1.964490769545739 0.8901228580572439
85.08330025101706 53.96925371299894
60.16143921362442 59.09210058315774
17.387116038043995 2.233197683539437
22.82177184417677 4.950482841988643
51.194462546938894 1.6239136242343635
55.58617225599212 69.88413831469857
21.302067382068742 40.977576626300774
35.01873930199531 122.97862104666787
51.38964042772466 44.57384605058365
50.23990360781136 79.32051339858383
42.26258186001694 6.3900656226391845
32.15208900080506 78.79525771701792
4.293659128758067 0.5354930650851492
22.272215641289904 61.46236132351339
42.71596997725828 6.554899451596659
75.63039790210682 10.494626565270108
5.229718868340187 1.088749779791091
77.72618949850403 46.12577861313396
41.46502720231227 23.802523619500075
30.453262043504626 63.63657955839599
40.84699344635685 10.771232618082589
25.091775187265085 88.50877418163395
56.19596058904647 36.51434986051729
11.326671848646573 4.959814581732965
77.20740536707525 39.773118525279266
48.875817577171745 22.95868886329311
14.67607348126934 0.6009401221978408
80.33100390482085 24.303580567808634
48.3110839254152 14.569375256218233
22.48678138099192 1.316653155801263
7.303576211210724 1.0556714271680783
22.74288050036902 36.72980927439576
79.82648199045656 10.139705775702167
20.674438286766517 21.67033583310591
81.98751009577614 37.56358295129913
57.86737766137624 40.048326058598285
8.394162359599736 1.2249150662212376
54.408673041156256 10.105849723549822
72.8317144947661 8.796839033347991
8.435903186046286 2.722519191483434
60.77123331087141 123.76763795072816
67.36611411666779 91.25853172726674
12.025298283714934 5.246859329749207
76.52132448035005 85.56172958669933
19.107543410609967 5.09237486051868
71.24434773147887 75.36354045921169
48.99134635563316 49.281570523936765
73.81083611873419 29.345174552013248
27.141522254357596 5.430078697583602
73.25625933465844 20.70103609364903
66.87060841802402 42.19513733954592
78.59800438270547 40.43175320403343
20.894152316635452 13.3105065905261
1.9710154469525658 0.4674014726283735
3.8272913726140394 1.1563086080643608
8.774580124959886 0.8897074708643463
24.081152424992535 10.412629858312076
10.645064550221958 4.051659620062419
21.797484927722675 44.72012166537606
51.188530905948745 136.87715909952178
45.61151554983189 31.399125835874
10.72680497918974 0.756615060945132
21.75150202027146 43.73076121721962
88.2393220003894 7.707977348345687
87.37790021671184 4.966711501207993
19.594202283850855 1.3960438336120164
60.543799492154385 5.327932258107099
67.70690397933295 19.31661301387148
88.14306744614765 22.38013121041697
82.50918855371908 34.88724781374697
58.21095492561652 80.42484816751364
52.97120669745381 66.37218800796543
79.46915981485945 10.105609165214876
77.55176294174767 33.30548260112509
61.07174496901932 29.15485256204149
72.90099041258166 133.02110173674475
3.4901886503046993 1.1423789535471716
27.53114151189321 57.77756639096799
35.424308533058344 34.77482682328979
7.08275830737479 1.3813726577967045
55.39747991594581 38.17356450742458
5.739976542615175 1.9375346932798694
56.2971822049403 5.7479907039653675
55.691406597537565 101.05533541183058
2.9033007595468825 2.4591701236884407
3.9981707132218554 0.4205601379852681
12.210272402741566 2.5892209967365467
34.966997968069904 3.9559091162173154
89.81568980684591 52.79555263507206
7.606587592030573 4.337249087331147
11.023969645016248 5.194413609120391
13.43143522883538 4.154904196641777
64.47952962682703 16.61926887421777
24.674781898516247 12.252628685725131
26.45469379623708 25.832356665198894
9.051037264256701 2.312089015758275
82.13445202805664 51.97636267387777
56.570291013111586 21.003077502204576
35.319004561084895 25.112210226174863
50.02370962178224 57.53420712879145
71.74478068750899 8.754815022112773
17.806413531164694 10.344493601112797
5.621648857835189 0.9326294625742347
13.197521355951912 2.8846048555996955
45.19853301696412 69.67666006719135
0.45047339680040765 1.5027223722015637
14.067572507399921 1.237368539583048
42.50155123919194 18.446933948427652
6.684781710189798 1.7789925517757994
55.045051746059585 12.141078345575483
78.44470150903217 31.92998370147956
1.6720948720457887 1.9135551537533897
54.808656606435726 155.57415930620706
80.13736620329718 42.704564776144146
31.38906926378103 80.1108119928896
75.49025801626705 37.71636273146749
13.541733178684751 3.368997572512226
36.922174981967174 55.260946452667326
57.25183463744649 9.929801362629371
80.30158231174305 17.224309859494287
17.811552575408726 32.837715062855224
86.01130735880744 12.554782677177814
78.17586832548277 23.467948061789386
49.968165804004435 10.651587968737381
63.34455079091434 12.34717871505448
26.404618441316977 11.727470019164214
41.121566046630065 5.061412357889908
13.622867835836216 3.354889467690873
31.047357560125278 70.91398324187095
59.170047137698774 13.462189956126137
60.14834717369537 8.817586570659174
62.89511613310022 6.281874431589494
88.42192309601667 8.618028151901441
74.18646177851682 19.660108035499665
30.467636457424998 43.475953175497914
85.32524203813436 20.141802918587683
27.086206991352327 62.68963868605919
52.888871633179 19.488757793964844
19.73871586000925 65.0294983405403
22.74587091898468 58.518082304240814
34.962855304155426 54.24802515902429
89.23287006866643 64.46323453372402
5.535331804266539 0.67798086712543
55.76961651581075 116.81232231375957
3.0623335076058815 2.376726049458236
3.84683365692911 9.060669891635726
80.9931172339825 59.585008008066985
8.51495108499555 9.91212590013591
2.428658451308347 1.6161940637639252
41.95108934484619 18.723220293324264
14.860495288030755 27.41960567803876
71.80807844008022 53.855748088690866
32.80261465022946 47.29345157513727
57.60729042829449 92.50698357574028
68.128247324444 132.8122453062382
30.669363956382355 51.12078970592363
57.01891333833418 14.103271355594254
7.346462894049955 32.608493753383954
41.83318707169596 55.783959433658595
79.08552574441507 47.665910059744554
80.9690791236031 23.338647202041553
85.73132559535904 10.784871989777717
70.2515765314231 11.390176166398595
68.96090094772576 52.742753911701776
79.25628679989184 31.343990645757856
83.45253583582628 24.298492181023185
65.56231347285588 55.76472164425797
77.03293476570602 45.334914688379754
7.763765305721884 6.665968421682768
63.1853902845086 53.95891642781959
1.2441179744628665 0.5999381290213945
10.198271989775069 0.29226682461835557
28.981749060582757 71.63137430211766
59.26840375407855 44.24385414137475
22.23558158923998 22.96510296293436
1.5883014949253604 0.28153391526675114
3.486578537633402 1.1537537801051545
87.92712491439633 166.35999557124762
13.22691185875696 5.759190491286709
40.141472084459544 10.520886590239268
32.32963402862003 26.203602054331064
84.68180538023248 59.30688144602044
42.13964520489327 22.33990799064497
5.319263906538735 1.376184021127385
81.60303251771447 83.18478865501174
5.303795719818612 1.2586755683651232
26.101697131685548 37.77360673355302
11.636053806084158 4.998356582541193
7.787730263700863 1.9731924757870012
8.614412342831614 2.715296776081055
64.97742637276046 1.9459166103999286
60.2662875381156 92.82262999296059
3.553994848825668 1.5030260707165524
1.478156455076412 0.49458814586866845
21.181220573223104 1.2957949436710285
30.646658667129714 18.52294020405854
22.947470514717512 6.332436196671559
24.570389448294495 13.681734548772694
4.359051858417484 0.868262483072484
14.259537738575434 1.9012869789556237
14.287112148988728 1.095628828130784
48.301364885235266 119.06825393732866
8.938350093367925 1.2688092977546415
2.9264368084787304 0.8714032782069111
57.42704103633024 47.70322653955737
50.89853152727002 126.87002871905734
82.16981428230224 144.79226176252766
71.52092031306323 111.9989552130326
34.22260619481575 40.61473789353863
11.69399731547602 5.146756758650088
88.6420958878782 47.66103194121163
82.40213287694691 31.29552897456677
71.11415906370401 16.780647101215386
49.36128835019468 2.033007490842885
43.35794171186705 21.065984369493044
1.6049174216656243 1.154322538408781
5.625426550304365 15.324226990782279
20.133166130618577 86.26112999381172
19.910853267361126 73.54371913368169
53.67232429329452 2.5799347159002863
70.0915836472396 13.898435776827174
34.67327989563341 13.142215207542865
66.84972518908303 123.4927657459795
50.11696132569157 113.28072126361825
65.56931331719538 12.354357416820305
48.27729106428666 84.69264144918175
53.99345400803746 91.74937341855822
50.731861543379836 75.4353645937047
49.44791561147845 63.79499598836525
11.266053067849068 1.849627780160043
69.41334640730115 15.750021246091084
28.260936715181202 1.561568420684367
84.450608023555 37.25246848087968
78.7467574599102 31.062894514358234
9.835413252344967 2.9902330070691407
2.550271674008426 0.9635894737199346
14.843954482590053 3.5093416424384434
25.61486444969625 4.8143403753025
46.833088540556155 8.35434213018827
46.36247619063429 14.718464365626334
7.394029516284541 1.8910274853419822
43.249322275789055 31.98438408148184
50.71165144697899 65.98899827077285
2.92846316550876 2.5859455125639075
16.44808700877968 115.66157483135916
55.38703086163535 83.88950201176311
88.98033499344758 165.08068856198994
37.94348401600986 6.967489486746535
71.32607865326344 177.62519279638207
7.276561222446337 6.328216501848896
4.048013989014464 3.3148799369469666
0.5346462351581556 12.73523461556769
9.534103337642007 1.3691369383172385
2.5288674398606035 0.6906060517935544
3.101861378885191 1.8615600523353044
9.680470301874031 6.430086530998517
0.4513860196369599 0.15351971320026275
13.241122503141126 3.460875363428557
35.72125478924058 7.075523576329022
52.11188652706785 14.624100953457331
11.231560178547342 1.864404174089676
60.87374984450761 88.64524949170757
63.77129474276242 130.78263761025033
37.38314531425834 89.20199009543593
70.82124591275682 170.1109761934765
47.876832862003404 36.607356734164775
56.72182615896759 38.90283550387067
54.92692076412743 32.04728198103445
71.73483066210231 122.11702746129792
25.021587313071944 1.504298926705263
59.69502169126011 169.4643693361684
23.8195730621606 97.15367094429953
56.353441060688596 101.27977667280672
19.779684761655293 34.676676169935206
8.806633346945848 0.687194908521629
55.96503103752255 5.6896370610026645
2.406772474655394 1.4320277353717605
25.12042680008645 6.7463714721894235
2.4937958986428357 2.708243578119025
3.687645265413716 1.4352727713476368
44.031274418085474 82.91512402648458
89.42835835958998 57.68624907431428
27.26781363142666 1.2712675308920856
4.523444861195202 1.1330818505714126
60.44896403977465 100.12914553405756
57.942847635794415 143.39147875938687
2.057397827549849 1.267613258970274
0.49020286364440363 1.0360349580640822
1.8360871117984041 0.5712825602190259
2.066730956040565 0.7836445678457153
18.52897248814375 65.70346681083454
0.559369715447041 0.7222443030173173
17.312152102850305 3.555594748270671
6.5158045191431295 5.6875111316936104
63.79990791906582 163.994342532878
22.5753846031653 45.20689638740172
53.7045465622308 33.93508725989501
4.6015490719495915 2.642515179733217
57.01523300048306 72.21509334813089
56.360288355850486 88.74333681223438
67.74113326618392 47.87589986956443
41.14981003170061 165.83820186329146
53.17991591369294 17.89660566980089
70.6778791138309 64.32612553624486
23.012378549563923 6.4963240124943145
53.201722572030945 54.12370964293967
12.24486761721667 92.90621922666054
33.76830271010144 81.22020914573625
34.72237216114064 137.88460504247095
66.49480488671867 148.305806237671
80.47701051434318 24.953521049643836
77.336640249199 83.71906610901605
5.511486039028389 4.485990704695368
45.20662615882949 133.7884019334008
3.004877450835171 0.5188953770499444
57.97597870543326 72.61983495064774
41.43432538807142 68.56314363291578
62.23375099087063 82.90346685979029
10.072400211266956 1.027856107853886
71.15567564815238 75.76372766562267
6.289989152842549 2.177196585861465
54.054094706656194 51.33031152279122
82.36755541226306 29.454373827966894
69.20841302930822 62.97437824868301
44.631104358320606 42.0718892795197
59.47285983161569 61.710595352885385
60.92960227969342 48.96396772186904
56.15568428940295 2.2069991958489017
20.034453016746987 29.835172592370466
51.20913601947905 15.925570628725126
20.305390652498502 13.967271312171038
58.62791180330433 128.48372483995624
9.480471607265999 4.475590272577551
41.14106342377778 89.80174278709666
44.48103569970314 15.861809349463098
5.437575442952706 67.37412334817581
30.921055362292908 11.089518892821872
1.7277455930884003 0.6675206418488304
11.995988402064887 1.1886538546724095
2.224313984570555 3.5750978387547594
36.456287715930706 40.25153877216508
1.1910729287493307 0.25009846608227554
1.356719047047163 1.497633183493036
6.196589657649315 1.2640541484381145
49.683595295403784 115.71040141182131
33.39206370452516 0.8933253971721055
10.468927941476494 66.78439708096059
36.62039810615092 69.58102940200331
81.82514388805707 92.75129723565992
21.139700150656612 6.900804148447044
48.1957168915201 51.15183847263602
47.129872052966135 113.07488704002968
1.509523611615734 1.1009787501628647
13.844445754052348 6.863661576178459
5.7873505514934465 4.04792916955474
4.5087002350042145 1.573441890978415
69.51797974805486 50.11086250852674
83.47865249930243 6.180987136483472
17.2689153650804 3.1759272011255963
75.70338633652297 31.83062966385642
52.14768436643422 39.333773025068915
3.8076891410453073 0.6988731290968105
59.46377540412324 68.51914543917711
86.95797181494348 42.62586648983842
8.899755598828033 7.1534022397590125
35.97923857679842 18.33428443486457
82.91384323381425 119.4435444618762
15.538779584225527 21.98660708944421
67.21769869889847 53.89419615397733
35.59286929584171 122.15669875277086
73.32302811141875 83.25336756913674
53.89288106893935 37.0417315997607
51.951954507237105 153.46502333902646
43.93556221946911 85.19595214710992
66.21247813953842 69.06123976217674
48.09925140549231 52.10722910746625
78.97820668048472 44.36671619374113
41.24801168649896 62.5071994012594
29.5371651075351 0.4596345036077953
50.167529504973714 31.46885550296266
25.61730808502483 32.32089644372053
20.18320393301952 64.04820458981654
45.37532892201768 16.935769299893174
85.11405747566165 12.868970479743915
36.552814500206466 142.72032819876057
58.98280756578686 54.322158367008925
82.28052020670852 22.413513947306473
22.973386788573322 6.028464567716345
31.026700251665552 36.911351366064935
33.64474722206314 54.876690140412414
61.619337096578725 13.080228973215736
12.048178238436686 1.068992401250996
12.75588881052931 0.6392151510875573
67.50650313867922 152.38144007416543
68.00752027088274 135.01255512687996
28.504159943173654 10.254653180164633
55.80320396663027 45.448534963201425
77.25588598112155 11.567844298940903
47.64217904890086 58.69492525151788
5.064359335180556 3.178565216664178
10.889904584918094 16.22206550526073
1.8616158710158022 3.233040959780653
5.167486182437104 1.754314202484532
11.079425039683827 1.8319421699187393
18.717789153798368 5.5802587938373645
61.75600207050538 76.5406768710952
15.624224676726925 35.72468243484048
67.48768233034042 99.96763159695371
5.792578691390222 1.6046773566083814
1.8173639100663195 0.7127229425840503
59.353478850458174 45.868378690456105
74.9193671961461 32.57188346232838
8.501544739769002 5.687584605949051
53.882340539530674 28.237201514184125
55.93035013342431 17.65971382996174
20.180249169126757 0.910074973104637
10.642012668161785 1.9315260049847207
4.6464265999470955 2.1983394894373482
21.00938998850794 2.6147801127441443
87.18805407683479 70.5743243360998
26.704662118782508 4.74704748230788
83.59693608094683 32.265832472671356
46.076284279918454 21.586538679111268
0.6455691297307468 0.4464239802222888
6.330004275794307 2.146907406332763
81.88669863939026 6.690494209413103
30.34275689164019 84.9932411172411
10.133934301373365 8.922469484876082
4.897123806849628 4.600005185864069
1.1064919434460752 2.2319622342326073
2.9727138231623873 1.854285953873695
16.593548719651718 9.714172916860072
54.20649024307694 39.98608090136598
60.58373704850686 143.93171542750025
35.82700405064776 72.61192351461229
51.931619208187385 1.9915275568830189
89.30797665391101 32.634164814805295
74.5002935485548 72.42544323033131
8.788743026523752 3.413149679977202
5.738337187723784 1.5133705105106783
5.677777160737469 1.1049647614487212
1.6525777312616623 1.1897715810606326
3.700950259306476 0.6367387948310962
44.284364801557565 9.878216074368389
58.436159426720124 84.65024576431648
2.5239415586806357 1.394051856689178
53.685417376017455 36.694469564075426
64.68467063135168 24.036684402477256
1.3974969894237859 0.9604206985845277
6.012395830666868 0.4119367182573388
88.77629642659421 25.43776088618542
82.07593110684189 45.320904876823974
0.519394374223266 0.6071334074936717
17.492380295327617 16.449678726613502
0.7371222409677869 0.22654870461955515
47.05118527963071 33.608746045819004
3.5309762662090676 1.1712723465191672
4.0698297639602545 1.6890975755547466
60.35246408171738 16.8401911061305
2.4056179680390755 5.488894849899197
38.98608090252853 27.00864020641546
3.8542428185999906 0.9329133810702431
0.832443544073148 1.4131184820877665
7.752225959052043 5.497885581749017
1.2731475998722557 0.784859601587594
4.226057320132169 0.7388778770223392
18.867759073907738 22.820699643081895
28.393259978243485 2.7590526180577104
4.267658085457222 1.5325720758100743
42.88236813603704 23.16777073783024
20.576464398314215 2.6505476628363995
0.9440262156509824 0.740167425375225
1.6304003645345158 0.6334013407708493
1.4100295568550707 0.6467943846739049
14.352949685321972 7.1162094667813705
7.155561892122577 5.451688699958289
1.857939865792643 1.9409173385859047
80.23502646840198 40.23765136199211
88.40387309921992 68.96156087831234
3.8520764983940987 5.739110254894024
8.864242433419196 3.8069985826153876
6.71233161907515 0.5189727559144546
0.34036977316818895 0.2586513530824491
4.000314230701852 0.7228114909212994
1.6490677004053698 0.24037510662425593
9.872939280773236 118.72134161774578
14.34972097473178 6.850908984572222
3.104599021307594 0.17632945652523033
3.00877235951496 0.9747523482859252
24.51125317585713 3.2210627054757865
33.36608889946782 50.95047672443756
10.821655400686994 4.663056551465587
56.949299218735874 65.84354109549886
42.62720852576598 85.48402601423764
75.67104235729785 43.33239892339352
10.300277523976307 5.150816407523902
35.59306215047109 2.3907932303662487
6.082753918769015 1.3231111733415586
9.363526811728722 0.7428407364428496
23.005273908877257 42.25687666384098
88.64527721178764 98.22351838938161
73.30102331568096 134.86128125074183
18.652103124265643 3.169834176856846
28.887539617952097 25.575022288176974
67.48880242360002 41.517470804194566
4.104884264564023 12.00391712631577
1.1369036807876747 4.400920745774267
34.27186610089799 50.21172616014721
2.3712666689856987 4.373147201939768
46.29184226609247 107.21333596189504
0.8835798658930535 0.09095189897402711
74.98247046958501 19.371410545598586
75.32936314369435 7.191592216997963
8.014986524725243 3.702691305816623
1.743676804650714 1.1223151077864342
82.93251881479449 170.07304779820285
22.70050381537882 1.9349776917137584
21.457463465831744 12.87437099755546
59.36062977304982 26.1008533878423
0.7816636717242804 0.27060783203579436
70.70229267174572 35.84275396793062
73.74196885417545 47.794671589175564
59.58397808598098 75.08787203568536
80.85642446779347 7.782189508110229
64.32836126517142 129.81739166011732
3.2615028347125454 1.0465212290357058
48.277137466876326 52.53968057644853
62.39672832661579 24.813551183193344
33.005300389388424 30.155690581504555
70.89902425912821 27.466301748479292
22.357762207287927 12.622850753153031
6.892639019771285 1.0663382816630227
3.5917814465588447 1.9515261919187086
50.09151228549707 54.75268673734879
3.3915631873512413 1.6620561185774343
76.856323914198 62.77397747761807
1.4809204775762392 0.48055349309843903
1.681749419532163 0.34147907094123736
7.34010365450927 8.387713796027807
3.8948050852165528 2.573282095491978
0.26025958728881776 2.495097582178548
4.954554672420068 0.6396457929946004
15.858154709113952 14.973533823916823
13.757343827616655 4.442308333168346
7.024703874141432 2.0603925497426174
4.328841941771876 1.296200428337667
8.541896505825063 4.700025746240723
4.571226876137618 1.505706961387151
5.0421372956845785 1.4519096839752514
64.49766232223952 13.775176230161494
3.9025978627690523 1.6383585762871
5.776186049481278 1.2449553297760207
11.63786006674431 1.9527648671360895
7.759365073586923 0.5468839276317636
5.496698084574413 1.334412696891252
23.372372092255148 15.38879941036311
29.299517750012598 63.188697353208816
12.7671476832162 1.8011696114676483
74.47449810765295 43.71712562364271
88.93034915485137 84.02633824318642
3.3252906854024364 0.8319554297050106
55.44428624844586 24.36395622867614
89.46941983421543 74.75709997736462
73.45612325455836 51.65712986322298
40.20130652695764 151.47936155832883
63.5104467729389 32.04251810988931
72.9376734016433 21.346886411422805
88.2012309299376 17.90704675395897
47.61612725538811 12.229451835073744
3.7351233078914516 3.516963134954707
9.850375476112594 13.50105990304886
64.54053680006913 26.21710714929202
20.61836819818891 54.25388144935814
83.13536511765977 21.347356156853472
3.465994790609046 1.301761723489361
17.038986580457603 0.505940012819139
80.38327619325297 26.786562137526463
83.82233018433547 68.11095185887775
35.4656180206986 160.5281866144721
49.35454970624693 72.51922383849467
15.86113044477845 20.96230392282471
79.5961521647825 57.81613099955344
10.077369793734468 1.1907817713268394
34.89113174607681 48.93607959742401
3.3823206343168977 1.6546472051449086
8.467973651534427 78.48051528502788
19.588108647122333 79.6555993609686
1.06721039012582 1.1184446920826479
1.4176351038914818 0.43535405059322513
3.599170344380858 3.524338857316251
0.9911408249605058 0.35500597035692993
84.01588867125709 28.476962239481164
20.685708917723918 12.54621358741458
47.57358850904129 7.670078105260554
69.56480383045421 18.491124816338758
52.89350078451436 71.8076075612094
14.01126939945573 1.1135521542610742
35.749349524657966 73.86470713321683
18.131795462421373 28.52600145685987
64.98171014076891 9.359554572773053
72.89648821234496 68.15737233970536
17.259238229856592 3.902508457613007
62.00426702254167 46.05874863057658
20.65453133173941 6.140710495035615
71.03454162447187 140.72038739069453
24.559607137922573 4.160665983495184
15.893791263758267 9.000251398922705
78.24064933480358 46.437211638389236
30.283019678014536 41.53569932059242
83.10277287987799 17.023470718238272
73.52378168505373 54.08706726897875
87.99110136736697 72.51645259124024
0.7754940507973332 1.603481072769681
71.50208254202177 12.458524734092359
9.950177219999802 59.679794977198114
39.77612390228657 90.63740972934244
7.346786577635614 2.3389165612126464
47.67717924565801 28.531044457295998
75.40402179091853 48.09568270313107
1.540285212584566 0.8175887092746879
12.571347847128663 6.10215488227598
71.83100464385015 177.7551517314026
20.15818973508749 53.931304228842826
64.12615814208338 129.80425078317356
80.20857871511697 69.3046900641302
81.25214939333766 42.1433859467945
4.325118034068512 4.289382023254519
80.47231647498174 3.1796661466359857
62.022237046341786 24.252621820228807
84.42598464288373 22.17673804310698
38.20705957321307 10.394008246998181
55.93322646720739 44.276996096684506
35.100459103843406 80.77339711231238
82.41004582027401 51.473649125868874
48.38126631637928 34.807011499829
36.93287884312593 1.2519443271968256
74.78592875834224 63.63670031258764
18.12936843781182 72.09665954130608
62.62641339273213 3.0950907303643787
35.41927275892387 25.603728683455618
27.016520729173223 9.71469725843529
2.5022085243563224 4.486048848433236
21.722456429847824 45.68974283665243
87.92839355560758 87.45019182617418
80.45646842487695 12.419052448860121
1.4801437270461213 0.5466410260573211
70.84626806366069 9.761701088594382
80.17672007668274 4.138780604074165
6.936667000081473 1.2186264812681618
71.64400039832861 39.56314573733177
9.48400214833289 1.2954643561858799
8.440447141935964 0.6745417364206905
36.46423815464081 6.246444245362533
15.413321746761772 10.799025671092133
11.208962098713634 18.009209766332035
19.51514686621912 39.65402254073551
7.118428901674082 2.986544191973228
70.52147923731492 31.671407855785073
4.669257389813752 2.709700034952753
3.1676356823412384 1.257513991429332
25.87141792859725 49.34414903557878
66.32515467925836 51.34243190618486
10.604265099537514 4.904178825935778
53.47599036782731 25.35254032518289
5.0559763503761515 0.7357162508013118
1.9214524899969923 0.39580553590436374
16.674011528888073 6.971783441173686
24.488249813469537 36.78268585006127
3.526784422505925 1.5181260289100642
55.2000309753813 101.7599715450921
61.916137660414286 3.077218833862457
70.08999126487657 159.41562686027245
82.62927777995282 50.75766263035107
29.894033186746004 6.401226909656816
1.2821555024307814 0.6424539349113253
61.25709327120428 5.8885362668216406
30.86583111114443 5.888734141059615
5.130054726194014 1.663532786828496
7.71808384752807 7.627205024199997
54.12966672416438 120.31122168370983
26.346103173504808 3.905873949980049
37.84984542892505 19.864070981187297
75.05436486270742 34.37650159436623
85.90658231530102 5.560807205642594
40.99689976568206 18.732097453073443
1.9248014034132783 0.3717035998751141
9.13708550229275 2.1681533425510184
2.506845467680676 1.8029758280240478
72.08480774457601 22.807264527357823
22.694045179863753 5.844394911814309
25.497566505013918 72.5824809790088
34.68759780420726 54.9602133962656
47.70151145417879 18.335967181863378
21.799450936749793 44.33091158505371
66.02408276918081 37.038509446193025
17.332305505945897 8.557261815132176
0.7188971989923257 1.3494881092166782
1.9772287445204493 3.6619924968449684
1.974051326589171 0.8793459135055403
3.0096944276438977 1.2712726098068876
41.81376790553699 58.02393312886127
51.11559235892702 56.65620011677628
6.9347815563738395 1.9278281462372748
7.836750307807051 51.18572362200264
1.8822650344252452 55.430498672172064
7.736526113849635 42.83258739137846
18.51449121379912 55.266886991769866
72.7836573072117 20.347786742026017
29.67752155538878 26.36503903348346
21.948946053959162 33.19366861117217
7.097490571469452 1.4301778053718235
61.96373731072778 32.65316013733562
0.6015320741203659 0.4691504388753525
85.32550836649807 35.94908746521096
1.195723000513628 1.6426230774079378
4.578167412741518 0.9125621449049864
72.39651080178383 24.359387411614406
74.33751627791688 16.26691137316585
59.16189244550473 54.98555517752461
12.615701826133575 1.091750209376967
7.493251485077884 2.508418304978194
74.09341430399292 23.077089122192653
69.53736094896298 26.89154994670715
1.1554885134461181 1.8095291760775711
28.121347190064697 7.358949375467284
14.355048143867673 0.36421488265728885
3.6408807170884843 0.8864825144045512
1.5687835908323622 0.5476944318599883
42.90418026497156 28.03537001541726
59.845609367127494 6.548402221677385
85.17645077650495 20.12724940248021
31.430610277140755 51.85662896328997
64.57202139376896 14.768916755744455
62.219507469434305 15.102760807293555
15.132649676201288 4.55273693673633
83.33587651315061 48.4846738564501
45.58384814758385 19.20350732971622
75.03642699228857 22.518369665542263
73.62232682571333 173.73504672773797
39.48628002912736 25.45908890071234
37.677424147197655 8.86029554185482
83.93610291516511 4.594360865866692
2.5004428536465553 1.5328429196238231
6.709027896716126 2.9122484625098393
14.300914336208955 1.3772228749114388
11.501254154670528 2.5930442675046623
10.302545267054498 3.059040996854936
8.931611842907177 4.987183964594053
30.41450890371628 10.546331541238594
60.55001548571781 32.1224868918074
62.16008163759548 38.722428029249215
86.00057437603587 58.27682856428423
5.103113174310501 5.184287732273419
3.5960815164161617 1.877798121302956
0.5738683105172596 3.8043121592609213
74.05648305984678 27.989034568534738
2.6447663884392867 0.8902970854053013
7.57539962799538 2.9979348771098295
48.64319512828167 35.63985793513146
1.4230538949709937 1.1274677234649524
72.38293047742948 118.54414807382562
7.37669656335907 4.222180990174026
86.93111449107855 25.151749739066407
50.82865380468283 51.32858669148453
59.059786276430955 58.455203072746095
88.83973850139074 92.746787659072
72.57347284256394 86.28206677914663
68.01656079464 45.32782813337525
8.668443633175794 1.1223203463225653
45.13817093734937 30.362181435430617
29.84726305365581 82.38444877175752
1.265463917417936 1.8796153317963347
3.5894458321671396 2.2500785506829883
21.500782668860897 4.489658976250272
5.588143817816532 0.8681014767623064
6.93852522101074 0.6802137128732112
3.9720811392368285 1.5612963732100156
3.686819879180063 0.4087619096949406
22.20199111695603 2.012599269789034
42.01481673902765 3.677762244672942
82.64776564824436 2.554261169192423
11.319038383059954 6.200990830446368
21.04681439570272 9.589006525246994
28.624765088331316 7.259162826469568
67.11596089640764 13.189103265147544
54.49858177692232 89.71739356812701
16.374328660569635 2.2650675558125015
5.16199911131708 1.4018299805054653
12.59603144049836 7.937838334244219
8.2833974895043 1.5034784068306104
12.97282602967014 2.408064194880258
4.869786160832602 1.1874296818238264
11.72453401752179 50.34794694863553
2.0442734404861085 57.95146532796767
13.85732558477045 63.44317673147317
29.600365946751253 58.539448911595024
32.47856807283841 2.9731085634550745
87.42403908405885 57.017012817108935
52.11954349628837 19.427260146865056
41.704902467648225 7.280635904863222
3.2256590076270584 9.332291881377433
7.967450859384746 1.2099111349995666
5.771864490084075 2.172814937146866
28.166168298910343 9.646972938407805
71.35368669816513 7.620422745250939
3.211735353778642 0.7712697252996324
4.3056821008840025 3.13581198513548
6.552636642576461 2.500961455381336
63.339064017625255 26.05037020696324
5.444812990650382 5.209821979646363
10.987590079593671 0.788412582550282
70.75844603640714 86.64379771734686
56.77089385274118 84.31329340442741
7.414602557407228 1.3573049059220066
33.682362290478665 64.22764687838604
7.134542015735221 1.5763318978583805
30.786959722675647 3.738326722250489
24.836498040763804 0.7116685699869982
0.9894223602407151 0.9861304720664663
5.7871180935005695 3.4811205053336436
1.4184987558143831 2.2357195919418187
7.7042569114466515 1.4053041905712713
11.519571065918516 31.59443070893668
1.7497668668458666 1.1443160479269638
37.651773027351574 16.13220478686521
3.6866495915516344 0.656039635026339
17.771593183455405 18.54365598338967
2.2621553820635385 2.3169878922689837
0.34723257655871165 1.8993344341030896
76.90266195455511 57.19493986639886
1.625795255684469 1.0318542921336855
52.43917417046584 10.651138204796943
3.314806942894519 1.3221127354734457
5.374345762470468 3.0392938989197806
7.119786857695383 3.579104703404053
6.067264827641599 2.5918451249473926
50.143652369047054 57.94163769848278
45.58434458717812 107.12202261789761
2.714911988297077 1.1487013157080461
5.933765935853354 7.842422601802241
4.4480573159345935 21.83517325127577
36.13270529220014 105.50529830942618
58.343197953974226 10.255197696933157
12.445943895288764 30.58562635394199
0.8038696831222913 1.7977706216957965
7.681191217014262 2.1334196788372255
77.30954082751124 94.88774192022612
8.954369431192077 2.036775456953906
4.645044173644351 3.8208227586903063
15.70089247168351 22.212128506855187
50.720531643717706 63.93696643169031
1.8831968991895303 2.584255719002566
56.96105656809756 7.917148562293169
4.4947286560098725 6.460800700075658
2.7051418963923157 3.6090942100950314
11.450932388979453 60.78194421299802
3.1137006387291497 3.9814743250762583
73.36235633993716 21.245626331120995
83.37694416485716 58.37736709966719
7.439382291959238 8.187724841535664
11.71752002285515 24.168832629918978
71.71477783140233 29.159922629282416
59.73238091358067 37.16254800756337
50.75783908583395 34.69251427971044
21.91225966927007 56.4993972421701
42.11286703656091 61.25310470892733
4.161810954123078 0.6883417844967842
57.58606430381929 26.55882472757651
20.469507547624687 4.593599645520529
49.91795494342084 9.769449043955577
54.143053652626634 18.679675669818774
7.7568644522466785 1.4500670842293004
59.97165161934836 5.0120313743986875
11.859965449856073 1.1735651921031207
64.43994474513556 2.224369679824968
34.76545423341138 3.461226124926743
2.947930155508667 0.9438639733078547
3.8105029331983187 1.1532935793629526
6.085236498583013 0.6280554441487584
13.330341452874057 16.58776568493489
59.0831213573874 95.11752110989015
55.578875974098054 66.67898732309362
1.1179268325728569 0.8430893766636105
8.123894663505277 6.060594757481327
23.224336195817077 46.78462384333248
34.342453834046125 38.91290486456992
6.770324991795803 1.0421492293413066
27.93423066032505 9.297156988683033
51.30346296781579 55.74984759609006
80.86564984373555 8.586205380096121
1.7474730281095032 0.2328877395691767
8.325141214004093 1.9530396967072645
70.15827652018858 27.44858728487173
79.48323572100907 32.20736579737748
39.13315600687869 36.152576238710814
4.741795515570192 8.721608630905292
14.201077738645722 3.6303817535944587
2.374502099339479 2.060287820997641
3.172515525298091 25.373384301947382
1.8557782147296853 0.4078382100951747
60.93677910270619 34.11844331147218
33.244452035376284 35.46696160261519
59.60401571274254 25.08134730727945
47.699039566325226 134.73947996460225
21.49114871816833 144.77600215530555
71.62113872418806 26.074302327479494
71.65794550842894 49.07542213199799
58.12683593384088 36.26317129958473
14.0224849539144 12.950604166733537
61.71327672508818 96.62171841596223
1.925043309228869 1.8582103437642814
1.2318240453439278 0.5441485507169893
22.121305850785536 2.244172240219524
7.799287290327136 1.0202572669328287
66.05082288331806 28.476293627619444
31.05351520948296 80.04876996536629
82.45091669092785 91.61226918034818
14.942815608706297 151.08957672510775
1.8096912893574404 0.5029057021234756
15.399459587077951 1.267601773402354
33.14989829334255 13.649127721722268
21.612090846369092 1.02119600404648
12.448761883598067 2.0328832600947755
86.01395697397065 72.06581039004276
24.501979151872693 8.928598478607576
77.16745445026751 7.477496622307428
74.84320660592114 14.000497419162128
3.6364391937380716 0.7448990870196769
28.432326779047447 59.70908111760881
23.601774662979242 18.223160041353225
0.8554433751014154 0.9320429707613688
0.6052251071095276 0.3245302630111484
14.203318748965899 46.09936970925831
17.540862721236476 7.404490455782783
15.763581711550309 29.683672166657345
13.700646155297372 22.64904816763939
7.296335916297882 2.7400596524969942
5.372819815901769 1.557699221388841
8.623404386919846 1.6586973143508967
3.9065295508974023 0.7512929859899
2.4355787106811344 0.780237572365305
4.660888392940171 3.279147574968036
2.9881642170072107 0.46209082699422005
11.057190645782686 7.068432856012398
74.06266923691328 59.52588571964958
1.3196078180074355 3.9622655829854017
0.5132521709689518 2.9130113759620553
2.72253350054787 2.5552491029011306
0.4517888427744994 1.2852601849279128
2.4563898531679422 1.1522578286927967
1.974759286893144 0.4332485384797309
16.93574105442105 2.533595789586645
21.033747725214837 1.5716471293467784
71.50515311003497 5.465672704209613
34.856105351822826 3.9207202473242933
9.860336497138562 3.9490281475848956
3.533813930065526 1.9442370899074357
2.4642424819545163 2.279249160044659
9.644952120476662 1.301021378174944
8.998153192132966 2.680963432927635
4.776505445717407 1.0178208425448008
11.678522229458999 9.492753388428149
14.892031164893172 7.100262035067004
6.273655003220258 2.287581011530694
67.35607010158871 13.56437921949068
61.0379620287743 5.411332353437043
24.618086304509234 94.65086573103913
39.55297494663088 86.78961023563163
50.65519103088295 20.92202341777618
7.863154476702177 0.6033634704297682
5.651704971531159 1.5643999207199801
8.595641809812664 2.305128775716965
56.66021116392343 86.46530571627768
69.65605027225098 15.099159684568157
66.92636106041789 14.840099420189503
68.99167072713902 143.21932660592626
59.628529914785716 43.89709217965579
35.719681941804936 60.40867428272945
43.15653333114412 29.424306221243448
21.714116608427986 24.43001641897757
41.25167617472519 28.558164138281445
66.36880679337217 35.11464862619573
47.02583077222397 12.748571613965611
11.981218682271896 0.673797377843054
13.137087189812716 3.49421219424567
3.9725969217075363 0.8736762529150841
5.553507172557013 0.9328153731440546
11.252919767565222 1.0703569595011402
84.88626010102023 44.770906155197686
40.69735322686486 19.915720334094942
35.52230986747951 29.522697224410585
44.301944993117445 29.066630152157163
5.7369930573321195 2.2387667827591633
7.989215987383074 1.408930256302941
61.56135233559904 19.651938747810686
70.43838436426358 6.722468369155937
1.0995256815804444 1.2241319419851024
5.399752515835911 2.7717228502827957
65.19181863195152 24.67205004441442
10.913624375990254 1.0526700320600595
3.938560634409994 3.0105573045477496
5.26189577574557 3.670932299998873
5.0042226914574774 1.511812757852903
13.233846376755167 0.2833711104598667
1.7954669992219854 0.8798142645575755
3.7792480979648846 0.34303910892083006
56.458094901305174 47.969477389628445
11.109129081022335 1.880190021050438
1.6758629475418643 2.617061248127695
24.640681224936625 8.846809809413603
3.8307539001925632 1.5900512326887075
1.04614163696069 0.509306613731248
14.154685105734561 3.543966400371125
84.84401682334354 113.73378711443061
79.27606036390253 80.38559580254142
75.4219005598395 30.75624624922047
6.358353681669762 0.6792982124789537
17.573301588061714 8.971295767466087
11.515976331238347 25.85904029603287
6.714000542561879 16.689588274037742
3.9492188886480113 2.0853097848377247
9.33718561143725 12.364632111851817
63.02020837532088 41.31332296286948
10.989059586923194 0.5388957549353711
27.65389363625263 50.08777991003881
7.226505033571235 0.7919369619118501
1.8735018398139773 0.756020813853889
3.7777157219049435 1.5071613226927456
51.75356756218943 100.54803560020237
82.90084707841348 165.0542874188252
42.523543455053044 123.53290869480611
89.09613617314655 100.72118337877701
41.579185814028634 92.28683199240793
5.94729106533148 2.2045050834310906
34.87486156874321 27.855976713067697
44.67551728589348 114.11871352476572
3.1128785528091467 0.9511697912831424
4.218238958157303 2.119048304812955
1.7561431329026194 43.73877900789777
26.88090408240393 72.05805499857381
52.0426801217073 126.93197364881205
34.03503790393069 2.648817102174735
73.53246219028885 87.74799635514469
8.25229152149119 3.1799507878583633
77.56462550725173 14.799984099432479
86.44632699549368 21.890485354738075
13.139249985542698 24.024215179649875
19.02779870271548 42.50165760637424
40.56166284618638 50.88871587072578
37.844517460807225 78.78146472950324
34.07796857490593 23.879546097311035
33.814822888516915 48.80945629668698
24.781262833778495 33.48809801332417
4.266684379222642 0.4947247161290201
38.219148565143826 83.2643512513171
2.2226841905048365 0.6140183296747012
12.617204507296163 0.9889998699758018
64.52332233789205 15.509251378859911
39.293594984851744 1.5427566700976587
55.68198978054066 19.807871137011745
85.5839249798906 16.212689104101727
67.68850857208582 78.66513412773537
68.55732002465574 61.46954147799449
58.14105779721621 37.50376808805198
6.1217480343298725 2.7854994203864996
68.99478829034841 2.8838125205136285
0.5541639371602757 0.7351277993707398
88.54067108524661 17.514677754675514
3.637897472624759 1.1048178672047615
1.1761605489483808 0.5247723734327552
6.704350883813541 0.38475655276471615
47.72339509275417 25.32380338523709
10.187467139275096 3.563248547153329
1.578237901056876 1.8439020603814233
6.570657187938901 13.830780860830494
8.782381720162139 2.7761792138418806
7.529311772794619 1.0089227531318243
4.860522303088903 1.827560348964572
19.338903906370177 6.207277306881149
3.0684780171923576 2.324023804549999
23.181301389960694 1.5379885343664075
1.0236311649932468 1.3722716928632013
7.024818454822798 11.414053646346707
6.160613045232917 1.9800737765530196
0.6654547631614943 1.223706445498616
6.372406631120679 0.8459887303063365
3.597074186551712 0.8585755047650439
78.27766640162172 71.38425745740531
6.808498285464435 0.8722716376196534
4.9649449823880465 1.4275432307890104
1.5063924571575695 0.2586023438219454
5.289227046495959 1.0220824993662236
5.097914269388955 1.2944072150929906
3.9467863265530916 0.5905537158424021
15.488918827661388 1.789353413824677
5.975799563563837 1.1313835555766327
0.8590939150334839 0.5780474998288082
2.9510481476257677 0.5356954864096637
4.916748061732654 0.8269802559838334
2.531354189392332 4.059895420642718
7.777325963932911 1.7686751409933505
2.467711484934697 1.0312450397693902
3.3649765328139347 2.396220408376118
3.6728127237008725 0.4289015588251576
2.7720215072584042 0.871546153926575
2.613927907876498 1.0484024841389938
11.037033661223196 2.1732376673042197
8.309367915299255 2.686298079637282
41.27019086982733 57.62853060620733
8.288422193079796 1.7583615559333226
64.79135824325459 30.26151568989306
6.650977284793034 0.409951977843517
0.8939082105846351 0.8043817547297464
60.891805873998095 6.749342937025899
5.923002551786568 1.0860766836970588
13.257145720843797 0.7392056112984102
2.2084890196416587 0.689865263795246
23.754594669257518 2.58320268224907
67.29319228551124 40.091046662696485
35.98582647704279 66.04491600970975
42.34963955629456 33.46614779548328
63.75117708273674 24.99986121934729
39.21950419721522 26.804818035772286
62.59694497292584 25.887015679094866
39.21274941072229 60.830625452573976
47.12906331856954 46.72097044665504
18.435613117945024 9.771524826991822
87.08258774814968 83.32298960167134
44.06743170966678 53.627123491349366
56.84451300349514 59.8033911288211
4.917972683364834 0.7798215547867487
9.858088785772562 6.5271334563202394
49.09413519106041 30.643387222030647
5.834823326578995 2.0813354066524674
4.6988397253031255 7.08561343319118
14.547567317954565 1.0598895180083228
44.747822771269 86.90332109322635
68.38037899461698 91.49414509429478
5.037940088870851 4.221279485427722
78.22201362262845 80.42239117472893
41.11319579727416 90.99665048191244
9.73390564671286 5.079417930435404
15.82511675753559 8.88212250439231
9.825837032245555 4.866124788240093
3.768218609783288 1.55935020328373
69.81708455634444 74.55745556043553
71.48707862019708 8.395928392318002
31.42432469748607 4.465227487590986
64.75642116348239 39.953907640074966
0.6023295845420086 1.8440317524325613
65.76887433219643 40.52003084310971
15.331112855584783 0.42716097162566685
17.09943332452494 2.361396118768131
3.32701184555931 1.457968306566279
19.348528410336655 32.29779938159419
2.010800471886877 1.3134500147471904
14.649898190330456 1.6182895264445645
17.868306633861664 37.37921504263
4.50595275050012 0.21418060352717447
14.47465378963801 2.080285922386185
87.5960501125574 34.99742599508665
8.464883225972665 2.7107913228339062
2.269784979202226 0.7664076794090453
21.30489850487177 3.826462972688172
6.5435260700155 1.830822697750577
6.777646985365441 2.2028370471287793
17.93691438392017 58.59559374954702
32.49749780592816 71.12062556445497
16.51802314468245 2.10279582185556
8.30356179229743 1.700723473742172
17.619026754434366 3.0621804779165895
28.81133284080661 4.028002136203648
38.301869096513734 2.965439282787252
72.49660695690567 7.106087250022781
37.497951231491555 8.31583694996806
2.490524253185215 3.1000357022596376
59.432343092024496 114.91151723101109
4.39853281782627 2.491652785239883
70.13143401625781 22.39983852924849
27.73493051436671 12.119821585843981
78.37861971419204 59.84646724762968
23.52941354421148 44.9955803608106
13.169902623138881 22.288002236033638
20.75485514694128 85.73263418755423
39.14910911258161 54.78049133832892
3.5699402099899387 0.5703391087730006
82.79668680757236 10.514823760848866
1.401838122677894 0.767875320066398
12.115788863260276 5.263081067909504
4.478751416016479 46.65591956431802
12.1794955698969 38.64860190856744
39.73727033974129 77.09718281387501
61.588163961642664 97.9559513185578
84.35046182415404 117.4775324841603
7.057085140857691 5.177751265121301
50.85037453033666 67.23311036220048
32.094390559443326 107.62034891086627
45.41333288815374 20.372170915655726
75.96980611713313 152.85869085767837
34.748865859908456 68.98538134897021
18.30226999326129 92.34585819253124
40.27277905586135 77.00834452823857
88.0429899601142 152.0637132434276
74.69074909178165 101.79094517495093
1.3793711972999525 0.4449446667710996
30.321962077848184 74.6383370373587
