1.9300687237279173 0.5203563153615243
3.161559116556491 1.9972783879895197
5.654821381546177 1.6128630544741343
0.9053848051668024 0.8806181045814812
3.229585245859947 2.6487436572866554
77.42854106799123 72.64073576442898
46.69257899156128 31.12222231955514
1.6905238009960493 2.4661534617133167
0.9372187302277882 3.2403026546371736
1.2474643672314942 3.502745478577302
2.062085178925124 1.2743218481207286
18.059957720356177 11.506181281625262
9.768229563586496 1.7844577232379646
1.5613327731674105 0.35185705108769794
48.38113261515912 37.75973449226058
66.22920465905877 17.697574715818845
64.38166497766063 9.225026324118343
55.65115850171021 5.629600942999774
27.338686838365394 8.595926419547748
73.84960460117051 23.46590828685258
46.00415674275389 12.050996878266348
84.42424526396023 2.256237273858909
2.8785900515909844 1.3722826116007014
0.950154453368035 0.4252292593385738
10.334635671977418 1.244632898555694
8.714314249279663 1.0563188142239701
13.313531210123816 1.4091144504245816
10.140887581897688 0.9910784630678168
59.72712954429316 0.986114967031877
4.5522992396620525 1.0488294484313385
6.291444140360124 0.4608083333087106
7.772392372507036 1.4470119851478116
10.758399074003844 2.541643527135562
2.3170013340564926 0.8538657865289286
0.6038706251122153 0.44544093316467676
0.6342739353603472 0.4941076915383365
28.73790362909164 33.2267195504198
4.32861078914379 2.478286931287844
1.4219343581284167 1.523732774639711
66.10070967453152 12.933638144228887
4.741703849273717 2.0219350000626477
55.472373160607205 16.995188500359166
7.1528872174009095 0.46901911585885386
29.536159751131038 38.01966822561812
10.829344236253354 0.9297966515627403
9.585470223493667 4.690107706993775
4.92648294582581 1.5769891409169106
3.973606624742447 15.472610762470614
27.301229555018406 46.01930852200802
56.36460577721563 32.307685874892215
49.46721685431923 171.23744950062627
56.332791670798926 50.37022960390763
43.841192558893525 49.65164867311875
33.39877047332897 27.66222644588775
33.603181127716226 77.54335861093186
19.165404247212525 5.758387168124421
33.39121812472595 4.078073499940811
31.427918226731748 5.764312503521174
28.46069168586581 1.9407459141880605
23.95926021276491 6.444218394015968
23.256418232351454 15.010862391343982
65.04130942710113 21.14769870714776
37.34726346480352 9.968445049580264
34.27313065443991 46.870997865434354
87.121963963196 17.811769375242413
27.7331225193899 46.0080748841344
71.17389341556974 44.92621147557504
66.32541565872093 23.701903843619032
53.28948136272061 60.09390902467733
39.69998221805964 36.723885689686746
1.7682593112464353 3.094460554921108
20.610165409000487 3.9704847701880874
15.622705637947119 15.391727937355197
51.04499251552204 51.16640041076543
83.2892885486261 59.5582219455369
5.571587025466512 1.3638542220741283
26.491018870645707 34.81209789978406
22.412020857939027 12.733617967296443
32.57237697166958 23.077591661956703
87.38398274746687 113.68921197820501
2.435384765588172 1.1940337851629574
75.24379853480244 63.25564070967289
0.31108570258921503 1.103783053743519
0.7220828807089233 0.758897675892887
20.83294409348057 7.634300763580404
34.20143860194083 7.402832274607041
58.63156242281621 5.635110612595106
3.454912982310865 0.6806162471970872
27.53719226904832 7.779134532274449
43.683109604062636 14.712795976107591
43.44695759940228 88.55599081406548
6.072472383286032 2.7190979169235066
21.642252708680893 28.631664969656907
35.83653266356897 11.5857675904172
87.6549856777285 42.832495095592876
32.08130516085846 11.949828299108448
44.25132405512423 58.116150475759966
75.40227309062233 20.010352316075906
7.134563769325523 0.7683622892371281
62.216471693936725 44.4917847800269
13.73748968101684 66.54300374453173
83.00543639371446 31.66531099639192
11.478086896293036 69.21741701454548
12.833220902188554 4.166566177818598
84.92177707053285 2.185581447889124
86.37257758336126 29.657049058318464
31.186826263883198 20.02002367112428
30.49731351169869 37.58797061797571
49.6474501247732 64.56899507004074
6.38688652262951 53.31625262292781
4.455325999877698 2.678065463365406
86.5283706190979 27.95261626797076
44.969372201061134 99.2969555331757
73.15547076034733 72.72596622894615
36.5946893589431 33.65181974767127
24.666960417093613 19.446986850549635
43.03890757820193 84.24146866175582
36.7879053463777 8.682484891902892
33.57535150599586 41.33878841198265
65.7953294252259 142.35630334499868
46.341953424069274 8.240207963877886
33.839101467824065 16.5706700881017
5.652915986320175 1.469386070247457
16.81276023671788 3.900865673178735
15.346396001538006 3.6517353380525055
76.849427969471 12.606720637462672
4.013695516849828 2.976421390285045
60.54754315510512 121.48767013227769
8.730661192508535 77.88077197947814
34.141138980077955 36.814876876003545
62.2911777594268 17.827124550727344
87.51865438548714 38.694403119745175
41.559645071297325 18.09954703541926
14.42110818840915 0.8688650768991285
41.50183831529613 4.36625354518095
11.589031385170172 2.349764756815259
26.872410518048913 9.997923202355874
31.973157269384586 16.242639799118034
18.329722777863427 10.99405031148515
10.36861176365026 13.3608303647872
19.035101794245417 3.257939517214627
0.6302138049212548 0.23435073929915987
2.396067887064119 0.7167468900295235
22.36044094194969 4.071608744531754
1.6348353530769015 0.48240948773450426
3.638173315538476 2.10645640087071
3.0825623045633734 0.3300347946232294
23.51100514355542 4.232454123489921
11.248249114999995 0.6710301934304289
61.30906810975944 17.42366728371863
14.974316241025292 4.44042138524112
60.22612198917767 22.712890267025706
4.4511431063346665 0.6338139645552785
12.342786582914758 0.34123290872741024
6.660685902789451 1.1474449356061414
3.7926801633001315 0.7627980725468866
2.819130818561508 1.0571944440939105
14.957597638795676 107.35597248590997
36.20126795141064 101.44527041039053
19.84849961833867 0.9553020485714991
9.530612525019144 2.021431363492895
84.91398627922757 13.489131898400124
31.515242058848067 2.7036379057287085
10.965752545012162 1.839266571622605
12.82542247955235 0.39340732319376
72.07527559584918 8.911865644210057
75.43728398495212 39.91232897958023
89.84900643183815 16.16242210138401
68.64297890373201 29.20746201253997
59.64310889341586 60.34585467592828
78.09396216303236 16.78790688217387
61.6318471589598 65.06743866300614
39.681066173671 27.99624366363374
28.834785059522716 20.04753299124306
33.6374034993531 13.958351761742351
78.25729334914433 30.078011237503116
56.89958726626273 59.37411036373287
56.42784884959036 53.46517456704109
44.845227187868424 37.93457027375066
69.87664643686047 9.914341555207304
13.680089113852263 1.0233184834854412
3.47106163658195 1.7537078684888316
10.57106074966102 1.8112365642837684
4.144737653951506 0.7410262657701778
11.368309612936947 0.8061614749533025
65.6302518707418 24.57540543325922
43.910581483342526 29.31935026839721
1.7773884326677964 1.2151086629442283
33.910613188399346 2.227206603042079
6.204149795558422 1.6992053625913974
3.7838860483497654 1.3957364475458192
4.357277344690535 1.5639689377027655
87.82019918124257 49.6129137619531
1.4151703676674205 0.3453062035727102
67.13580310895749 8.649614741713929
8.75374766032426 1.2459545353545043
34.01678944473526 15.084180218844542
40.10149634966057 9.178845183257598
40.373462614021385 2.505710768346287
49.02407066292048 7.861993072169276
76.11805479035687 148.48471653340087
58.57509549615848 6.3736218280898385
59.913564254609895 23.529983506209213
30.253796230897454 15.435384291431893
31.947679308976944 56.22728029140974
40.37271993061827 37.587169125015585
15.52555791687077 56.0997348728938
62.1913926106708 32.13173847673677
71.01554144584313 172.97116193370832
71.98696416290446 116.1522982481551
44.91757752558855 147.34046628989452
5.870395687631665 2.8022365455325087
47.93050123050636 57.370658182535266
38.73166385383634 12.521519675163825
80.59478010284415 93.48450845951615
30.009712687428504 7.183139473261846
52.077364527603805 99.78736838213136
31.918043172870135 47.72494380611152
44.230419913948964 90.92679107752437
62.384192496792345 37.598151882204746
31.90555261996772 90.51656593144624
64.15113830687002 21.832228176060966
63.04766507079614 20.83317069834757
66.85166860395394 15.985470443417036
78.74262695325864 42.005287467805594
1.038885672033282 0.7124287677411697
3.3405915779850983 0.9217525971859981
33.30845373944541 79.51968303997293
2.6367567457810237 1.5318791734040529
5.9936805010751195 8.719148797881212
64.23004606110219 9.153541480984677
1.8730228085588163 0.6464142397893866
50.70152333236578 8.284738620997533
60.442308341476256 18.790972499392005
1.2849951641301767 0.31839123536775865
3.382252231425059 0.7366865647647114
21.07116720791098 1.6523262018798963
76.50725918710702 2.5192594672628212
29.243308660451913 14.90876931096562
4.289235637919663 1.3305640852161797
4.341375186121307 2.030704855598045
3.1501929515662614 0.4383204616049585
46.494430440920375 9.824051189609103
75.00125331897776 5.485979231977365
13.797631920923223 1.4267318860230342
11.831071434892229 4.081033324069872
85.20126243836481 47.505932752811255
87.17833746812626 36.79846589972326
5.25664076136858 1.6446817616483942
2.9418668266576504 0.6322933749105836
18.974249386851053 7.880228549437217
43.50506437697721 72.27847353161232
54.73579903861232 152.56318105612087
81.96459449302151 30.908549316640233
2.446431825344842 0.44367684832942406
1.774165463074887 2.9118157052335345
88.20635823354544 39.59067700177735
86.93227597895826 36.28637232859725
68.80457341327083 49.26041053638014
7.0973225363111565 3.3539681168430806
33.20293980565418 6.473420867578289
29.946692299423574 126.32340763884666
72.01949639731028 60.2719458917157
0.5303169715907605 0.625990933304293
63.81059063431208 87.75689603401133
2.343111832396382 0.4575738507547579
14.49813224280436 81.46832344138431
35.68350868116086 86.62606973034711
1.6075266270652386 0.44332490521898965
4.399061992542392 0.8215281094788539
71.80963455605897 12.51872246198952
89.71478931197201 29.560610575940174
27.30627900273769 13.292138552060356
76.45929027634932 18.198033675884442
28.19751270473168 25.93850901803625
56.11616800831754 15.642386228808393
83.16090951897479 48.89280148169428
4.786995389584058 8.857966386948322
36.08466792072062 1.2198352784157387
84.38871989751806 177.0378842018003
14.79674754258789 3.4370195993561277
73.7777947426837 23.203334481301543
47.8523643025125 78.21804189028049
15.968774665257067 7.927856309884736
31.476058000752474 9.495850920393446
57.347032316326505 156.8198490918786
61.041534709152394 43.011535982745784
28.360423191811066 56.78691709075526
29.268473107248163 76.05379829244875
46.69723730783929 58.94768769752147
62.834832734387646 53.13612245652985
83.39022776772437 106.60916725900829
8.617418396477062 5.325546361447987
2.0245129636868167 0.9356359063249365
85.1788754605113 53.99116644840048
59.910883573298136 58.93094679631932
18.011131349327886 2.314742618391932
49.773317434385355 9.299220153258291
59.84570356172685 4.41226500778024
61.04732175945319 17.239068152403508
15.551861003298393 34.87208234058424
87.56719979827135 45.23574177405592
53.60215250201536 69.5508484013463
50.66776285555238 79.25592304284959
41.92444135850652 6.379027456219862
32.13444131024005 78.81159190466977
6.042425678505322 0.6009628224825075
24.431901623326212 61.942888252288135
42.613485867011136 6.536671388611484
79.4409400746827 13.162794107264395
5.712424966717917 1.229587454981416
48.11325889602682 36.762306679192484
41.45796086722467 23.807202100998033
30.650662658142867 66.6655881339885
40.19218186796498 10.485172233159446
25.077055843178186 88.61432579004659
56.48758396149023 36.61191571966292
8.316407042860824 3.756078951725017
77.44609409545332 39.88932337576932
51.33657863893464 117.73767667129795
16.448567640528157 0.7090449189950916
80.1558252893416 24.159237127192473
61.3081802693499 14.950112375313944
20.848297059722814 0.9027443443760323
7.2097378894584985 1.068998356068147
22.701186879526492 36.690001995724685
32.274237199627635 2.899666334982147
20.563977377485152 21.755043769422848
85.71667219106162 37.14533395244442
58.03895247384091 40.06728653825639
7.8389427830636516 1.1518903825378637
62.28623528950055 12.328947492048991
71.64376590358597 7.4353545417825515
75.29074369242825 31.21962840844573
60.70729249476619 123.60137940813966
47.00600344213081 25.5028965061782
10.17569751786567 4.535477194196528
86.00252980343461 10.69331760813759
19.40390395383681 5.073247714397046
71.23625349217582 75.25110110984377
47.971914267809765 58.41299489893937
7.534529421823105 1.6879102316195278
25.901911571641563 4.776489979095745
74.10510860582066 17.404406678646467
66.72972324941898 42.92366765309489
24.661499564805887 17.341929249419827
20.38941269173634 13.078410009440075
2.1805404695279766 0.439869379249733
2.0231476152714896 0.9650760468515884
8.928103034086584 0.9285538549472763
19.50525968144103 6.444336744255353
10.295610996670948 4.094861983445805
50.42217754177909 48.22430392121448
51.06989014776494 136.991356923262
45.55309600452688 31.66197925191814
10.123518269576637 0.757644846612043
77.7019017109429 56.049714201957336
89.60302475717556 12.0767618351839
27.664705454915314 2.0359155266635227
18.62029159760968 1.3380483721697134
60.61371530799541 5.459333885640664
69.065961284291 20.364982199814715
87.49996017607597 21.434656499912386
84.49928272378546 32.88452353206891
49.80789863091209 27.776757186347737
77.85348459167103 16.64483285908191
79.54515461529088 10.23209144567037
77.69834771344063 33.362468503390026
62.11848389696806 43.20072898209041
72.65497092452081 133.81215244541002
3.4703774148842843 1.1194016151844226
27.505759852110536 57.56463602287136
11.9906278418381 9.915197061766863
6.394612023703495 1.5223810877432509
63.38633927792462 22.805679564480773
5.523067784404297 1.7968311085202635
56.30050393548437 5.74089530029389
55.65829372109492 101.03653978068887
2.869661432834567 2.3417377732161677
3.655593374887147 0.3772920881881752
10.541036620730367 2.651306672404294
32.88791919754549 5.10785843427405
83.89705075143415 47.72580475715431
6.963497590081142 4.260224186160628
10.783672638640136 5.267494080915181
13.997612844018576 4.343179706740904
64.43730915954481 16.615758905171997
24.903944122440965 12.280008227022114
26.622442842923135 24.96504662617456
6.429629611776002 0.275531005195133
82.76151053335855 49.972948311340986
56.57231465028519 20.823876880646417
35.09083613499115 25.096466472570278
50.0990755136766 57.747731501371106
82.83991652923251 12.868910479415613
20.2606535618626 10.451717347128588
0.6050401787599138 0.10281159265112658
18.3027267238851 2.9311788214914003
45.3873976250494 70.04730525790845
0.5012553022822365 1.0718237794656764
14.206681377616263 1.254382819637229
42.55687222820305 18.385376998711447
19.949054101908313 6.496576327468891
54.661500114345124 10.58419305519147
78.23410470556033 27.44765185790612
2.275779706539906 2.042519654040647
55.20737465213765 155.90639772528533
83.14886502463563 45.91242595871514
31.41705125688447 80.18687952468358
46.77576388330185 9.15660198169568
10.784961701368388 2.112395002951794
69.25670077467072 146.67911660273924
57.022485460581464 9.08719692799993
69.88620252779648 16.661191390918248
13.277741963831755 34.821321275599075
87.48140485205228 11.951149312696495
73.59206526135823 14.415320802389594
50.004898783743265 10.584290717329315
86.95898077988048 8.352026367612273
19.342102017414 19.546454004465524
25.621000736105245 2.5459572321361272
11.727681655194646 2.7103286480515862
31.866298458031338 72.13625715169879
61.65007770532125 14.909223732460458
60.40777261245177 12.824222191201283
63.67433520752648 5.976489260722402
87.64244959793314 8.54623505303759
77.08085234608875 21.8228458088447
31.451132300873596 74.56746256761377
82.54357114785714 11.58812839293832
27.032425590795384 62.473712529587765
52.98736679430013 19.438521667358295
17.14499578138927 65.00745077077957
22.4748978755473 58.446060495303335
34.976117731497226 54.22364158084411
89.2657497998448 64.52064591145805
6.824236477991547 0.822128618443946
55.81722670257979 116.92252676447728
2.702547301806232 2.120782147181913
4.128637596510569 10.044078295370724
81.1213421533488 59.30731505631289
6.424496924087583 5.126923493286577
2.819952643344048 1.4679754725644545
42.035922773896154 18.734574979627187
14.905471851162023 27.413275678541766
64.44475857315521 28.09164048446672
32.8500210756558 47.56131695025918
57.584542595518485 92.32974846794781
68.20890630538807 132.7871030119646
30.596362539604037 51.100879437634084
10.877064599066514 9.093301190553145
3.466205871315666 4.62147336192927
42.21347413639788 56.41330390097089
79.04253478125909 47.53314720846177
81.02813963451341 23.51940047523771
87.03599053513248 19.616059951340176
71.60230217272603 19.551943359891236
78.4812355219596 50.004433487274234
79.05171944379325 31.24491001117933
84.3917197987685 23.984666041436387
69.48523315132539 48.04013751067271
77.027101896563 45.3635531503434
7.1094474572680655 5.61101696126555
57.15061073519496 116.82258529564899
0.6207894484731784 0.5685386211105302
8.356963030084788 0.23973200313107826
68.73134108503736 81.18772845868386
62.27670808813595 39.41722871455042
22.42342610870187 23.57338500077353
1.854262811375302 0.27399178101946675
1.2928013618013798 0.6473846970206668
87.66812351287449 166.14137862515355
9.663822459286097 1.5061028232202727
40.19438740779589 10.573687263986898
33.32426225866524 27.51720779147746
23.905155225576625 71.92394322008177
32.21329032416859 22.223812277701263
5.821648596021934 1.2883235051913544
81.57323089878193 83.01423942081169
19.14875887844878 2.8828634812979543
26.058720473372983 37.75041476531965
12.77604852521301 5.538395896924418
7.8760139997925815 2.0247522215264375
8.281143597198453 2.659458543924864
65.10553722900528 2.1263905954040716
51.65754669892426 63.603750179400045
3.8316918948037593 1.6339907704651175
5.785781777667421 1.5998122504260985
22.411979293774074 1.3447240525852322
30.090957833185115 24.443919176479707
22.807320959836478 6.365803272207959
22.918619212613322 13.07678526024217
2.035018967811622 0.6271534788458029
18.470578060219083 3.796654767561222
14.750679514392644 0.9732441149711006
48.29546383207721 119.05662034489964
79.36313274112561 13.00760023342444
2.655806291017841 0.9606058562661437
57.444524854687025 47.75955804962887
14.317253927777278 5.038545272592902
81.98977518889187 145.0942336029368
59.244311745333505 82.01361365474777
33.86571828762606 40.07596272256565
10.85752651731583 4.828491363741975
88.52344209383578 49.0835487948551
82.44251893416029 21.85092294857601
73.57409975827227 19.46375357035941
53.5478920926499 61.600088415046805
43.54852840337625 21.06924834851741
1.556308941208785 1.1464648988774508
6.8009122442694 18.17952055939056
25.89890095351709 49.537569493879715
19.754847585587655 73.65501953466239
54.18376570942215 2.597446955177867
17.14129704834348 10.253699087394367
35.16870122757265 13.47329609172468
66.8407696918252 123.48124516223413
66.24161467539604 133.0265049276857
77.58989346841076 17.614950582568483
20.90807755756579 32.83213988732066
54.12873133613806 91.72471675601642
22.005158770873944 34.31142866031186
73.5081270842724 77.29368660147398
13.68921399165897 2.0940932092189617
26.472952013828206 14.322568349767817
25.526033977637713 1.2763516370103878
84.44013850660482 37.36645087881009
78.7317748128149 31.078236714648032
13.571033572018123 5.064262162956559
2.7500492694027647 0.9694388262726766
14.721642077287617 3.4912144031278944
25.902072712667987 4.830911733915064
41.97867004967029 7.033711119742147
57.36453472801025 18.871593788234392
7.462877557556802 1.9616577105899193
52.104947705537626 24.42147691267092
41.414598951089346 49.97630726998114
3.148162657813875 2.9786246968749968
9.523861343701498 75.17857079656133
55.968069537971914 85.39874790932973
82.57439071918829 142.6927383864592
42.093641458871105 17.274117470746575
73.7002492461526 107.27156601946236
8.763196602164069 7.276936048637699
3.127023104921528 2.9549147376682456
0.5002024789113104 12.301424502448464
8.788020630985365 1.1881981743961476
2.5323410788197482 0.6668389149356229
3.0711371014081275 1.772631119135402
5.9676842877478915 4.682999852002859
0.383078021094455 0.19854331977015663
12.633248172269589 3.3839779866204602
38.45937049351813 7.599764552409786
52.30212728003926 15.626307345145019
7.895078030726065 1.4854649174504113
60.95866756491338 88.67908110357689
82.78628472724597 158.19152292722248
38.717606951724065 178.44625985681165
71.68191577239871 171.29549304745373
47.82429593134852 36.51652526821461
56.28840000312958 94.6781835939363
54.92842900034241 32.193641268223615
68.4119896391992 172.31972533487118
25.579204474873244 1.602113845061412
59.61296234388536 169.6444569438559
23.836512204625535 97.0941751319963
55.91792070779766 101.8588312308442
19.690246251655935 34.543179745001446
9.309359526887802 0.7405236004967582
57.04914604583033 5.7832536353080455
2.1992212922855954 1.3617292112407846
25.518497456315117 6.715290917468096
2.480444892712258 2.638938102989012
3.6154681526727135 1.3948607000843987
44.95045154830473 87.25583113245827
89.7256872806267 58.25186964995696
26.82447592692645 1.1240001412990446
4.869264088900153 1.1027681705244121
60.78411932630969 99.22482741003556
40.73166718936039 51.26203367926075
1.9449594743554588 1.0435232449058047
0.4011762183743875 0.6722706228642263
1.6378871600853844 0.5177095532273365
1.8667736925257035 0.6666682953269764
19.00826268573843 66.47357729106878
0.6501828449813422 1.0446264088581234
8.218566416473637 1.3779802379496848
6.645016150577967 5.27193759586837
64.00252384609591 166.354966235817
22.848557974529598 45.61848610165003
53.72643199438178 33.88805742781124
3.8975835263047474 2.3749315683491656
25.60253686526022 131.02160709346987
53.36837040822819 48.77331177891021
67.72659356212134 47.83984071229982
40.684658952426474 165.35033004814755
69.65940478393509 101.19937903363794
46.67006968255615 60.89781065904158
22.82597925227836 6.738229177731765
52.111896731678364 53.057510712708975
12.678855639508669 93.42263488346657
13.827300788272273 26.252607180748907
79.89626342400484 87.01571698975812
46.321756597090015 31.470704883962117
85.52693711632128 34.00591084918142
77.36433007303252 83.83634665880045
2.5191043294830786 1.0956507608875752
44.94458680617694 109.58248847958798
3.251091771712977 0.5928345930630649
5.840431719414596 60.5024011336383
41.4816940102779 68.60642473337667
62.263403378372885 82.897345765773
9.439332744501641 1.0601161196435462
71.11204746815824 75.64341553179413
0.667184995415384 1.3026865986163478
10.149516934046659 67.19305886996125
81.92798640386023 27.537377048571177
68.9668485780096 62.333260260444064
28.787242635297275 72.4559828905921
59.49454943031979 61.27752420386923
61.039445411776605 48.951690077161125
56.32678181971781 2.2031226103813446
48.04659896792016 52.50838982258344
51.23188011128349 16.166206301943852
20.15273574518464 13.592656873710093
58.582660849665416 128.46618931988766
8.395310913494896 4.0703926426819015
80.52692186423545 59.61245223775823
45.448545732766625 15.347770248385197
5.2386371861731655 66.86248753529959
30.99135517410098 11.132583042383665
13.961353196666117 4.288434179375479
7.482378493038158 0.7050509784149868
3.446074985735709 7.440451634685428
85.88176972758642 34.46235770892089
0.8391839072076582 1.0422461994473642
3.002633040819246 0.9428441068993665
5.2697699857991775 1.1086382082468544
49.69492189063833 115.76797235364302
29.091080377483788 0.5853956249079152
10.598381180148806 66.89304753334811
36.797945222026485 69.83774213534508
81.99471035818117 92.58193046165287
21.14159211723196 6.8761715521821625
48.37066854042065 51.01307677551818
47.66229523918054 115.00171336270954
4.207445311710925 1.7153095989194849
13.209639881406506 6.497778856609157
5.775020677245521 3.2690987207135973
4.304767563589735 1.503576637422602
54.28969250803533 57.83288316124727
55.10146492040087 30.63208307684279
21.39578517508293 4.614674627595199
75.68773542926293 31.894912985814248
52.94726953146825 38.46163150285271
3.0956028172735266 0.3361184544718316
84.36200963784938 121.68891398550483
86.78153657951022 42.91888689259275
8.79578440370153 4.698186577103905
32.92684860300568 16.236639412211428
80.48070187572684 125.7489984873224
15.557052171296043 21.991815226620812
67.40162958127834 53.96712669279691
35.51496156586975 122.19317418528587
73.06387933930344 81.63081312357573
50.708011684019056 56.32992114869959
51.45128322134849 152.66790414635048
43.53654730793254 84.76320133289255
41.85818209658129 48.71559216433307
48.34760158418726 51.76583664433812
79.35161267729521 45.02348736591959
40.72448598640718 61.48902116106955
30.04902418041892 0.4729741846276971
50.27875246051485 31.2805124185727
22.98417118708656 36.31653805921158
15.281315998308497 68.55159526240023
45.59838108636637 17.04588753582537
39.43254972168239 7.592985916918275
55.14030769769959 86.48045155294126
7.499554169690475 3.0323339221761074
82.17647745751174 22.39256905420055
24.12810939320474 5.366108502028101
29.949208221501994 31.00255584548033
33.62623997021329 54.84184595206937
62.289426135418005 13.63113215623217
11.376526207286227 0.7157296300229388
12.91113215555804 0.7115259971123638
67.44649578231316 152.2857363295675
68.10918814852197 135.1847998794073
18.248850486096945 6.113312329355523
55.810450880176305 45.19923130829794
41.49958684708002 11.279502939089767
47.6412656049979 56.41090378196345
5.507901718748162 2.834847878217269
10.79911834239457 15.990092077380048
2.432712607258925 3.3787821950921253
3.2068627514575416 1.058148613739072
5.841403130465567 0.8900953669280125
77.26340931005069 6.861498728724806
32.563102655538245 120.89026284504598
15.62085882482404 35.724819719250156
67.72937781001272 100.1899386759135
5.958992680440259 1.6605374545516327
2.407696616352903 0.7800939300469549
59.10999172925074 46.074348368160166
79.72817213238201 38.15969373360543
8.188496165428846 5.437866755904945
55.11270645909396 29.138369024987824
55.94106028703312 17.643255764872684
20.371093967326672 0.9393077329364407
21.318179782840218 4.896829838008821
4.832858626567176 2.210393073722203
22.254843994850813 2.7653623723520666
87.16301272805283 70.76604323236546
26.47746737036902 4.663902458917819
83.22453575859448 31.975030479521447
46.17007681164887 21.564652168652938
0.509982115524743 0.43963465752178105
6.313422421808121 2.1204311260176696
76.6785162220866 7.414894152851284
42.08253380686354 76.66104448822315
10.039037447430694 9.021439511531717
4.83918013643541 4.472212916345232
1.1933295415108798 2.261747294293472
3.209038609136145 1.9842178754614674
16.114869758490723 9.291202501220468
54.818245609293626 40.55679040792282
52.80098701697686 144.86401931377975
35.85059236822539 72.61050433661275
52.36377337272822 2.054478189266449
13.457217694969797 26.587139600507154
74.73573352881111 70.39843043000062
8.950624628151061 3.479790546794611
6.158136850151573 1.522694611143888
5.822219896965175 1.2478349242184181
1.7097642478027582 1.196789201236681
4.203593272366882 0.7654373955503142
11.654192298052038 3.7407474203094337
58.131318592553 84.9609315859589
2.595955415324352 1.4754769759531927
53.71051526939079 36.69332002383705
64.06352196307753 24.569209192624644
1.3779813780399113 0.9500323270845222
6.986563490726166 0.5513931414360176
88.55589632682052 25.439043334347993
82.13761598171641 45.348564405304145
0.5836566502694888 0.4006042754473967
36.903771200663186 66.76156538214232
0.6611738602180525 0.21148141984781382
38.146957171842416 18.436019001902075
5.5639059654144445 0.6471375372737918
2.6398597112399056 0.9473929179045384
60.17136916071261 16.600802945387997
2.44393525684677 5.458883686882899
38.96413142311491 26.780173486619987
3.488819062763806 0.9347799558411811
1.3020023201863806 1.2249780342469845
2.722828741640186 3.2703192939696692
2.36748193663157 1.2696792123142204
3.8573870273251094 0.6616745735058627
18.921754208385206 22.90458159708544
28.509992244609656 2.7025017742547535
7.962598671429748 3.060383939539408
45.64051894507124 21.67899793903405
42.312195420910804 8.95986208757378
0.970613487701109 0.7267014931803384
1.2676536369990603 0.5227905353300503
1.6848379960924744 0.8400963564393182
14.318730099451185 7.437175137814615
7.521444071707091 10.184471449284521
0.21002036087111925 1.6802654986284142
11.753757690566198 8.786969653059558
27.77050537225911 24.885331715653034
3.9632352847797727 5.843312215218149
8.432865576147268 3.4334606497681177
6.985998367800654 0.5469366664362469
1.25041063641455 0.9775046278466846
4.142564110640272 0.7599631109772718
1.2432511898627787 0.1599502489433565
14.045071649824099 30.717373369436054
14.435078964295663 6.8961476310837115
3.0150322852492306 0.24453780127214045
3.0229124547124875 0.9980325987288295
10.555925549211716 1.4595513299295928
33.43280071969654 50.94757627117076
10.850553694146361 4.668971494081321
52.72925789198712 70.01393522231646
32.367192930688844 95.46984180835135
75.6879814806548 43.32023981997243
10.244187630638008 5.08162686098751
35.46599896672927 2.382627035995577
6.269996066349743 1.3033689159303157
9.553797309159632 0.7548332994458358
23.003715250951046 42.17090353812189
40.294402466898674 127.54907974111975
13.066908494544546 170.45464529162737
14.584704250776749 2.4566933593485416
26.35244566639134 24.84527670957599
67.55554516913874 41.553472686523605
4.054347954072277 11.780923321525085
1.000365998282816 4.310766332251839
15.497950777569462 50.000926353157794
2.6296494379579647 4.668020596202039
47.96231485035632 110.33591343565715
4.661310522274397 2.7102137414707523
74.73817280021468 19.982066368407025
68.89244440053929 8.008697516446853
5.07383473734925 2.7466327859403976
1.8314419712722934 1.0254973377311696
83.66689310525071 173.41557721129192
22.297292847102582 2.1130927100073853
21.40973832833694 12.73985236488562
29.157434346485445 59.50236818469376
1.2397701464583248 0.1809498383384279
70.47724826079792 35.64061814406654
73.98657461620465 47.47901054651175
59.58883380047148 75.19858038473147
80.93443608575778 7.823685688371492
64.51234809231705 130.161754773203
3.532907289266803 1.0255493415506876
48.49724742834181 52.6424398909145
63.37797960620601 24.714005670753487
32.99640644002872 30.156569257835912
72.02564909157903 28.262026312564245
22.046408818254612 12.470934956003763
7.0534593265032175 1.0906608810280383
3.5382791704424887 2.0040929733618706
50.17614142520822 54.56814372568574
3.4019689106968354 1.6036533842248595
76.77054835649919 62.80027482659588
1.6156962241237556 0.49368743830329026
1.7036523643509431 0.34774857099178075
7.425875991054462 8.186784911145365
5.163146996314084 2.136805378308277
0.8170728407035276 2.008022069449466
3.6136095162814943 0.7642996933014483
16.132728130316558 15.244987804633274
14.114160986872447 4.5173103834318695
4.764324957421633 2.161831280659856
4.230373223851789 1.2767041667578887
9.756071067306383 5.309672375672599
2.847948747127884 0.825482859515112
5.345989976287732 1.5748996969224218
41.7723949546112 41.37588207474708
4.569960258596792 1.9125754994588937
34.19779537856219 15.337945897699923
12.72429021890433 3.2066036239625517
7.580420741820798 0.48770978259277276
65.86795244081125 10.53178302165904
2.9087056952139614 3.2839942514867557
28.90414806357782 63.71340470722355
11.702516771731558 1.6258324016248062
73.3656575812789 40.6715022536447
88.91479657375159 83.36289128674697
4.1938064909229125 0.8536646865749832
30.351352949870382 6.918759928047441
89.85266134026493 41.94412693855094
73.32445447125416 51.75175902538414
40.20222319248168 151.27265209316963
64.12223333623415 32.36570706237137
73.01402109274872 21.34408766143833
88.17637781016894 17.88128109492381
47.717155215612934 12.234634755921466
2.680372442903857 2.6288918327156625
3.1795420772497986 5.111316025587301
64.51259324892766 25.135263522318382
25.781556503218038 119.01964227004261
83.11016534273476 21.21709557310783
2.659331842827597 1.1924876453281257
20.50198911912939 0.7128136324187341
80.1035717398966 26.207619534258722
89.766176171789 62.26992826456502
61.9298753141056 99.18392739538929
50.43748030978779 74.45851874591759
15.53103705926882 19.22130095408634
79.46006092721728 57.724616288855294
9.887344332309148 1.1522635555054737
35.91172223221187 48.327654573965866
3.402898828035885 1.6828499410442321
19.610166114915817 112.72937466049753
19.593190257357957 79.58575668498227
0.8587869228535577 1.1516457724149631
1.7169357017468696 0.5491618007522999
19.57852574701769 9.44938258008887
0.7609220387464338 0.4077553202283452
83.59580115277765 27.592577153949446
66.20560259435496 61.093208041942006
36.027930813400445 159.82797946679392
68.77090200531202 18.71961377841449
82.6596099277328 20.78945800241731
22.56946130710077 2.0379943509060303
39.10830442693148 45.65875977195999
10.563919406479515 37.76733505208987
68.02649920745002 13.335282751703495
70.71931417186666 47.3847266170656
15.814357751891123 3.63092991152672
62.08111267630241 46.16459735728132
20.68755774926228 6.12364329607847
20.92855179086911 86.0092740426131
24.620360830472034 4.1471921523892155
13.910306939747937 7.918144059611802
78.14966859733225 46.4961992543038
30.306697069129612 41.48153955421697
28.934386759716062 99.90921276991844
73.52800060021224 54.10831285258144
2.670739055013019 2.1223799918018758
0.8442392909991078 1.7855226807447069
70.13740642799985 13.654741718568186
40.91082819880168 87.1972988993784
44.492208915772636 76.57694817068295
6.689277483877193 2.003249798087515
47.398298626890465 28.504138911626452
61.86772025438003 64.28873804695894
1.9087862385667058 1.2809908982259952
12.364458170556782 5.76285769156451
76.15198204111788 170.80466751072976
20.161228172220234 54.067291145032755
64.16035481941145 130.90517976270277
80.2348977840755 68.9399459999041
81.35530650590408 42.08039440793974
4.242290933961006 4.035216534618658
83.3114132084545 3.69244484010605
61.38073419932255 24.767388989426266
84.82620904001932 22.179434890501177
38.39892588428731 10.458202623274296
55.94895445485142 44.29899550208504
35.09830172832133 80.69981317525345
82.53405434712958 51.43879747350136
50.97638982024379 39.35560846163135
36.11633803007585 1.260363989659619
80.88348477091661 73.09510047843223
18.528232083538427 71.87699484135564
63.115947480926195 3.148895991262909
45.754311644390725 38.10721949266569
15.022537731162732 10.823343814351555
5.503903595347978 0.8527513494431741
26.772782124106357 45.6101529214308
24.492354052272987 89.42212217387109
80.39576460902104 12.410970676712546
1.418042541200836 0.5149449510118599
70.74027353432794 9.940160751693067
81.59633636371929 4.19257838676284
1.362365985171467 0.33603491636949157
81.08880770396402 58.02411322535803
66.83731871447343 19.298093852363916
9.240512704000848 1.2123140944086197
36.41512979289318 6.285829439003211
14.577012888610552 10.952497921474057
14.592034065013706 24.552314639417173
19.49701884285268 39.60572255240544
7.176764965702848 2.9946531250502053
9.01266692889085 11.518941152040881
4.777039889079815 2.825213663712366
2.738997317158572 1.1767534272915723
34.819478340332296 46.68572722620228
66.38156035764464 51.21368592410934
10.340192078241286 4.9204816278255805
52.326417567671 25.5189055359003
5.121160586342402 0.7295441043330998
2.0640749809313643 0.7531810683941651
16.05855603695157 6.70902745649337
24.499627824534315 36.683571342436515
2.9710759060277407 1.4105023895705133
60.4720719110784 98.68687013041823
61.082966486752355 2.7297224430382108
88.93140427701614 174.40350348432634
57.572341974109804 51.195909863465275
26.31089169982569 5.474604169533127
0.9308611679166877 0.6517899874139801
60.23926665571551 4.974059269636429
33.656928745531005 6.893473510127467
6.8681080587420125 1.963057873884639
35.75016115428261 21.614342806446942
54.64879478673264 120.95335604636986
26.35188576781402 3.923495120337037
37.82380052904696 19.878358665208662
75.29782654376999 34.47291954399747
86.11878483694795 5.471521308493091
28.001006723176832 17.937802866601942
1.734596670766848 0.4390728514717571
19.95208894048841 6.404675659838443
3.3882263475233287 7.0438500165359
81.72662091088198 68.26469106892222
28.761377213335038 9.65475500171717
35.01100693190053 71.51396256804883
34.68032175260413 52.49453473900934
31.226241305761505 56.06260232121112
18.580135197795812 50.99034841657986
66.84661490810014 39.00775038835153
17.160120599472663 8.384967966815436
1.4703895441188668 0.46410825463060995
28.89858564260109 2.495082665924307
2.410830609907463 0.9083844127636187
3.942255810595226 0.8539397018854163
41.82609814763032 58.00974511944145
51.0945072400111 56.660677569173636
7.088144279390023 1.9698091047899873
6.661761081532319 52.40045038247785
1.8855715925330117 55.45770383078753
7.816199844851042 42.806394041022344
18.66465693580122 55.18752715645328
72.7804962341161 20.32596191035002
54.010394585085834 49.34632712535799
22.68250730770879 33.297898194402855
7.093062339579713 1.4398845802940858
61.98290951615502 32.72351129115611
1.095202331301365 0.23761809862834887
77.38938870474206 59.23519120356785
1.1808858675721026 1.6449307611785442
4.991537218840069 0.977320193793796
71.57191512707774 23.220481444297654
74.38267374878583 16.14161832149141
60.79826221385552 53.35959269881205
12.593184612232204 1.0808150787468362
7.837391159326771 2.7954133042584592
73.76190165024897 22.219284600590875
82.95209866610847 16.919402160072757
2.9643858363403495 2.0078150287743104
28.08963238298165 7.363160406069803
40.17544434991302 1.5978433788413118
3.9488987858077857 0.921750280042231
8.094616455057524 1.4288271878001575
42.20061593276537 28.571345421128953
60.177872795390094 6.625206424462893
85.17579863479563 20.032511444961905
31.329148905202956 51.809900511409076
64.33406617882495 14.884394767619536
61.02352402630442 12.701964820495947
15.025574686250884 3.507198886660335
83.74976532642955 49.119412006846005
45.62129798915844 19.24136840757569
79.69359651181655 13.468544910772804
73.70416175601157 173.50919457622112
15.426569017057886 34.14251294060337
37.50336679153449 8.799689036515396
84.73902605638291 4.5345304925618946
2.5863650549867847 1.2089109028275797
6.238880693383612 2.790837836611669
13.430470075844642 1.3110254660561487
20.45674160636178 4.5332518729178535
10.059071907458042 2.933196143246023
9.412012859398033 4.8319612821553966
29.557672000058343 10.08913278777063
73.71731627419462 39.082813829961886
63.33254409047598 35.21091072394774
84.6242332596044 60.537338810384085
4.047776263155696 4.187589186048139
5.000329869137731 1.5941906349584816
0.5367688953592905 3.882927822036286
12.118431820638467 17.10104919291579
3.2893458919435496 1.0580204665848678
7.720530296993238 3.048056509014442
37.229790485379574 25.609591937059957
1.4907588681670227 1.2080455366807705
72.49477893604262 118.64923786605166
8.79188059707344 4.3781791424786105
74.05957844501295 10.874127069390191
50.598679228996644 50.86579775726439
59.29287686196632 53.0430582151062
88.65347437881711 92.8348752855927
76.74977679400081 86.13606440976021
56.99679214113307 57.37164828544244
8.648861393147465 1.1248049259073964
45.19097076353944 30.384770981759676
29.955943354686895 82.35830939554606
1.992331037375836 2.378865357695842
3.425892916777757 0.36339636189186825
28.642831480799227 6.415157058666283
6.061618299125077 0.9203159793038023
8.664320868740248 0.8242927315856081
3.307058260255911 1.7412705149494674
3.9533773062931687 0.414739289837263
22.65435868416293 2.0731609418505434
66.95470118794115 5.207106394038446
82.43041888892587 2.4634293792589474
9.952111392727321 6.223011422281282
18.020175424425325 6.744020265003406
29.68394869434755 6.726755682992262
67.10770996609038 12.915577397781906
21.009722750195785 21.034864884373835
22.861444455833336 4.259601069652262
7.547954593749098 1.9463449516147557
12.55485006130543 8.101260867873055
8.150280260934766 2.2889049356934206
15.825762806019474 3.0146608685468794
4.208646313746802 1.520950069263827
11.012640300915251 50.37203663065347
2.064357028707974 57.902515991873436
2.7853417608001223 63.342014546162204
29.60188259869497 58.730328959351546
32.466189538129 2.979270569063933
87.4081385076328 56.972159805521294
51.190966183686925 18.120998395968194
42.70525006798928 7.025286750651822
3.864224323711886 8.371394287897939
7.922417187857363 1.197253476582894
5.820681365226628 2.053685580312067
28.119458905747322 9.571490578851872
78.46018676950396 6.929352187729493
3.5346806001483615 0.7694833756343463
4.2998561249286915 3.077758660034956
5.018068788755936 4.524942274766925
29.61480120826346 9.175439791442887
19.505584676533346 86.37964347016239
11.975589275604868 0.7621607789270698
70.9457465325136 86.03659680660643
54.9846797736317 80.7961773216048
9.004692411879633 1.621594373659061
33.85390341133865 64.2021141020381
4.295225882261911 0.9971612177669414
30.81297519383601 3.7317569225650216
21.57650474241883 0.7146166841280943
12.313671754080966 3.0661601554985687
43.64612416737701 17.448403791264184
1.7661888511764203 2.947495555826598
19.80155478903561 3.294292487478001
11.618694692310642 31.611136849910945
1.6906614932545396 1.0539925033001702
37.64993184082029 16.12990922970301
4.332387964288023 0.7356357664759644
17.852458870524686 33.674611252073376
2.259682081939728 2.291675347309599
0.34923984198242686 1.7463533500479977
27.698485222170746 19.23548322852296
1.656917726681492 1.1024998121385425
28.04639426269392 11.403544928102255
3.4084600945285075 1.3231882893489348
5.034677960795887 2.8147211582072793
6.962677324043882 3.6429995820948307
6.521139860975244 2.6116383745628973
5.887360868288813 37.60798253991007
44.73177519636829 105.88207504024597
3.2127367076036464 1.38679183626287
5.881512584059093 7.364836695485468
10.565369631850492 40.045338859014535
36.162867954392944 105.5078807170042
58.88724277087362 10.155273185212819
12.227939187290787 30.586863544623483
0.5926825392382145 1.540375015872677
7.742633522269342 2.1821091563782304
77.47924246248758 96.27105819467224
9.297721603378845 2.107949271164999
4.678336508494741 3.9094206969939003
4.001202678308251 5.849619076164954
56.51655898080101 115.18815369526858
2.0505801313501184 3.3141345054090405
55.54417566289592 4.035476208061291
4.473454722589163 6.303030431476867
2.3800996608434213 3.09770781616044
29.761552269784723 38.5573717832416
3.0641350549988458 3.874932352545382
73.35647184613084 21.347609652847392
83.42304548466325 58.828063701420874
5.966220756727731 39.87472267217953
38.917061461781685 72.01817937562504
29.63174756242289 17.395757352238718
59.37931856921081 37.25310224528709
51.32588926596807 34.4886276091775
21.953997569131076 56.56119638860804
41.8328061226247 60.97090761535045
1.5790720142036685 0.7166044397238521
60.24398485038995 24.51224175405119
20.28675170974432 4.553067201767582
50.596896254019974 9.909147014366063
53.530497994002125 18.26671597323596
12.0711040043333 2.608707400647091
59.41088037590301 5.067542188166026
13.498831624018937 2.094455620046201
64.70157724234234 2.3340400375314823
66.25468608935464 7.607895684828643
2.8007989970568734 0.9137846437918179
5.100363346420882 1.629579088865257
15.588767125133543 1.2196288034735443
5.816862148379375 2.110778460611627
58.95870746561127 94.93850960943156
55.59164498159282 66.67737735738638
0.9449325852143056 0.8158540120652209
26.931245426745694 31.642180270542
40.41398758192594 54.37686767866313
21.48321930587835 87.54521471562974
6.750978748888646 1.0143064395990016
10.862627024502721 9.933225471963937
51.363365360892374 55.35589763304201
1.5322136393270769 0.5104985777851302
1.9973587730016413 0.25584217168855766
8.318036088454614 1.9881248090163024
4.523199519163111 4.196717137497948
64.3450796070261 25.251836161812218
39.861715616951074 36.76028347200782
24.38688783167225 59.043335225524224
14.244812279227865 3.605825557428636
3.893994343916888 2.4721746360540653
3.1303773432180577 25.406071723801244
2.212493836986231 0.4473609339632569
8.39406896728586 4.714334627913185
23.93142097943853 26.674851610230522
59.59436055168247 25.11102314617802
47.68792035298801 134.796703654517
57.10995734021538 52.15787495470129
71.43208182492229 25.166432113724824
71.65686283581832 49.032461730991066
57.37183531684555 35.616889192914556
2.4670298188941686 4.5771556100352315
36.523209487576736 99.41545983340477
2.628831242885763 6.590107751047678
0.9864355032730413 0.5617917946059664
52.992295461491224 4.74236410223429
10.033326858195865 0.7473797250609883
8.060405262991361 1.9251370706755566
59.881137043702964 177.17523254370496
82.5541389738773 92.02609675255708
14.637122468508977 150.75836976142003
1.6704082278199652 0.47503651308325867
35.44023354412194 2.9421044392238684
37.374502706707574 14.550714665328815
21.298241906605362 0.9933764913688029
13.24917510000382 1.6705705319752073
84.20866311852897 31.97739591669589
24.759815402931213 9.016814245263836
15.626354646389165 2.465790571801848
74.88821743156129 14.044927442209904
3.6320715197704314 0.74373117813334
34.17218411762063 82.83907586740536
27.81172808875313 29.305110198146068
0.874985667222126 0.9426276012184263
1.5412208039245756 0.2184753083341295
14.318019149461435 46.13422800535877
16.37673567157449 3.773091705364612
76.32792440095328 22.947108050165916
12.86723243221086 22.82541124199714
7.617083459235073 2.9305348521841363
6.232357126781515 1.8989937817768527
8.569657343585076 1.6404345323435507
3.7969357729076574 0.7384344887781001
2.457315298307336 0.7806115161578563
4.723168924913258 3.179274563452804
2.9596299400879467 0.42376551560520453
10.695879784345031 6.478339763378096
66.15836549666007 10.656520429394497
1.434866285599263 4.020212130422897
0.8444420308536761 2.7359959904287074
2.7555805092947754 2.5620562773329056
0.39425530194807706 1.1249677226375971
2.544389091649631 1.1258589413969715
2.060084137006215 0.6618749973501252
15.271787611713057 2.263337142718806
18.24894070942613 1.5868507036026522
66.58706855280808 3.4787955366558956
32.76552719773651 3.354784940483525
2.2710000336811023 1.9484904734399688
3.592603333763358 1.676967033055856
7.84278866660652 4.150795139983068
8.496672703341568 1.0751976692889245
9.73550445481244 2.851951817219552
5.272724506795408 0.9659426216504312
11.65423446310021 9.721949203912159
14.901853671487999 7.112336601488348
6.313854735778735 2.308624805099817
67.03217217862655 12.939264793518069
45.985638529810444 4.667787236667049
24.777580248653095 95.21534254738746
39.5165704034342 86.82721480041877
82.4434729128875 61.3367122504318
8.301390509270119 0.6088461877434433
7.51106969220139 1.7533049492386952
8.258025110163455 2.2144996397974843
56.448301842946435 86.24589558937784
66.43021533319997 13.878268370200399
67.07965203785521 14.7735023872926
33.2413836849749 83.3469736605453
59.36849194969338 44.441935178246226
31.963741660770836 64.65636615175053
42.958247153291495 29.433270718962596
20.692309756914824 20.552707592815096
41.18146091674626 28.87314421794971
68.94651780918645 33.255734385998416
47.03868486823458 12.812734666062692
11.956920372402028 0.7174552935690784
12.476132281464437 3.400821261902343
12.128124962586352 3.0813090768409435
5.388098473515714 0.891336684019871
3.637549824002151 1.0259013110260684
69.86220019791101 38.21998143488319
40.81226358613719 20.572312070842855
28.92366021907533 24.683980471007413
43.97841515000698 29.015772078370922
5.754861665723889 2.4279649222325292
7.645177111091813 1.3565734656060764
62.09983253215359 20.13123421786448
69.75298182387722 6.530264707235866
1.3248124123544682 2.7319992002029587
5.569664892287297 2.866578943860111
67.88159418620727 15.512609039012045
12.36133663063432 1.1568906045912093
3.960712833740803 3.016241616429305
5.238128897229751 3.8941845109888975
4.634381211647379 1.402629193668609
12.884070969966402 0.3002979781502192
1.8791580434467636 0.9624415678703798
3.583495858540651 0.517405607965066
56.351011506793284 48.202085194084
9.628583868239312 1.9966032422342304
1.7126124288511797 2.7099988936944195
14.440058824660202 4.358499469142772
3.821660521860022 1.5856407964629453
0.76773818675829 0.4915664147283481
53.790965736820546 4.074888392547665
84.79975486638476 113.96792544732175
79.2048400898778 80.26887764489364
2.8584769045418215 5.596219323861544
6.031244439331027 0.6469009813815743
17.49059875404698 8.857296975996007
10.629807731123925 23.24286107666282
4.850046552300074 14.013821804462058
3.9240745779124544 2.0990833730856737
9.266261387491065 11.988541269562228
63.00474130251273 41.31492247655685
11.004105602831647 0.5370103028675601
27.666967048001148 50.12902201549348
6.945510347944056 0.8064839640115385
1.8673490915948068 1.034997747241812
3.8843509232815174 1.4181834011519578
16.08574585590222 28.532783035999987
83.28000524856007 164.4063734185766
40.82617075865832 121.40580871494171
89.17998608529531 100.61548732321981
64.94928397389471 66.09236891226892
5.929714303102286 2.193088561638493
35.04247902233345 27.927476523368977
44.64312589401064 114.03454289414199
3.1199107073845105 0.9459934794491536
4.487215094417624 2.219157022131918
27.631336891913065 119.18807417415692
26.80084504972544 71.97131856707027
52.03861673329851 126.86684521288055
34.24020579499517 2.658025993607923
73.5396468145883 87.77519939357775
5.484132002705838 1.6857868550127784
77.11816028160622 14.221672733979963
86.45500863665174 21.860523017213488
13.18913863814694 24.347926724595933
17.82729625950061 40.078674899998155
35.26993744166191 63.153663641832914
13.513085851716008 28.65247876263944
34.398027009389544 23.788082980026406
33.59408181256623 48.08904378937677
24.819444382077517 33.52319996164317
4.772232804866999 0.466380040030314
41.48724743909898 86.60131882868487
2.130233574738514 0.6079977719067601
10.941348428194896 0.8688723353142384
55.844762933325796 61.57505501391956
38.661237196896806 1.591368033291443
56.58579698770775 19.327740302104736
85.58845869826948 16.213485493894236
67.75766794884328 78.82831439840906
39.35109807193112 50.466813904668406
58.439660511585956 36.98437253047185
81.36156114656981 44.43024155809782
76.47292563192215 3.3706939813478125
35.322660861959825 32.35197812309848
80.30231732717768 15.826017636745803
2.6718242031538573 0.8942262018815491
9.37447150466574 0.9530543708610333
4.56297945690183 0.5820191246728055
47.005245876792955 25.30934811082038
10.507177592102183 3.682651418530862
1.5612950009867599 1.8873555374286957
1.2903342033371845 1.9759436993818582
8.74007977161225 3.422553184957906
6.750213050558039 1.0392794122893594
4.9143186456266585 1.9137104343355413
19.308626207986435 5.80524480996481
3.25245776422737 3.612556522703648
23.67189434579803 1.5542946322242248
0.5067589563409495 1.3463816145204832
7.089344590396121 12.477412169316674
6.661181328783285 2.2567432317512566
1.0074324786935043 1.1421191693102195
5.97572871411318 0.8152574169991783
2.3848119182901613 0.7226044869172249
74.92777965094335 82.31775401892001
6.913088556210414 0.8835401811207557
4.903487954916823 1.3841890725856647
1.5793760769161183 0.2575309886337456
3.9031664192163276 0.6618869182771104
5.260309770457219 1.3455661690942753
4.199725630069318 0.6045377243823217
15.57542760951424 1.787150834299955
5.98364170293291 1.1313344297363293
2.852958384789667 0.92593277655066
2.935559257546039 0.534476526198308
4.772488578850646 0.7986003003175807
2.7703644241939878 3.8925953201110106
10.059947235940397 1.7002216592105446
3.0302237399788385 0.9782835702318147
3.286990189515019 2.2515553177172603
3.6681644720904703 0.4275830540636646
2.7514640153678878 0.8782213006530922
2.530307098234654 1.0318710320871989
10.983929436482024 2.1726029731658514
9.632332514445345 2.9059033966730072
32.75507057923102 60.66236243452113
8.250614719595116 1.7879581161757159
64.40839244803563 34.158192772314
7.057495444706312 0.423176608392466
1.0845024207059328 0.6965826712630581
87.50640090276859 35.5667412901479
8.743985609415821 1.0811578104352537
9.799104834852889 0.7654805866688503
26.1910727269987 9.466351941679147
15.705463240279922 2.328671692654922
42.94630275772938 49.525750281591506
35.64310322164127 65.75915406852243
44.18421118323803 27.346689492053887
63.73536103351062 24.904439832133676
83.03818802280225 84.55861539975203
62.558246198413954 25.758170850313842
39.191379292140766 60.81044564055438
46.91696452687156 47.025487653556695
16.487740990434204 8.956913858855222
87.02802275042981 83.4764493007141
68.03887443549016 99.70658553510883
77.88748841891555 112.65739079249119
3.483931683131203 0.5504659013228508
9.792309151234639 6.568776232413632
16.957529289631566 54.12317060572482
5.9175580342031315 2.1448706871314376
5.615448005840697 8.34571385577203
14.493199371993155 1.0414866460552792
72.08219349553073 148.16858586486094
68.36164354240306 91.5502952967239
5.195604406544337 4.9319684520176255
78.32421320726192 80.40829501894545
35.83738386930486 90.566869309363
9.68974562218556 5.121043342159533
14.640365026371962 7.921129775432606
8.120379236893204 4.117568513760256
3.387759305224316 1.4744637246945704
35.44669996963003 102.3985847366589
56.458976812698566 4.988147325293406
31.342869790406894 4.90354755290044
64.83203105228853 39.92413443915934
1.4017061150707417 1.8725261651094662
65.47854306664134 42.49129032600336
17.330024285571305 0.4613472792655775
17.472736128591915 2.3611959011794883
4.079827488183834 1.5036088990663732
12.58532389428197 55.854126336231865
5.236399158596001 1.2610219425710787
14.885005494916014 1.6955104374387475
17.782963717569686 37.32893006808889
5.337022499442316 0.18654345838246225
16.429463046348964 2.336380824645903
86.54627291900923 36.615796131800906
8.820162369989951 3.024406678323517
4.53671377670391 1.8737134751215478
22.144563929998768 3.6534130709297576
6.486571931342267 1.820786659903434
7.3790200081907535 2.2384691096640714
18.35223606814253 58.86372421406769
38.6830040495812 80.47408029861066
16.450646602471775 1.8951777199667912
6.415006839143654 1.4188013301540452
17.53704339414382 3.0430319847413694
29.429557557077267 4.0835788870031156
38.90306736788474 3.485476114285252
69.3484086145978 6.575023626295617
34.04271779363533 7.276566251706569
2.3916769288995576 2.9861854532384355
59.37998556477215 114.93817877538795
4.400967349712064 2.2341847620875206
71.325252477301 21.6227029987684
23.170847371447167 9.815565549674607
78.30241453392738 59.95773752734069
23.00895526663328 45.444516026398965
17.70484753474472 22.50528528119198
18.07423817953824 81.45297435848448
19.326149011367313 35.531304206050244
2.6369259931345033 0.6548550593446736
81.92715535711834 10.334536810416505
1.4795104135597932 0.7213924062121057
27.953675492640624 1.1899353258397583
0.6926604139559345 43.64436079119959
34.777488023567116 68.10662888899708
51.929184001307966 97.43357131143082
61.59732249406707 98.98574327218154
80.30992053333236 120.9222307605774
7.25945274368138 5.601447723607483
50.913312316787305 67.49825560086904
48.90919587152317 107.70918953606184
34.50436832973554 20.789674794238937
63.11389736798253 160.88898680418586
34.71880054047163 68.92982323165705
55.420929259421996 75.6585303577702
41.46518639368114 78.31160583305035
88.36027875280578 155.97039156861018
74.65439133788192 101.74652645324325
1.4752650168706822 0.42668298130679355
30.727167807137477 75.10875025034896
