2.0249215042614197 0.5422367359968867
3.1543272622510212 1.996209137139398
5.521668987924676 1.6123866715342599
0.9281825281838991 0.8760505229592438
2.403963403350007 1.4728777556615646
77.40032514253122 72.76732637589825
46.47028120315903 32.882542015948395
1.7114448888412943 2.472021588703346
1.0046049635243086 3.0820572833255553
1.2348409861236886 3.557521615990142
2.1246908317950406 1.2590807407923998
19.56974680587469 14.223946694402128
9.80302371660545 1.7723385131405718
1.6059882569120472 0.32769206679105095
48.33181615474817 37.860242514784495
66.26393580158799 17.760320525181413
64.35693785648743 9.230328336027217
55.63711058244177 5.391667566316926
22.52909788227862 5.51452840694174
72.45801010418099 24.0372587813114
67.31180865424736 11.424076892454787
86.07595945399208 2.3760509261380287
2.175566563665407 1.2743575270527563
1.0900935413554962 0.4489057374065237
11.072225476879211 1.3392048758899904
9.031370100492714 1.0924546420869632
7.415773192593048 0.7164695810171263
10.330716186115003 1.0125208143080902
59.940836521635504 1.0034585466359132
9.644038907242564 2.5091575796776784
6.094521023463039 0.45133887834519054
8.01678960223564 1.173464457270533
9.975896669300848 2.3446407245705387
2.260624247742349 0.838391765012986
0.5491340962037222 0.4273758060766362
0.6453993206180323 0.4984296678407486
28.73446305786514 33.22116767234539
4.28219000151556 2.4462282580706716
1.5555791468726459 1.5283837376967773
66.11921982579081 12.936155032359048
2.1743956101194835 0.7040384115299424
55.51994783694082 17.087717912083782
7.168156531714699 0.4351009119070389
29.51667393704281 38.17755811513545
10.922799421790904 0.934948422661398
8.317468642589366 4.249882260338009
5.086084754801751 1.6121235272977341
4.194022465694748 16.3554576138304
27.276440572175506 45.978570733477724
58.386525523426485 31.19768054499142
49.47408375683245 171.26143710822728
85.9231957673548 163.84973922970053
43.813673557574624 49.60179945356244
33.497751009976966 27.790904661867035
33.435528785279416 77.52753835668149
19.20519789235552 6.052005159039524
34.71589856415747 3.5920817690650018
31.45521658543356 5.784191546457877
51.76495407252813 3.679382324674457
23.906767380529622 6.428914415953018
23.349106101169983 15.058469189351667
65.07725160495518 21.156230275613527
37.560755184043614 10.091050037924134
34.29684090779995 46.846519924193736
87.08928052966692 17.833433096813224
27.731510145725395 46.02064142969498
71.15542770105769 44.90021464540349
67.62723463806002 24.68700652744628
53.32102345331211 59.984933743209346
39.492176708533826 36.46679581062421
82.27571431764103 27.196409600052004
20.62134592338082 4.365272061749375
15.615528412448189 15.347088456666484
48.52329194884562 51.119885573992825
83.2909823632878 59.51855668241305
5.853866280280594 1.3503905567899868
53.88685529832681 66.3362162697488
22.63513385825932 12.946122104704918
23.99465775100254 15.958438500291178
87.33256721277752 113.77686065848724
2.443542929918856 1.230147878415649
75.20143622578341 63.30332479124714
0.3315341556462289 1.0983579819784643
0.6204577329067255 0.7332527260762803
9.986574038309277 5.87435945219242
34.196123995631666 7.397866873343388
58.85989908407369 5.733286341221399
3.0972471963822095 0.5324572099362941
27.51715123674174 7.6259574980493605
43.77051546816772 15.040725211776875
43.47776547441853 88.79375974391371
6.077569175423276 2.748089415159825
21.688511635912235 28.61611989929476
70.94338503987233 81.11295932580164
87.64875745197163 42.834661706573364
32.21043405630015 11.914887731559553
44.25061659757725 58.137120589819204
35.96779091082434 14.94747561785721
7.558724508616293 0.8697975532663096
61.523105327941565 45.26108246981641
13.72580442736837 66.51327649152597
83.03977493813481 31.336325057468418
16.552063028053443 70.4039097553179
12.84095216725434 4.24463811432594
84.91706309411367 2.217564343440595
86.35839440362281 29.616669839460524
31.239733843243144 19.798477854929143
30.51806405028464 37.638472525164275
44.83288301740217 59.314815243399586
2.889301300229249 53.33638061875773
6.023571497309245 7.600447199315741
86.55815262579166 27.61373629561752
45.00165674661915 98.67776933206699
73.16027108167548 72.68404084795617
36.32457671293628 33.489373401962446
25.11642915836337 19.509244584338912
43.05659679851556 84.30695744359815
37.05187683966679 8.456033120526953
33.58837971169213 41.35081886994306
64.24071837054171 161.58715658775466
46.40389016804481 8.176721191055615
33.884459512719324 16.906426636750407
5.738990969954715 1.5078907857803756
16.808777807228406 3.885002420841185
15.610094188619161 3.7244539280839337
77.12542961702432 12.570344723029963
3.177055466104764 1.1714637538211334
60.34860267202221 121.38112752120273
9.271626751858093 78.58114196259747
34.0195300566252 36.99033843906652
62.27365491518333 17.79671697533952
83.40558452669319 30.689412868269827
40.64376521791675 22.103395405190444
14.463454667949058 0.8448394791551138
43.524251207477576 4.583667825372901
11.620468911177497 2.3686104319197416
25.901973653268406 10.279008366863287
31.98848443252581 16.2867904769556
13.785864200051353 7.634357879977045
7.296292775387192 6.989695774265101
20.06185792121713 3.4358029106712387
0.6114097406124388 0.23667955581508596
2.410343614595867 0.7151206563488949
22.44610954025011 4.078994338997787
10.706892441451522 1.113806713539037
3.6523783191504746 2.08372045132725
3.2241604842535856 0.3232712227619091
23.5156670396055 4.233363914470452
11.23224335289786 0.671698919460538
61.213126280553155 17.450917255586038
14.928422342577498 4.416662571074609
60.624563872727634 22.728434276232782
4.504236399477174 0.6411497622043443
12.243898262955687 0.33136422641342583
6.681641423878342 1.19347243837637
3.9710383901974406 0.7442757948214088
2.9509793221515195 1.1543612036807032
14.944426954833943 107.38639172797214
36.19573771332554 101.4696511511567
21.952454901968792 1.3582281074028868
9.837552507727283 2.084002814428563
85.03408838281744 13.393528135334641
4.741566479104131 0.3568636337808884
10.693614138740402 1.7916743861296471
12.826741121176386 0.39445738423057697
72.467770218497 9.00432505644669
75.38289086753193 39.96113378592328
89.97772948689835 16.25900617347123
68.79027859054251 29.107002347169903
87.86322372363001 28.392431798669865
78.03563333626457 16.756387805321165
61.39169267058794 56.41997662207973
43.08999584841371 35.20371345685947
28.806650094115128 20.229517160828912
33.674020715638164 12.423610079565552
78.15579234406928 29.874623472270173
56.90280597280005 59.347739762793765
56.4861918421778 53.430555384894554
45.06725384199379 38.13146092395762
70.04882950820422 9.620475434031254
13.252920153682304 1.0576612064380726
3.620779660624592 1.8446044410325504
11.047724250537764 1.8747997382072952
4.175965220132923 0.7508189058330664
11.215772014094414 0.7975526158907869
75.7181720266056 68.59925283464662
44.36844253294751 32.09118488966014
1.758875481244745 1.2105774843591992
35.360374144875856 2.377424193700181
6.044598817891395 1.6383805223471932
3.9168442040580427 1.4434534267981802
4.505149353665424 1.5876587953471226
87.83321432911333 49.59352393591496
1.4055551655993757 0.34253307127017424
67.13542890435725 8.647061818327607
8.755574023853178 1.226454842863091
34.01198212644878 15.096217613562361
38.87206306194577 9.082139692379894
40.366354343255644 2.524105527567181
6.508971303387511 9.334844022256
76.10852454877687 148.472708187781
62.824038264659734 5.820312093234734
59.97595408443969 23.645892477799702
30.197587139213372 15.476017261388726
64.44949727232101 94.91411658381796
40.40723019986124 37.42849066354115
15.536664968959276 56.083058063684206
61.89085180194933 32.49879677422019
39.043634853991584 89.2635690183974
75.19374177317331 96.12735253361923
52.092723510776445 149.48776907479248
5.862662556225613 2.801275418044518
47.93414536438607 57.361130674801466
38.76351876422348 12.540401384607376
79.88456650066738 99.145038347662
29.921400229175177 7.208332671048817
52.00211848639166 99.7651960726947
25.553010022283683 14.542530101953917
44.311434850104575 90.82243401283503
62.225479398224515 37.6217494193979
31.91369742268907 90.52090572633732
62.41303263951748 21.62554682807237
62.55702307989232 21.471965180703073
66.85983822484287 15.966454288970665
79.1956507684625 41.70086483187609
1.0168859979060074 0.716878736708446
3.3782017288428907 0.9270759690819323
33.30805916569386 79.51694239591431
2.6302442891077784 1.5210316742341252
6.275022255087417 9.625935295156461
65.38771311614441 9.084413633403507
1.6421803444322038 0.7146655346878227
2.5632451648637886 0.621723430025256
60.97257574974379 18.801795613852295
1.3430349453347215 0.38923431014257986
2.7764332485665832 0.6430034944048019
16.35448019405652 1.3317503970712479
83.5908126616273 2.0521179947605694
29.429853334599077 15.000593443986295
4.254412766389028 1.3202449942694225
4.597195751900863 2.1850273168010346
3.175130789802868 0.45437710863717495
46.58095925989986 9.91135435116423
75.78436325743316 5.554140467004812
13.986749509410888 1.4525489576404356
37.46532340526839 19.01143535345619
83.99729978063887 38.19342864079685
87.13098313180781 36.72700173122852
5.440280709441505 1.711359087013083
3.5838057876198577 0.8884724882881423
22.183984151842708 6.953988616239132
41.88575431442117 66.97737638704614
68.45028469985711 106.4648687541672
81.95817793216946 30.88797355828785
2.449467141983528 0.4485089229829725
3.3532074468966484 3.702746688816977
65.88242702007291 96.11716588934112
86.9012195660234 36.37290490201368
69.11391763867935 49.02607689051056
7.115120062343327 3.370377584138512
33.181334924572354 6.454688344072081
29.414184922907083 124.4591638342616
72.00173823180768 60.28102916557964
1.986722357534824 0.3420603909401941
66.8344818767885 80.95507555633567
2.228246986283694 0.43707942457360005
14.470063526779484 81.47585584854774
27.785363485395383 12.230236550128424
1.3225701651111073 0.40222111559189544
4.375410646133516 0.8241286590604284
71.6639147617429 12.826132084811983
89.93113677097776 29.74812531260366
27.421162748795915 13.336703930901749
76.60231715578345 18.140409545102465
28.10527853059031 25.92028931959342
55.30662781606278 13.381015588021018
83.41760521043052 49.09867273176381
4.687033331375748 8.783665091990406
35.867791510893646 1.1989783404003893
84.16202178052116 177.69344699880656
14.807651897270544 3.4176828191234745
73.69067781376367 23.338535959504508
47.836934410491914 78.32422803241911
16.028414457620688 7.962854193304409
27.233250013566753 95.50401324352174
57.27191920081394 156.4936312474444
61.611533969596145 44.289493065561764
28.3524516295696 56.6580058718567
29.27128239660546 76.06668703621658
46.72280546695082 58.92966148167213
62.521239303765256 52.99805180934494
83.38682842881406 106.59769403703713
8.630790209242987 5.349779508329848
2.052581111678982 0.9743991545591083
85.18042754726127 53.98775702562338
60.39127406020272 59.172534189849706
17.500716995358747 2.2356434778398095
52.341024393191745 10.114866896806975
57.25005222964707 5.059559438521763
83.83179958092117 25.203128057552167
15.570905286448832 34.92045045412364
87.58977161356445 45.19948243189761
51.372628880330666 44.60898875601784
50.68105933609655 79.13451035224303
42.24412028946276 6.386431111400384
32.150900312066966 78.79537771873665
6.039998766667157 0.5921934510352321
22.10578317815623 60.30683327350082
42.60553786971458 6.498464342222018
79.40955784169084 13.183445158090008
5.667310379241182 1.217448859463711
77.68875021495573 46.1816438446377
41.45933944701503 23.805701120980586
30.65575080263108 66.61437580980089
40.3565858165275 10.51162817857236
25.07846669785485 88.6190545841885
56.4082936562083 36.57198002096896
11.227977977399961 4.92009149242074
77.4425247840685 39.93917484886645
56.6432374790446 111.16732603591355
16.191198116899585 0.6929535714970436
80.1992909894797 24.096614050715644
61.16590629527211 14.906153263971033
21.06234300050503 0.9407878054860135
7.154404369454406 1.0487253611234753
22.709311796742274 36.70937948658696
32.80345923827997 2.946564600551444
20.546435257182104 21.7747169426438
81.53514825189036 37.76205281486084
57.064411968939275 1.039473171510835
7.782816183291583 1.1394940311035733
61.618677795364356 12.159505193724456
71.59913505539497 7.496112778572304
75.22598348260256 31.225493095805763
60.708934020586454 123.60481807772496
43.385324953655555 23.4386258990013
10.548636867119038 4.5970021075445295
76.5026648404748 85.52968879928628
19.418010202089324 5.06711436802056
71.08147933716894 69.29765505095205
48.963716900270455 49.393783139861846
73.81273586020906 29.2452047379489
29.22403175813011 5.730401707150823
74.07559501077655 17.523195777321302
66.71120416281353 42.96108177553268
24.727206969045422 17.33575538089605
19.197455757852943 12.55273507246015
2.106636756257334 0.4161268230616592
1.900537659136834 0.9444388240200133
8.918459608923238 0.9303887696695611
19.470650254282553 6.423273232668695
11.271295642619293 4.197423454192334
50.37898022508416 47.97157681871572
51.97907356179387 118.61656735292317
45.463763080425366 31.777452594370924
10.102329108261717 0.7517118588775407
77.61680095156787 55.969707062710334
88.28246917350201 7.84629721674522
69.51602941232782 6.693096742206728
19.306928141934833 1.3651828058054847
60.73904978356459 5.887092226557963
70.55828503839 21.755287062299168
88.09755751965929 22.849566731242405
84.28090999823912 33.246521381043365
49.76679518530036 27.761204969380724
77.74208090077708 16.627986503929915
79.52660415901825 10.195389653690391
77.20792330686311 32.28987961222749
61.609169744327765 31.48057796472659
72.26585807584146 134.82406974490462
3.5521670539347867 1.141290381998635
27.4747738206495 57.6735010670241
12.263299999035047 10.441991893563372
7.065050870667148 1.2786470355038606
63.495149753188336 22.26231372406595
5.440696882166836 1.793525269584233
56.29387893540617 5.742412974107547
55.687803953473775 100.95755362479194
2.875799262001318 2.3517829734359244
3.9418363166255834 0.41910583531889545
9.950302362378142 2.4099294176996766
33.62669087064464 5.888682281760958
83.49301431116054 47.496071584888675
4.58185679068435 0.5593475941483343
11.080598830807299 5.305117433573406
13.781877057661315 4.25958646556111
64.47579113154555 16.61698106597786
24.804297844914007 12.273505340577886
26.44699204148796 25.859949566141378
6.4006906265214 0.2651315275979098
81.96619828050108 52.24054546454152
56.6190808682887 20.88260237781747
35.27313669544912 25.02007160917606
50.127164686847955 57.81040699314296
71.73015159477305 8.80037452594302
20.66579061067686 10.533712908231795
5.0359257880923805 0.8473532274609362
13.096110986117537 2.7671221095055127
45.40720798962377 70.06157241852067
0.5232008771486436 1.3573783922172113
14.220642052684461 1.247070566277705
42.491837679594795 18.44600894328227
8.860599523840644 2.4196500118656084
54.68201996287774 10.73700350733365
75.90720676769193 23.153300882125297
1.8670799339192143 2.0029720130627804
54.94356265994281 155.674973427019
83.13278541885292 45.8687936761057
31.413727677442044 80.14694406258478
46.562631218271 9.11998191461452
37.92744820974474 2.2280650678815985
69.20083550886555 146.69059292269824
57.13815436584985 9.569528480403608
80.26756112178593 17.135967440832964
13.228383319811952 34.94425329057205
59.30095878121486 27.423643176955647
78.82461579257557 24.76452823525312
50.09200535228655 10.567617037073083
63.2391071981845 12.486151004248255
19.463728762327673 20.057519761258376
24.09819229731322 2.2731392523794876
10.272719873844752 2.0758705482399535
31.270538631227993 71.04131132774783
61.54447103124581 14.913467317712756
60.39337723753548 12.856505525988712
64.63035471786432 5.829039790411447
88.16482182107048 8.612624147965807
76.74549161553959 22.39874521029013
31.369167980625072 74.72771356602455
82.71305083343128 11.657805405697253
27.032447518496582 62.476645490211496
52.89072449071164 19.46974181428804
17.17253110722703 65.00674285547763
22.77074135389381 58.43806012664394
35.040424862400414 54.39682408284531
44.76230932733651 88.91731843112598
5.7866483694845545 0.7072523452392063
55.81119572275577 116.91175653461654
2.7382048766777283 2.130275311947678
4.046359082934488 9.796828102146335
81.06257030392523 59.49387332081594
5.8506114753736 5.50475088850494
2.6736386835525248 1.5437449129709417
42.030749745571725 18.733711166522045
14.918011146305568 27.413096254784058
64.44731986786964 28.090729229354984
29.12760922058581 38.27032861072934
57.58467371859405 92.33724995137624
68.19345679122718 132.76234150555268
30.952009515336808 51.24477678201459
37.45551123363278 76.28642828265754
3.067554350270015 4.2263892843987385
42.2342868569871 56.30119414183392
79.07584322280914 47.593424267698424
81.06995476614834 23.563709664391823
87.01104134435221 19.615588423715263
71.59928189077883 19.54412398829233
78.23636280980156 50.43392440101652
79.03754924954603 31.313746196342073
83.44613062957659 24.31937097642015
65.75944310243557 62.29317987307522
20.080306498033394 83.45043485761683
7.157672077221797 5.6064576783886215
63.15663825375329 54.022257603287805
0.7077119947141794 0.5471296145339148
6.866353720862197 0.18308594082102364
68.7304140576497 81.19163481542141
59.245161202216494 44.379224716215575
22.75674461533988 24.001912853337267
1.7504359611111937 0.2735010774375283
1.2923914492575863 0.6421687375556561
87.93535928030771 166.4213568818017
9.537485682824009 1.45510545451452
39.10111361360788 10.589734986284611
33.01838399692625 27.129882750384944
84.8706698286559 59.30230761637844
31.91291797857591 21.441869965955288
5.538609758794871 1.311751206833299
81.57245901923598 83.01616992407492
19.398806418827736 3.080022433386258
26.063722249868523 37.78125084438497
32.32783523543833 18.022250776853355
7.801365848696216 1.9924755997523367
8.273102254355845 2.635057751838029
65.09118310366698 2.0793646727500676
60.024554901760176 92.4441919588725
3.669826106103485 1.5426732385595454
1.6032154559900853 0.34132661987461266
22.38595844899889 1.33186508981452
32.06949316702136 17.89933143162166
22.72265796492517 6.350859870496912
23.45023154712988 13.313396611439908
4.834594683021972 0.9504009092266184
18.24361635534667 3.6334358822191852
11.55893432195341 1.3521217823102079
48.36925669576532 119.1255257028761
82.9128922498853 18.319287565165556
1.8949045997626548 0.81352247207025
57.444316915678556 47.74982457267786
14.266010173132283 5.008025375465023
81.98768551809917 145.08233030017362
71.57589309673693 111.90733774999994
34.183811619328296 40.55641050647418
11.091919372876184 4.884362271968827
88.6498195771322 47.773050543849486
82.37581122428487 21.930844081857266
72.34897377996158 18.7440347489676
58.20190779349524 58.442284436542735
43.510505704491955 21.104164095787635
1.521989652323528 1.0028277962556678
5.725882178836102 15.502333263242807
20.11267325555403 86.35189034945161
19.773239924732405 73.34576495913018
54.23724131624377 2.5789098535919703
69.19647093230182 14.116123637111096
35.10853498243854 13.499307822686092
41.685523868448485 130.7815425660443
66.2177645804627 132.9829404104369
79.04017094910074 16.278751801161032
77.56066398658169 175.31523638950125
84.05760568499187 138.98048640743534
21.99431878963577 34.3291493381863
73.4713658708758 77.22590529996873
13.690223405515985 2.0977874362689675
26.016705545459217 14.024051940514067
25.515326606952378 1.2662477630935953
39.63946406701217 84.04878459231813
78.73590418165494 31.076548184862574
23.554562327121893 9.831306111251315
2.5020570482694695 0.8827798713479023
14.77762004135889 3.490947552628427
25.896629697261766 4.83941295075462
41.98871032923121 6.952318054967367
57.43367704632647 18.847030488641828
7.446261394147226 1.9298888472982592
43.61239155577769 32.136754066875554
50.660242380279904 65.89260404962965
3.1273971175244686 2.907562454117506
9.310059748610428 75.3294304967998
55.98745366487848 85.44706970812723
88.93196926023658 165.23453620136453
35.438493849450275 7.708904892714954
73.78657509227456 107.37482009572935
8.570982124062962 7.149632442606383
3.046867328258849 2.920479925213735
0.4847809845236622 12.179214679134834
5.839061154120927 0.7516089097552321
2.504038991548296 0.6719875498798009
3.084246335723358 1.7671371864650847
5.43682974587957 4.404720720688536
0.5508943205984892 0.13396721613693152
12.68443641477245 3.3998458084250784
31.45098740600935 6.085573393677526
52.245925783878334 15.170907478570953
7.833859806338565 1.4467982529648413
61.036764007080635 88.7301067008864
82.77149916943706 157.6973075957192
35.379583528252 94.99613062960856
71.16754572830493 170.4337984202237
47.882215372438424 36.52018619045266
56.70101816911176 39.024351336079796
54.88699241773222 32.13144876648899
68.41526669035505 172.32933724600463
24.094311614945838 1.4328916139662415
59.61951669586503 169.64310311595986
23.835265322729356 97.02321221571003
55.87128651028523 102.10147822493018
19.741442182060357 34.574608172018266
9.217025837762025 0.7331903175378539
57.228794478263865 5.822838745965936
2.1714442991668914 1.3313597499516048
25.20505704485734 6.6027094930861745
2.524412808418201 2.7989108064382178
3.5991999904389935 1.3935280187043344
54.91881434100313 99.99975191660018
89.6538974391057 58.119450522407455
27.017125588997647 1.1932920532712488
4.778718142456789 1.0852553110642924
60.690087233358646 99.55758404478804
40.653586560161756 51.105554614676855
2.2728872036318095 1.356571361195735
0.3208619005860374 0.7182692455117171
1.633145459987919 0.5294124232293113
1.8876730221210671 0.6750993624313449
23.85836108614916 79.73255030447977
0.5589903138175035 0.7624451659039715
7.700772779853348 1.2103797605646256
6.465255207783342 5.483933821329784
63.99478393325799 166.34038724232497
22.738405142193038 45.54481086532216
53.73047348101465 33.88249462561159
3.876017667513059 2.3399398861227763
25.64392105732543 131.05701018192107
53.376860222677436 48.76415779121963
67.75117134648083 47.869155506337755
40.6910206320762 165.36280489340896
69.2694315005159 102.03511542306506
46.65651785991284 60.89143172539964
22.960229665697373 6.817567835545756
56.2267310966787 69.85836208550889
12.600335371629257 93.2721371845487
51.58156312833336 100.45359528039327
34.66892851890648 137.77513915553453
66.51149878356316 148.32553876534513
85.46208932749839 34.080770450705664
77.35660789110844 83.82005902806776
2.241995033377077 0.8175802448976852
45.21566393482087 133.6808243611014
2.2608873328683314 0.7483669891370985
56.25516461541214 122.1679220672854
41.474036817097065 68.59896078688442
62.241951014402936 82.90142063228315
9.94334012770957 1.0442277052350664
71.09307703852437 75.66485914690846
0.6975925115248405 1.3065731486113537
9.921315123964376 66.98093544420577
81.95262895858994 27.531972740527998
69.3516992255559 63.25444164397165
28.36534806367547 72.0613633141575
59.484154891075164 61.29659308196803
61.24901872603679 49.02971326283934
56.33119333467076 2.2078260719327405
19.36663772063436 29.902233221090285
51.23791255444283 16.19778208302509
18.73906334575159 12.520692200831238
58.600908038317186 128.49297460294065
9.262839329425578 4.605058881090435
79.93361561173253 59.44722588034442
45.55336309826408 15.324729996437393
5.287021107007191 67.36479170067936
30.93826968611221 11.110005615202462
13.764113529394372 4.177588341838993
9.148390454579484 0.8663146449500679
2.2821520461050078 3.4805913391443553
36.448181090597245 40.26064881766487
2.3212199696343734 1.0940330730849948
1.3523002281161163 1.4206853127561203
5.218047352112254 1.1142409304897956
49.70304332689526 115.79126635331397
29.23720329073805 0.5821082150298607
10.492562364851636 66.77054823535208
36.69017191073256 69.57281483318299
81.85307944910485 92.75628520310107
21.030450541636757 6.8247765504182025
48.31134011449129 51.14747730890494
47.601458096142665 114.88962151930838
3.137385012012579 1.1329230220017739
11.21549395580229 7.746162206639264
5.548547575376368 3.7859513529415585
4.2859895389693135 1.5127548819176464
69.13203909760206 50.23589606290052
55.13457496542789 30.640276101056685
20.08599595196393 3.9746342377026718
75.69684652650487 31.855625926730823
53.030675137687396 38.39657803839272
3.0169751164845233 0.356471627457671
84.36309613411541 121.69850865314756
86.77763012914178 42.85035904828376
7.540457858538013 1.9167424150867194
33.86668081746018 17.01726735104101
80.47754095550481 125.55869840508694
15.565453434839274 22.008659243342215
67.31704712008445 53.84601400620084
35.64901963284051 122.21782593274703
73.05819395458352 81.63709159173732
50.72366769180627 56.29639721587127
51.56714232022506 152.8830244986041
43.9724744667284 85.2594227427129
41.81297607221296 48.58867339520996
48.28361500159977 51.830547007962586
79.3278795324266 44.96638256978924
40.81316749567275 61.67730547418697
29.988501804027756 0.4684005684048181
50.15207018888495 31.445462577570677
22.930701891044833 36.41997547266558
14.3885682885494 71.21023867911906
45.57447588288491 17.04032785065259
41.898241256579254 8.379189846328655
36.546894252652415 142.73048001291528
7.491309634798477 3.0358356071140093
82.16604479515192 22.351057172638765
25.046813397910967 5.613912083558163
27.998912804310994 29.518711354982212
33.68425621835168 54.88268176037166
62.34101682617353 13.686732483201554
12.154751757448443 1.0758437593932362
13.393723967729636 0.5767165933704621
67.46408344276584 152.31152772986482
68.16193831412001 135.26241497778562
18.223487843021964 6.1042817834918095
55.92711803090864 44.94606462071092
41.509551239795385 11.23185814247011
47.45113172631735 46.955872081686145
5.308533592085073 3.0052347686145624
10.79940281064746 15.967131627051744
1.8339174508393543 3.2048169287780746
3.1754410047025825 1.0440645799294221
11.696791900120305 1.9175551436332106
18.741663270045887 5.582536193363436
32.52413628844863 120.7986935312644
15.628664234211811 35.72791940960289
67.73047259064815 100.20772570018153
5.958194272079341 1.689877479178642
2.431393370660803 0.8129024081513592
59.099823885580975 46.09002325547019
73.44299051583411 44.33522413525857
8.336487560909493 5.523666706039571
53.58413637334449 28.04460922320194
55.93620810921808 17.645592151394094
20.27340147174825 0.927387704205682
21.30624412820326 4.8961979233611
4.505763102489646 2.163004148703398
22.759203191693306 2.7605529913411644
87.0144240865616 70.94069255592493
25.871499271360697 4.405221978694934
83.40106531326413 32.128070796526515
46.157852882850094 21.608626200402036
0.6204612894476939 0.460215356751602
6.304820169998118 2.1325453241495214
78.93030794310636 7.099809758462816
42.08029015115124 76.67220047444195
10.0547175412824 9.097485695919124
4.789430462515654 4.407046267646053
1.2505794134725656 2.3406504928219403
3.100870910581715 1.9294307015760763
16.37907745886835 9.521554326950698
54.25724643377808 40.06935464675864
87.3951155825087 178.69077716217535
35.83262335264499 72.60698907785397
52.162827732180176 2.022231718333398
13.431077943744263 26.57764654262994
74.74161703919731 70.34810991372835
8.888875538664067 3.44804725248122
5.804895372322539 1.4418817535671027
5.827495706729433 1.1805579927510492
1.6737070395980176 1.1681357215443824
5.435976729139349 1.2239627155226225
45.623957369741696 10.072074875907239
58.12562644926682 84.95268483553515
2.54344275993389 1.432827023647946
53.70880320528618 36.693736987824515
64.68932506849873 24.0856694559982
1.3938331689311232 0.9595911421554797
6.755462173477682 0.4596508938665741
88.66361672358865 25.438195763530228
82.13448084576058 45.359231054824306
0.4163887640022301 0.5529793049703123
43.53490544727197 67.4823052296501
0.706512968687172 0.2232068119375469
40.668568706922585 21.455211977298205
4.752625424795992 0.7272705615891756
4.2320072804641 1.824440610512397
60.203158074916935 16.683344327528154
2.71532862728787 4.221362407400005
38.964624318511284 26.782173125011987
3.447116966397994 0.8948508673968367
1.603364527600085 1.2730481023082378
2.616216077151308 3.115177180354684
2.360222613958323 1.274564860624773
4.098010259649099 0.7004373851347293
18.8612878981204 22.850683325039103
28.469043769316205 2.703160828890686
7.096894693048128 2.7639896634016896
42.92001232918442 23.233629162802114
53.02817747050235 6.827777862612833
0.9285452075858315 0.7251875943891151
1.299836976716856 0.5306217573083585
1.6406478968149554 0.8304980695147063
14.316291098214796 7.363258343507403
7.444564580203639 5.610199804887741
0.22353924240118891 1.6887095311419917
12.347260439581563 8.473709642555232
27.795198827569177 24.928683067711262
3.8842483915906847 5.672288761420378
8.630032623814834 3.7374948563977295
6.918335583329097 0.5406624870717744
1.2806344205228264 0.9726185106516476
4.083137037820185 0.7401490044821917
1.1653201029689857 0.1592888527807125
14.265750209032065 30.844046660338936
14.41663854236266 6.850846087654465
3.0596486254666178 0.2360216102688132
2.9613836109295124 1.0015410595527299
10.576493017312595 1.450162964685022
33.39708093257741 50.984386818003316
10.702661690829258 4.6150585249667415
57.005782399886 65.7598219060831
32.36712725659757 95.4502524866084
75.68253125335248 43.3239491692688
10.28401257535016 5.127730724232023
35.42611671922733 2.3520985389725664
6.176938742883085 1.3123639427131246
9.481826392791746 0.7346554449467773
22.995858627226625 42.17228793663475
39.9470310902382 116.53861186429768
13.089316388372348 170.4384738672445
14.26496271492484 2.398440143404561
26.45493493478792 24.817721777551572
67.5461741801537 41.549616146215094
4.034427115791996 11.633435890260895
1.0096453703306079 4.401974944269777
15.601688353422672 50.056077251021435
2.49048026472983 4.562010901616669
47.97961461287965 110.29770226245228
4.6378290230935555 2.702408583989084
75.08533845883268 19.441708295058323
69.07832535529244 7.938354568386794
5.448604032681514 2.8975699093183547
1.5562893308010277 1.0998006466511885
83.09547045178361 170.19105746254306
21.50661843203708 1.4758217177779036
21.410269450726577 12.700719624381398
63.32450056130219 26.027818361875855
0.2354791383150007 0.09806374107096985
70.50307077490784 35.710533002171985
73.95538190434937 47.51584399060716
59.5770318454835 75.22090644489123
80.67782104401778 7.9535219526989165
64.50826305803135 130.15183239993152
3.461356248880244 1.0388139066590145
48.48441492491975 52.6451576459304
63.4273224445561 24.710672669157447
32.98988067155372 30.150202680360884
71.18623852913815 27.699012876403717
22.327148905392665 12.604300768154072
7.026847989764036 1.0905796065130764
3.531575449847229 2.0112818653100364
50.12858392139088 54.77260521556337
3.4647519140270773 1.602180301717174
76.53234037291249 62.76212641007909
1.6077316227863923 0.49475127455988527
1.659333527945363 0.3393831117747803
7.429748114312705 8.189372082678144
5.166936211190688 2.177674565361622
0.7717093079662691 2.099577760142504
4.682842953306962 0.6636124186943011
16.06635526533106 15.211479203973004
13.996204813434787 4.492963270440637
4.673920909332884 2.1745559680592925
4.232175707244728 1.275022708711105
9.767681115294579 5.315259011745583
2.8498543096100426 0.8276301782700579
4.151630492547254 1.1189794968968234
41.700438470431976 41.430581986394756
4.590593543196331 1.9370222548957974
34.23290629570356 15.361254169384017
12.61614659657449 3.1699410406702833
6.50411705098543 0.40090511814354574
69.96677227745607 11.271405371874682
7.440027415669485 5.574877156560445
5.616202272804827 101.21557539953245
11.73298638992093 1.6895895872547435
73.61654015323282 38.84776436954516
88.89512934034711 83.25413069429882
4.254110242303432 0.8437701436954463
30.41095934169628 6.980318219856825
89.57800808279426 74.5428151756967
73.34879274845238 51.74541197013504
40.19731442027438 151.41545671044972
63.958767202968666 32.304116593497774
72.94975673964089 21.350411698099975
88.18041799461938 17.896228649301207
47.745222341476534 12.24326901450463
2.606373300840569 2.4467896568811103
2.9251589126803377 4.520932932782363
65.03688500725423 26.506378114025818
25.776728444593346 119.02588636286337
83.13792732592597 21.343708874059626
3.0088025552260094 1.2239850257748335
17.43667023325074 0.5181497062581231
80.10476281381368 26.218439021543396
89.72693564286322 62.225629274462506
61.93503453283316 99.20213842813708
50.43793630162472 74.24038998200214
51.918974805304856 21.486016552800287
79.46475407607088 57.68614184344549
9.973173189646316 1.1615811037354309
36.10087771395044 48.30203668827442
3.4421694458878322 1.699094144264965
8.54539129793563 78.59586498673347
19.593797806141104 79.63224617398902
0.9659089246082727 1.423086475761575
1.6652301807530818 0.5365776865673513
25.086837171529524 10.446098839195303
0.9596525851388381 0.38597493645292474
83.52558270037639 27.522387637019545
66.19996089746381 61.08401218918633
86.90053234426077 115.0792542167583
69.03503069818481 18.298036825902376
53.505121095515136 69.77500853498742
13.472816602967178 1.0451194380171849
39.10743650742096 45.65748792284189
17.081703529716098 27.06716839695612
65.01115720551478 9.383054655778599
70.88009401734472 47.158378742666095
15.47755635659728 3.5147652178392614
62.047564195589175 46.20353931009702
20.68798081005582 6.1062556965024495
71.1912769086488 139.66744218505875
24.712266388279556 4.192308960968067
13.684226082280317 7.707639376102123
78.20347483173875 46.4741700922131
31.502438775459353 40.32443446013328
28.555575591750454 100.63255953167416
73.51164198703562 54.10846023092833
2.351274210309799 1.2975025294846367
0.7976670503292987 1.73051655564136
70.55672753986055 13.305393761959797
9.933750530148217 59.65601306704435
39.699437701266106 90.77977233788967
6.816822778549926 2.032893482635186
47.66819117124891 28.538097346581846
75.06370405271116 48.611298344915035
1.7069648284164647 1.1401718069182862
12.148292119904214 5.683931636124474
71.94768395769866 177.7403670447236
20.16457849862047 54.06313641726759
64.06970351098892 130.5476957370912
80.23634976056938 68.96324018499196
81.28265265652038 42.06308796967544
4.322376610001447 4.102623710258278
81.12839422725537 3.397249722592887
61.39643156739572 24.750867535547272
84.83995652365371 22.194417153572516
38.553067498404744 10.498681973656343
55.91240084266808 44.28670763000305
35.106560321483585 80.79018696692887
82.53478896002612 51.278729232441734
48.35449288455633 34.753906487353625
36.275133431290215 1.2705299522559763
79.13872979164825 76.21539593359796
17.74699587114455 72.19744324583642
63.57609414061707 3.110467361926282
35.406858831353354 25.61503280588954
15.104309060440032 10.851359870061962
9.191580240444143 3.150212817201449
26.6977985009635 45.674146763378026
24.009362893891335 89.93192024017776
80.3931680034464 12.418764536832914
1.4299749756692826 0.5160272945074892
72.12653395429406 9.92325813268869
80.98290868420634 4.159780984130742
6.807168796458129 1.184064041489426
81.02369695034207 57.95979443278027
66.67557214140398 19.153552360122564
9.341557502694776 1.211179639822731
36.41057550331667 6.2651477257894195
14.630379550564044 10.988035838776348
14.353795975474105 24.028578061037518
19.488132207512724 39.561699445930664
7.0560558152416855 2.971932107590486
70.81320941674802 31.58430310233233
4.975086166646268 2.9030406552775934
2.7342018885754054 1.1683739030667086
28.42532977083591 45.441881759079386
66.38031286886712 51.23987744562087
10.388817855762492 4.8689934294194455
52.56681168939046 25.029801796159262
5.158660752784231 0.7289315319559905
2.0464150878863876 0.6981791811791009
15.986821559205424 6.640910667840604
24.52983392415439 36.67494435742226
3.3822757884247805 1.5283310961695675
60.605239051825166 99.20126931669137
61.07897007868462 2.717234918148012
69.96803436681122 159.29091434258365
57.555504650209585 51.19318395297336
30.079911058828472 6.283385755492142
0.9690949116037589 0.635523220553174
60.65942922421114 5.184488889507209
33.559855063397826 6.8107943355205744
6.076620293777985 1.8294406937397256
30.244899920857787 19.36773937366198
54.69402745876194 121.14494937564528
26.259771440444347 3.91575685286349
37.82963779351351 19.874014841366826
74.99087919697787 34.38095496337018
86.06594985749501 5.513818786579089
69.01699218070316 9.532933204755153
1.7538451002760698 0.4248205256935989
7.363525179074896 2.0596864018345884
3.4164526780794513 7.129671655285923
81.63808574019126 68.10787109240272
28.583044795527996 9.69248426312507
25.47039953352423 72.57818345210099
34.728952160340896 52.31805250652269
42.40916701976028 17.97517022712253
21.6745369884774 44.72193809453836
76.57913455134161 64.08336731839677
17.17121034099273 8.424251019906864
0.7908950656337949 1.488900547386045
28.367699701352603 2.4899291901748644
2.35456845887284 0.9108509134497754
3.085366309818105 1.135098825675247
41.81922832084362 58.010912682495736
51.1084684785109 56.68814527544141
7.18474656380007 1.881622885070902
7.326999006485437 51.21429752716757
1.882738279484613 55.451448683257226
7.8098998600826235 42.80830522617191
18.66063997491719 55.196750880465366
72.8040344891315 20.32074139246977
56.912612608773685 34.77806648902873
22.696039966010147 33.28690467620414
7.240893592504825 1.4715402778663558
61.939142220145435 32.689709688649124
1.2069027289013146 0.23152799637386548
89.07541527216661 32.88684183512153
1.048134142476826 1.6988058636882197
4.709265918402482 0.9376732067910073
71.71900043322087 23.277437779695326
74.48295330180136 16.288240487091606
60.82645749359989 53.33687347090246
12.967545166329462 1.1364582159933403
7.971665308762458 2.8572949260960656
73.78872027251288 22.26379930812199
82.96318394771355 17.12528243005597
1.6143795603724296 1.9040238449918756
28.146858661005645 7.379487036162955
14.367615883148572 0.3664590905314652
3.894479978239209 0.9174649689187696
8.085436483288996 1.431165973885174
42.64585048457545 28.337326188247363
59.89094944878824 6.55767031662563
85.18300217110706 19.98602417205013
33.117533311796564 49.6850485487822
64.38778067798656 14.851594483171178
61.032115656613556 12.731150644030599
15.136111091771868 3.5341785664377627
56.151040288367874 18.429771290291487
45.60808560549454 19.17728927591328
75.01610781401092 22.532132853301245
73.64300153168017 173.7346823651259
15.420466277328899 34.123987274401166
37.70275860387437 8.855924153285544
84.70749319100983 4.551245237432188
2.480260872371805 1.1018908168195765
6.492554190515951 2.889515767624098
13.530394968522506 1.316392878315853
11.501664357934752 2.5008886127558374
10.082252694978735 2.971092887505538
9.772903464389739 4.950563972378655
29.815897806809552 10.206339414573407
61.14371640142531 30.7764561903727
63.42942439781885 35.145599631491955
86.75443979887118 37.70428516109592
3.8889825204355244 3.805832847142613
4.20932702259614 1.766534587714973
0.6226108200803459 3.562549586951694
25.563143872123323 17.13190847164887
3.2435098277249956 1.0287460777009898
7.67886174575871 3.015585415961571
37.37260593110495 25.765368446625168
1.6828439333467868 1.2114280818456757
72.45846951014246 118.75139063711642
8.83003522729342 4.382878796313715
74.14515603261042 10.982508841742666
53.738054147577515 47.58937839071849
56.89132938185479 48.15264494129134
88.68187725716815 92.80506389474577
75.73638756655433 86.28852873983175
36.990362715050594 84.24044287413246
8.69537153497352 1.1363586066776694
45.19157845179157 30.335679014659416
29.9830967564983 82.3728012245915
1.7128301812769533 2.1825059107979725
5.602100411896498 1.9732270296983219
21.536126224702326 4.534006576109181
6.802243324678094 1.0395429464650816
7.347775176845405 0.7061978256748584
3.5796320019714445 1.599223018629169
3.953155379830594 0.43061546001644463
22.565719859341538 2.0911994509858554
86.77234594950876 6.176989095209681
82.53397286065247 2.595123094117024
10.014831870729466 6.254364153528368
18.396178063053675 6.9993100421508965
29.335982338144476 6.723453903233925
67.13304297676441 13.207673443378091
20.92980046242839 20.593617879129198
22.888956067051794 4.2473347113508035
8.178114683502898 2.109019651106752
12.583283893468089 7.886234286240276
7.978458901532214 1.6963147198093886
16.09519849610296 3.0678015900624214
4.4163854224205314 1.365961951004499
11.385926370813934 50.32235541513543
2.0786871406408807 57.920853839836006
2.992141221191133 63.59422172461884
29.60011718314655 58.70796525978778
32.48886123936864 2.9904559983034176
87.42213252326657 56.99065485117882
51.94147699703066 18.909925135588235
42.71709498293947 7.020759197481522
4.458414563849123 8.244724535936129
7.919048375078684 1.2011223048697712
5.799862015724833 2.1395779560326047
28.061271809848336 9.557043431993794
75.29625778589406 7.041007634510556
3.541753738897979 0.7737538755643826
4.267275105267273 3.173551962061078
6.65530564906883 2.536151602467582
29.43031579920853 9.115776101873557
5.486071540959359 5.449322265701473
11.573602226725633 0.7670497966070695
70.90182966259972 86.25691053945968
54.98790707733497 80.71516497531412
9.014629914179999 1.6355022257538918
33.76846738163417 64.18191199007013
4.148175805684546 0.9791527402727405
30.826484202226926 3.7466339807163664
27.721656149828263 0.836540024485059
12.135379228924245 3.0441415625580843
5.358593802366684 4.022169934513317
1.630245068184988 2.953458180660845
7.615515452965362 1.3739981901808935
11.618192761088782 31.608416721500223
1.4010316374543594 0.2867082435900668
37.65036285360507 16.130517136733463
4.278271680343231 0.7392167747045024
17.752158561284944 18.538115092607004
2.168184150130511 2.2941158747018933
1.4375717833800872 1.6677653824007717
81.33142498870271 62.95288792114504
1.6193209323609183 1.0970331122770387
28.000031302141387 11.44798917219052
3.435072994273051 1.3447463143742324
5.369272515627579 2.990371743503749
7.151727098303042 3.7283192752378955
6.285195863357679 2.7555398225130285
5.954073575280927 37.665949307305375
45.0107295188709 106.23203323343067
3.1882329600568426 1.3265662412720927
5.889844394519675 7.519398731868397
4.524549713287701 21.971339463749246
36.15657693020897 105.50641735311774
57.381758576207275 9.066218274333147
12.336620805112034 30.5882222075908
0.701540962907744 1.5677095895271878
7.8733705488829475 2.1315792059913794
77.54232439836818 96.38388194595866
9.15589052544091 2.133366376028029
4.634284385162808 3.82262131302127
3.8683660375209667 2.7049459951710295
51.45060602281898 64.40993536408064
2.231730185504113 2.8673669576148533
55.73069072756529 5.357810231202494
2.393316786477793 2.7487574636476633
2.347607775163312 2.9864054127123962
11.159821658374767 61.08291270728014
3.0721035730301325 3.924882580338567
73.36258587433635 21.3383895719534
83.41321544270292 58.58783193849359
7.137975067903575 8.58853667165174
39.92135574643578 69.01848708107764
29.86863675437346 17.44647704959459
59.470767730618945 37.23170443351807
50.96635925972362 34.85044728736198
21.942779807342248 56.548547036160244
41.87881329867271 61.01590399472473
2.0660416103182944 0.6589584414435117
57.70407677020128 26.500631535643702
20.48625095535138 4.628999152748855
50.57996125833106 9.886086494913334
53.61602900140133 18.163441603182118
7.42308740067859 1.4774692268341383
59.485904476328166 4.968050427883494
12.055864043481872 1.2917336233048724
64.63966364833745 2.300378211939959
65.92488472399279 7.548564615870618
3.035639610780459 0.9491547774304332
9.329706342048867 2.248089154112736
15.036541510084547 1.1879856188052627
5.9147193834925265 2.0486548255541006
59.00555927966883 95.00646264834806
55.58868362180067 66.67752397498886
1.14321875195355 0.8312608688495114
8.32428522009875 6.272138480190589
22.264248291501282 46.392332986371166
21.762350531456548 87.8855060486509
6.760664749829973 1.0251786359697297
10.831853772830206 10.054200652773535
51.36396006837418 55.586114479184246
80.51515208516285 8.616812799503268
2.0378747522668035 0.2549156430918434
8.61301482472614 2.1875548339909625
8.61772458099445 7.378339021434077
68.48004058109342 22.028877507599436
40.320283965887846 37.12499991925656
4.741925307366713 8.698974736195375
14.121521623061657 3.583649376833074
4.511035747019176 1.3125118207752375
2.5011505603379547 28.475267499676765
1.9657121365919001 0.43838553215107834
8.46194546398784 4.630083165669932
23.88757405634349 26.64663461064617
59.59518940967959 25.104475699753475
47.68805320452802 134.7939012851424
57.09746070763743 52.117185798396754
71.45358535433775 25.125119610140388
71.65441616402732 49.00005099761739
57.46926744585001 35.713433450594216
2.4707697052122493 4.578891567229948
36.88208940652672 100.22205033692187
1.0279934012023713 2.956136492338304
1.0053729109484257 0.5550952942602079
53.098764053376826 4.7990848627053735
8.587653373746319 0.48709286998753215
7.058286172401647 2.7992769488446885
31.044510663185306 80.05506126511334
82.5595341763202 92.0595825664203
14.603084805716918 150.6741054003692
1.9598692761826473 0.4391817101392995
35.46988672086484 2.9470330907825026
37.33094142757591 14.52811786244485
21.311829880374827 0.9830005892034199
14.148946818177635 2.6503745416046476
84.25467511454055 31.98043608263709
24.763516947884742 9.010952077577652
15.623168734775078 2.5363663023608085
74.92513755703924 14.02263398064351
3.0760790117474213 0.6274034431317761
49.5215412749889 58.79661521562578
28.30236737424365 30.297977793593375
62.17644732090784 23.838588839287635
1.5868526966609302 0.14912548009082882
13.86225429545641 45.91826139780849
15.732360757680672 2.020255335150774
76.29066158790047 23.098807570335126
12.782363917596953 22.904885817760498
7.534984715825039 2.8882305781136144
6.100050722698305 1.8968917651433026
8.602379564844979 1.6498542301597334
3.801576991748933 0.7420856352551893
2.449490426320883 0.7784546685107766
4.734683268915136 3.1984870639488197
2.989818719385247 0.4399006011684028
45.63338699013249 83.24767387221753
66.35802140010101 10.920719382084261
1.4216306519555846 4.0173513163243
0.7253826732979656 2.766511285168347
2.75620022528162 2.5620887680664346
0.39392586698214704 1.1663272375651128
1.7875082985238016 1.3472153640586042
2.0285223895636073 0.6680001139061417
15.520215309313786 2.305659401058489
18.323134958280797 1.4507093990059023
66.59837429925062 3.476328822904295
32.165323889865945 3.3257928370912557
10.13644383196011 4.551887983864679
3.6405470793796337 2.0600690668233836
2.906697000560794 2.44715923392049
8.828955497675103 1.1361025384851973
9.746832229420681 2.445064490047705
5.299335152352085 0.9787215450010438
11.642194415699617 9.668207690093272
14.901924895711332 7.098986439893914
6.306033812107214 2.3063541444856726
67.24371986773615 13.350525976056618
45.85054273845296 4.661322780822643
24.719776402150615 95.02625624668353
39.52214739048023 86.84431879449025
51.002287960123475 21.603605405224492
8.094825381759488 0.599982280455497
6.014637542562359 1.541559427252338
7.720811294237173 2.1111873090197397
57.04974242850101 86.96884771551497
68.21590016113186 14.51076391846347
66.99786600713637 14.816493585281265
32.987417515120804 82.47115535228649
69.66690183030158 19.546194125224922
32.040157976654484 64.3666672967261
42.95467857283384 29.44881482211857
20.67938584703836 20.836706108744206
41.30884155922331 28.71994761934768
68.97409813912749 33.2460974416304
47.008060057707155 12.767701467965676
11.955475023105826 0.6709661225065342
12.94001212217744 3.4419942324706456
5.58381010681276 1.3474521821728644
80.15487057709258 12.04338709371612
11.576628008268273 1.067066483012506
63.73993521337941 31.461489471920665
40.88077119210217 20.61059792599845
35.936564402704114 29.825413131357596
43.925794798345294 29.015579710753595
5.77377921355345 2.362358448369057
7.811021992412458 1.3700034370523153
62.106076004788484 20.148639101916245
69.55580686794579 6.550036064830899
1.2050152868536737 2.517698118492494
5.573678390244689 2.8670155970068785
67.96606982671992 15.587258760988973
12.138674478961834 1.1350026942125275
4.015395362293356 3.0428511850143183
5.2339458464538815 3.827458925676826
4.756256037478372 1.4319888758375041
13.180109351648042 0.3365830418323523
1.804704949417344 0.9594325438287695
3.7197926109103494 0.3815403580972872
56.361993180522475 48.14396045892498
9.622363034660019 1.9968688962589156
1.7032271144483657 2.6895687657887324
15.286760932405047 4.724360323193741
3.8110343965731417 1.584333796699743
0.8916977681301912 0.508780577052952
53.42913042101583 4.244322402025443
84.8601119336217 113.75982680578103
79.28112353117794 79.59221064679353
2.7865427460004564 5.4724964018992415
6.150823486964462 0.6793200585180394
17.464905785365975 8.755288870630814
11.629219237435155 26.50620798307368
4.8738149374507636 14.079980720327912
3.9082857592166445 2.057616378469899
9.253773336956463 11.980691304507731
63.02066604606243 41.240626278384724
10.85216037923777 0.5338229355300099
27.655331056241582 50.10004577240047
7.111294148249549 0.794407058760208
1.8318830566695365 0.7816167019572334
3.8563811693962466 1.471693554228928
16.091601137563266 28.544391251984642
83.31055047886124 164.38729087811615
40.82137047786779 121.39149914311756
89.07578763569708 100.7320935271673
64.90587071254846 66.08356401583949
5.92838478745514 2.196016700891836
35.01356630270599 27.916943591418143
44.65379248716573 114.05194945967342
3.1107557237506795 0.9475361092192464
4.411517022733234 2.1997474382784774
27.632809708694282 119.18273730527129
26.88996444046876 72.07023937239465
52.040106012448604 126.87450895272899
34.162216669447716 2.655195726698576
73.53560418455737 87.76872082435902
5.340335773300266 1.6203973507483587
77.06202403303914 14.324160462555813
86.4300734878345 21.85665173722943
12.707499845950194 18.54647484428567
17.97840953852124 40.27943499667041
35.28893924388532 63.198677442570975
13.515131283776949 28.571567039247665
62.07759949476258 62.0359205940304
33.21719501072326 47.40123703290403
24.813449085087054 33.561908913468
4.601435314945577 0.46563251366337316
41.49381820478504 86.60675788465468
2.0732943798482557 0.5993751873469491
11.372957743382354 0.8895359066906612
56.83220021468826 77.2002989566582
39.15603671816545 1.5949884195101087
56.753192807982416 19.005190004058914
85.58786666311687 16.21233138118229
67.41575469444705 77.29877938572271
39.30013817207677 50.63302787518723
58.33516621129167 37.17592013316568
78.70730280403095 42.814863704816126
76.59815253992507 3.446409382094478
0.4003643925229641 0.9430644581818288
80.26012346709562 15.917930464712162
2.528431696437558 0.8672766768460592
0.5079660979875571 0.6040825626368693
7.5695844356326845 0.5957724812936043
47.30494618377828 25.318229541978745
10.507418405358928 3.6774770011791738
1.5621901399573974 1.9247678332155003
1.5630461796708732 2.130282893087442
8.789373925512223 3.402016592529218
7.382033903030853 0.9987798462204005
6.363929979557579 4.830726631224709
19.31527250938251 6.09248424503717
3.2707630249802007 3.6375754535705442
23.311810426306927 1.5177303244842677
0.5506564592777401 0.4942653984339608
7.154710651296463 12.569917786976813
6.278692626049706 2.07262933992539
1.4596945347757282 1.622787562923272
5.812072888025832 0.8035940429137725
3.705615896091481 0.8729425889829471
78.26561998820002 71.32421110732834
6.941802489966007 0.880535259929684
4.918689149363569 1.3790855328773384
1.5608732973385346 0.2598602230958768
4.028406394571977 0.7106187092375884
5.228173824792929 1.3368235296705675
4.147992058578754 0.6058577573357599
15.465845538662586 1.7780180823394784
5.9818265341237264 1.1307277408213208
1.2054878563395974 0.622241670929952
2.9767433075235914 0.5302585848817108
4.812098799109005 0.8054585513143807
2.7309313382121956 3.9680380385255174
10.057844301615484 1.699055902019295
3.0076983334409717 0.97049872825324
3.4747222625423286 2.5255206082357313
3.6676411663060966 0.4277410066055867
2.7600468230700734 0.8772376902771437
2.563186498337267 1.0339840163533607
10.988812504502924 2.1854951217922616
9.582453798450201 2.8930508182962402
32.78168757629635 60.718089585753496
8.487125456795608 1.8509618251680213
64.47421479066448 34.065408234601385
6.944977506609871 0.42178725907570197
0.946565048005641 0.7940313020032395
87.4619215186427 35.511169058136076
8.697775360182177 1.078125876828702
11.93501819875094 0.7480346942160162
24.926115865121837 8.93114971845975
16.944925644232416 2.1818003003607744
67.28084909514605 40.0998437787947
37.62176170347669 66.46830598695387
15.910097315481682 18.03771027330841
63.745578359526476 24.933755010029483
82.97236225239207 84.80365165642957
62.56164090844291 25.76311850944852
39.17068259717117 60.81918099049564
47.133722416383726 46.735857818142705
18.44381644671798 9.77912759337572
87.052085864192 83.40801027706812
68.15711610712783 100.1340871663467
77.8687695117778 112.61729990678828
3.4533207066367795 0.5530949429454269
9.790966136971408 6.56595070212707
16.934113851411468 54.17337163389212
5.967973621859412 2.136485170295133
5.07970097720472 7.694308948658471
14.463542031490682 1.0532103633297103
44.771190926887556 87.02741842676924
68.40711016016037 91.50858174437384
5.202407403101537 4.92758984413809
78.32442798570264 80.38391546667697
35.83503254523063 90.52642236504758
9.707146903204176 5.0953676021109535
14.327551353606399 7.674186092860422
8.086406922232468 4.105069850200242
3.558351305131203 1.508921689292399
69.7404350028743 74.53010125383285
71.51079361847292 8.439117322190658
30.006976831712116 4.348116714794624
64.82058108007689 39.96868585392505
2.260313896597456 4.103926428184664
63.40829658338885 41.8262744438142
16.919938227081484 0.44581649107426097
13.629419784202925 2.00288487980972
4.407907842162964 1.5311615985257734
12.366679823454547 56.1890859147793
2.693985823260264 0.850496155042641
14.8617456807683 1.6806587790632257
17.804462103459457 37.355598053843345
4.984509368408921 0.19487238831018225
16.43488981808543 2.341914330295469
86.58024938567459 36.62514857906874
8.834499543439023 3.0328045850525815
2.2009713552371433 1.012927833182064
21.887096756715554 3.6606364634752397
6.504945886557405 1.86173778815974
7.079323488643567 2.275451351047571
18.43511030340443 58.91965373622939
38.44235435339144 80.31023500066733
16.39018015793306 1.9414774800673429
8.289168550196829 1.7147452274934445
16.144214237170907 2.9145578949132407
22.260698608063468 2.627077456007261
38.978686063158854 3.397467352117396
71.15783160152837 6.909819827077153
38.29848918295285 8.58355592185848
2.5325456283956878 3.225077539816598
59.3614014829791 114.94104976189513
4.385218365989121 2.324792993594062
69.99472794911276 23.027109952216634
23.723399370847147 9.389860987106097
78.28077087357862 59.9132908243567
22.786459242646885 45.450914451277534
17.706651730886986 22.470809738342375
33.316246449761366 121.36436991498648
19.325629058527326 35.5466348937241
2.14576845988428 0.7605685760901104
82.33817400475917 10.421798268509361
1.5486513956385293 0.7162033601345361
28.135234003985666 1.1878312730457723
4.190195597341898 46.28673275237605
35.501357059809635 69.92862399659894
51.87143271495759 97.30787615303221
61.58387262009461 99.12024049895558
80.67667250497645 120.6444490439321
7.135166746718715 5.308026223527621
50.892952123183704 67.4860816680514
48.83050581645335 107.70378234588027
34.57094895907985 20.756693299742302
63.709805694098904 162.82190390857826
34.6787003720593 68.80967492720356
18.320233115903232 92.34984772788555
41.17860762287691 77.6656187499879
89.24046728023487 157.77909197391048
74.68745756970456 101.78536406391463
1.2464519437386818 0.3519709153291105
30.704707767556727 75.12100844746722
