2.7181431065414756 0.7026307196852312
2.69965985042862 1.955803714949984
4.3466416255921105 1.1717626327611286
3.342464496093435 2.5448757951615044
2.101172456543425 1.5972064146358642
20.241618299082845 42.61968316847716
32.87656647193274 2.3619820610882525
4.045917421178187 5.455247137926869
2.09976522215002 2.9976236420772624
3.7406873591045375 4.55095179039615
0.7508836466566335 1.5314772419846356
9.237839664210027 2.800839641565404
14.47772964392133 1.7808213604437038
1.4011899540219332 0.34833937758369954
46.329974872655484 2.638466695279372
inf inf
23.512636245524057 149.3156232322426
nan 5.445625870726254
47.157124516525265 18.073193460306452
47.59177728725351 125.66087112447732
38.40171693492715 10.658139046021555
33.199629443549576 1.293414004594331
1.9089928912658487 1.1346219344494826
6.455224520591962 1.2126446310522343
3.7025517364143528 0.5519192622075713
3.31977379518398 0.31888527686225115
8.504268345166778 0.7913449841518332
15.779518161188582 1.31614548452253
58.70833070746798 0.9882837420115712
6.4654908699392415 1.3078214906666479
4.6478187200517 1.1600291788532708
7.872197891697389 0.7434956969537042
6.592062595506516 1.4338459957748708
7.661445365118426 3.0179759507188164
18.33968628281876 8.687730212190601
1.5589269980479237 1.020370229553339
10.373827411247731 14.85775632673073
7.471785870146266 4.088353789177749
47.19738897839133 131.76118172943717
14.352021853808196 179.46631565870524
2.5887736031312154 0.6949189545983895
15.60340805133012 96.53677233339357
8.446462072486105 0.5232186538758815
39.65095853519563 5.286651626019788
10.858284269225011 0.9321427038186874
25.966250596423862 90.76923399586909
2.827054651500298 1.2669440701403527
27.097560015361324 74.49024188141775
77.937605487935 152.10980746206934
1.6729421185194042 0.7697548688380101
50.78361829057382 49.81134125111879
71.68500488522928 122.58915388608054
45.59777581524611 14.435040253425933
72.77355215054496 97.56197296670287
52.26640724220036 109.85311673740654
72.34312600475138 14.645065919153486
31.254880876474644 4.5873507266282765
8.87371195608292 0.33910119655558724
43.84691893322351 3.0047027475736816
0.8554207582244059 0.7016262401836478
9.306426187744638 5.4216788202926125
68.20317209167327 26.739228328490526
67.5241346170092 90.62869086739624
33.67289834014997 62.23640090458177
36.92623497272743 167.88393914004908
68.78330857194678 22.05015446968516
61.07226637223728 135.16114332127265
34.87691696177163 113.5081456505702
74.3020896729103 155.97531798491133
76.10412606319103 73.2236450748654
64.39115205120973 29.312500522413544
26.457764342284566 4.4785684601931885
77.52216460912587 34.23822965760337
65.02262171126964 16.775993685536545
inf inf
3.255915267290675 0.7943367215901945
77.23760155151356 177.37630392923953
12.704191583223249 9.284624139089853
2.1394658301538643 0.8822707561153733
inf inf
49.17956877905283 154.57784412128967
75.92907311202771 157.4513058396017
68.5042359058239 142.70905522666334
3.6659918925031043 2.244211184966923
51.653096349089225 117.82998556227936
36.84141662513593 58.07179588021796
18.708449990058448 1.8551375080035344
21.35936462090476 35.86616112505281
18.835885288957712 6.123039988398754
72.88146988769027 11.711932913916076
78.70509994347296 75.13740402798965
75.67363697584112 169.28581587948074
75.08607366745296 115.9517479598666
37.2089738991572 74.85656857255006
inf inf
39.783166486036734 162.18156644229097
inf inf
29.3359676977407 168.98315222030803
86.31859338995076 9.868890343406193
38.44421482580722 178.82262687386776
65.41112845453158 152.18539593041524
81.33459722035016 25.848876963811612
inf inf
20.713173233358834 17.09096530636144
23.557921740370098 0.7228915803879978
88.27874960102406 21.8085278184295
43.87904913226669 160.38299321690354
76.74741238311297 147.82067996044478
inf inf
74.93826907417716 173.50890672229485
89.35255347353282 175.85557765597645
44.67521720659397 121.17536804065972
47.50047589526497 159.3811550280526
86.56418494187912 174.39149475943165
inf inf
37.52942896494548 39.18429809811032
77.34625811227826 108.07280059518318
49.706596461102514 2.988681079690959
inf inf
84.8569487420956 53.76340586337842
11.695187727924452 1.1252589780246094
inf inf
inf inf
71.76207032919886 11.495708874959806
11.16710014290776 3.4152949410403037
51.14118927112366 5.52366858520641
22.799953798409966 16.635215610655838
63.97822210890804 163.85067429483354
43.44163088923946 153.0049880245031
21.925842636809385 3.965254759669463
4.060478610809952 170.9008675818641
87.04025121847128 37.821022867364356
42.590902094967234 1.3151977646039215
26.178453505502166 1.2418620470271866
10.668419240315757 106.08909009294612
6.220626690085431 1.1801563760305098
33.41606650675917 142.6584176847465
37.13477156622207 9.229259258065374
nan 21.726702739377483
33.44261662736146 110.00372195922701
11.834035157723129 1.9680961417127967
0.5680062279691973 0.2567472856474955
5.749733835472811 1.116415974778637
6.83187342563599 148.18416719890675
42.1297387894962 6.439536798428831
88.00644425607686 42.740910126366025
3.4031570928648733 0.36654873804082555
37.250311561235314 7.357305889508136
13.81564340238885 0.7384328666459828
29.796913333474265 128.45866979121448
7.158984080559537 2.2163149902245376
4.7732295576465145 1.026363201055325
33.07823696843042 31.26863387421167
13.341735972567005 0.4161397240718993
39.49725312553633 12.749732279752099
6.883135005195534 1.624057769740714
3.2513740940124767 1.3929035566914707
63.515966318756796 82.47939845605637
78.4969897659387 105.12330864939061
23.604103123349688 1.4627581989969318
6.376581810093019 1.3469902215844263
65.2491330158541 28.866683823736373
1.7967290889909813 0.4789047234667189
10.802208239800635 1.8163749419323125
53.59618807487435 2.2649568543721164
87.81975878266954 28.105378566697976
21.273624289467136 105.99185558543475
75.81238266721054 7.501334420082626
16.416499474581084 1.0804920679082965
41.825211088438664 24.325207235312742
81.34711813034004 7.6738965236900025
76.13221009209799 19.148214051524278
26.89746152305069 2.9735558534844375
40.33805460601662 5.596173765016764
17.037721775603003 2.8888278796800515
17.30132671464836 2.316591032117233
9.365588641869243 108.86872933601849
6.6225292568965415 113.58508520224512
63.25030938555914 3.38438658108568
89.26388103393569 6.424111621679115
44.3306137923733 6.140046321277336
9.213687264060269 6.242353072107165
14.539706852532843 3.493755110792296
4.862370664817126 0.8524034163786337
4.035526758336555 0.6634921201734921
6.660863076929203 5.323526575032684
11.18883960523009 1.9891996509849745
85.88399967346373 28.400174903405954
28.630168017407218 1.5283462468099394
0.5323981809575297 0.2572374542155891
24.34370641229495 154.10768839666443
8.673178572449459 2.584052063122493
25.83446233122993 159.42255475046136
0.7634863695215176 0.29508284404807933
87.87510730532249 7.632985221094839
10.615130460574468 1.2026581403611318
20.893936959351 124.12575766712872
34.33223898151988 7.421124688148846
24.71125473744823 1.829881634021042
23.919148343136772 2.7558276606146195
84.5201288968323 118.00585880009412
8.389253472303205 2.531036765157641
48.21373179897326 54.93107878168722
84.40732699219024 134.03143196235405
58.47437961126979 24.3323624071421
20.87531549553704 3.7668361287475687
68.44052061290878 115.66776143171613
34.711314143818385 153.24769605049948
85.07278474575804 137.61039086159911
nan 46.66499761932124
49.09588073872603 165.04814720344856
4.939175230258634 2.490861907981215
81.50384773702075 73.05340240989098
71.85221180322907 22.27568327680208
inf inf
inf inf
36.56397117190763 147.5230705409024
81.17900406875164 98.7906445980523
72.15726938765097 151.86123489447405
53.67647702717642 164.2118801201287
inf inf
inf inf
74.91284654954252 27.83774887189955
25.00908305537868 137.33860101075484
45.275100881652975 128.39876821862623
88.89328261056475 53.42559099457674
3.221540710984725 1.3103668787186336
78.5418151483231 69.67420641152331
35.645463709196235 130.45728729391138
82.84194303133077 131.52499479664345
42.44970590857136 139.86003471393576
43.52619448023544 26.426529277653554
59.78896916918157 9.322513388273787
4.494939034214872 1.376511907165286
2.0757618601816024 0.8218675252888786
43.15437472541365 10.00158819573132
13.417425896081593 3.54456935103292
75.53816010691189 1.684964233504922
31.88849858107895 134.802317803489
inf inf
19.235433819581342 10.961829750440684
16.637301350464696 1.6371569191975268
14.835692855275598 2.848278568961836
13.083500939413339 0.5034468093184595
5.040991524042325 0.5407830659797472
11.456168050462594 5.278343387035373
0.5932328135144646 1.7312617636029102
19.183501672503922 113.00998743885069
82.67379001913487 31.99870012397989
2.42784271810213 1.2773790647805847
23.093164707126363 164.58421354027152
inf inf
inf inf
58.43186882230212 165.26720774565533
3.484161607997623 0.478123036203575
14.479448722031805 144.87070742896725
inf inf
79.02654807394991 67.71688661818676
61.257456923057276 97.04295015216594
30.7256481959822 9.985569231375978
33.238676957399065 109.4626118224845
79.25491161219982 163.37670898036268
56.14503527775389 169.0058521934613
60.26311844371291 13.028563338265938
14.93238809434866 131.8946251095947
1.295891605245363 0.9010106489119241
68.18382871946416 115.51496884325068
inf inf
9.181111789596214 1.4387787347688443
4.439393365467321 0.6204126361526463
13.384222826859174 5.9866647147677075
2.6062659031807858 0.6592296755410394
48.62338022378901 102.03453404026017
inf inf
inf inf
42.655070915968246 3.3636096953427024
75.69138710313824 170.52763115119532
inf inf
inf inf
inf inf
9.93044642182438 2.1634294755112022
42.570739127534566 33.26862413674345
33.32269932959812 123.02085529533285
9.768562562475488 2.7440876914237293
55.8001649162206 39.15211293781888
53.47670869622064 115.20463197623344
45.36150258391095 97.09826415645345
70.31911090953264 117.29444604099145
58.54180404892887 44.85797497942093
60.85637802815265 46.22528546640068
37.23279013407025 17.124129646820887
11.788794431561069 21.32457403965414
24.092313798477026 12.268420309174832
1.2770809585593614 0.8398885885495333
55.15619675326532 141.10642366291617
14.15488281316313 13.528909202228537
12.331628070825774 1.472720014739064
17.343143539952777 178.73203388634317
23.545096884815244 1.399766012225562
1.902900289621678 1.7749344918056138
56.614959797084296 149.85499003971898
40.23674671399405 92.94926338485988
inf inf
50.831477299259035 134.24438092669905
4.549107542201744 1.3744529545142592
59.12404223067253 137.47521825858223
2.457231158877781 0.5845758398318964
19.79786467625388 5.897470704329352
84.18211871530406 91.3753835582999
23.58597155105722 170.72445826708127
72.51546913385394 24.656743036516673
69.54066629788373 176.30692963787325
43.78511031810909 34.91229560439893
35.74793905344587 124.0403175455491
20.933617314417724 100.17975629808714
24.406676930002646 13.235450261358649
14.99888394419591 176.29002684740874
18.344153962571266 8.250090521699427
17.44034962443388 32.079057722397
31.829783890075188 3.3219897247943733
23.989590948053557 1.8155018045312998
66.48339014353782 27.683593110130808
1.8066207930191396 0.44007462886118487
24.98139090317907 1.521976307422977
4.251057757493531 1.1302098662823474
inf inf
inf inf
70.4871143959362 163.1550037782827
inf inf
79.49270465893187 52.80643859046896
84.606555485877 11.605487235370541
7.131716625441196 1.3377021323085598
6.440479528523263 0.676605466338961
3.504387700605755 1.8100060534686695
87.35433404904758 114.59939595125353
57.47496495255956 134.55925203063526
76.82803829311084 116.61137528927343
75.5557226409489 10.031662876584745
16.088433805181612 4.206626725564306
76.01184297396725 170.6284128151014
inf inf
inf inf
27.354223586244103 3.757127376469833
63.92167756470187 11.338728090132332
inf inf
39.291887436173596 99.7986879734644
33.08481150800904 48.854551399661695
1.5482296422577602 0.69457571026508
62.67050060584801 8.667964174689502
8.080491704107123 1.1336047786085255
26.014734509165663 76.99810742829638
3.1751440614144553 1.0592839512373062
84.64700722107034 127.95897885647568
nan 95.84919936777155
inf inf
inf inf
inf inf
84.91837161252441 33.10768400681047
89.46642180918225 5.071976047958365
24.91681640264408 1.6060421488842542
13.685030880204948 159.66361859413587
28.279593696274475 149.65161840555342
57.64470319803178 101.14384860040131
inf inf
41.29862760980711 147.08723854358095
51.826668399479985 147.4847259357342
62.810190943422285 37.01381525579617
85.01836388382259 129.7491646340421
79.09058781248939 118.87849814296717
inf inf
48.77624570575943 3.339449625595843
21.90467910180432 165.43245747668843
43.99038063094706 121.37549840523985
6.546859935536802 1.4611276703235863
61.94292216028454 10.565040249690608
25.14184521738428 28.884070423888904
69.20203957673864 71.43282728399134
50.33761166347253 152.65387494578366
6.754603287700305 103.68652673261757
4.472362035004966 0.4269507758966278
19.206253053465552 4.826764164683028
67.85713296927484 61.30003701402113
28.651256548952176 16.519418863925402
47.13793609610499 119.65638724025528
32.10938193887526 171.818631117685
57.68347219257072 23.007092768648683
20.210467888246136 164.6055993475982
63.30765319299665 125.61646658221724
81.09178664544258 117.4324237540891
30.32682821196289 27.03022779911743
22.614842649456648 163.46832907554352
2.8996053034844183 2.690290919072727
10.570816280165957 7.777077805802412
inf inf
31.77483938924908 15.067461213282018
36.261786459717115 4.32639943566834
15.692943519609537 3.491281799979824
25.415699518026162 4.010529408073296
78.21416402864175 141.32705370497533
1.6512954179995256 1.4412157889140607
14.799967118872402 1.4271115267599896
56.06542504316803 5.734704775812262
72.96538444906656 13.582068389657875
72.61932474055604 173.49866242285418
inf inf
30.614665426881885 45.524978432906465
28.34174509507767 140.47937205027816
nan 12.586986513826979
inf inf
66.91815541711183 15.93251995437942
18.363304999593254 4.124556997715773
27.89931608314957 136.26144348240535
71.42487021332222 165.78187624919215
inf inf
77.30700499548415 82.81722839556572
43.95596390002214 161.3854074350661
inf inf
34.564945819214806 5.236791213937739
7.618013819363255 2.726213814868781
51.09501978344257 12.551165308948017
52.81582457621358 6.152411080677714
6.108599826887798 1.379133676716824
86.55816802158334 157.298304639803
31.009585753342044 2.698818808644969
12.448747724824083 1.343230776407851
60.000287795821905 14.312029325611137
33.24146692940484 4.165944047455617
26.981381585345535 18.66390115176326
17.173002234289118 5.068480283714017
65.0918191291013 82.01276520098344
inf inf
64.07218947033566 72.6472995844153
inf inf
44.16924075728268 87.75990775928312
35.497281838097 113.48650195913956
85.63317323065631 174.5812497871382
7.145265261006032 0.948842061532634
37.27146472937979 50.447640096223466
2.581653288530932 0.9313570016776207
78.62596284533136 166.13288936741654
52.91138350834918 139.60262768356213
30.91654582303582 16.19702138441273
2.3630735850760516 1.2008122425629095
65.3091305092081 168.27752570351794
inf inf
62.894288958363646 124.22078187646939
1.7350133569908273 97.71775683996042
83.96258765876942 134.12861779100348
64.26945396308332 122.92669156898587
66.76401357515438 82.89008821841762
7.520540823928753 122.09137469646596
78.945301654099 129.28206050137328
62.996724205487745 132.80803404396653
inf inf
53.769312192687124 141.24168910009047
32.780692039693434 157.5645854041189
69.54300836689768 22.546638160577128
46.45264057539032 126.2702494378546
39.01998958400986 147.46334555460265
23.625003063019705 164.8289334647098
inf inf
73.5201250537716 62.20134952020576
87.00343465228808 29.389802684246344
inf inf
6.686509243967063 0.6649815723187044
28.974962771798175 0.6483163260842855
65.74855291714323 136.49255244403167
nan 39.417684328622
61.80300628814635 124.88358789385342
0.2824149052186398 0.34706572407221314
78.46304163587385 17.389878006467494
80.41344470171164 145.36478881945058
17.46954172940139 31.677117366628043
55.71208280322876 52.584483154586216
62.2981169838525 74.33149617121057
70.21180486091609 172.96685336835355
39.57934070257809 108.29461846248603
6.3100769172195035 3.025554556594507
62.35714925406967 62.56497997277154
6.266781449226144 1.0100235198344916
inf inf
6.4648905195884145 1.5876792306154122
15.58412941796007 6.162760645365583
5.487699198804359 2.4169670248721666
82.08239540984817 2.2573281861870993
51.295067551386424 158.4293949461934
1.926805951132521 0.5288834202793329
2.1935171532204456 0.9368338330943028
3.9207650860951118 0.8283159382350636
82.79942128972841 64.8699380331726
35.87372684240969 15.711825339804367
68.7021906690246 87.45950428161517
1.9860506820320354 0.4025914295952523
66.9564145304648 6.581361310010507
10.929007370237738 1.0472066157018816
inf inf
5.653021526059565 1.1644843194632388
5.5255648384739375 1.485603503577426
39.11619811349584 100.6530340008384
10.801551853177315 9.639663147209056
inf inf
65.19027867873896 159.04176146998634
51.18772946013558 173.25584678127453
74.45493179010637 176.2230756004764
87.3396853745601 92.16511454451509
57.47075095763191 123.16388898235846
53.562638572953745 134.922447561294
30.08201798209468 12.566573753025436
2.0827400433486845 0.5223688164583339
1.5744415274034032 1.9297545130263372
57.8384433223201 124.0760336671717
53.433629324712456 101.04196966888587
60.545102263028205 107.51650910336751
21.653608393804582 0.40219365543127006
11.443213787564373 7.061990953453885
42.156354021285146 31.72856447106406
74.35636885194141 176.56561968427866
7.1979908025906525 69.14410603171869
35.41071890936501 17.160558167579552
inf inf
inf inf
inf inf
55.96903425830256 142.27564306339468
7.808730233363296 2.480153405300063
12.416260585065858 2.160407417616213
3.718255706831494 0.3398886541679851
86.2349468172215 91.08493896824493
44.48331885629278 67.44805696422006
77.67970445201927 20.73190669879336
5.334852931244305 1.756687781208238
15.812300113526318 5.658891949453034
15.475464013906636 2.9037410496347893
21.97485209893736 4.091020105527264
69.44188141872344 26.868338128480858
6.968651554870001 1.8060836969474048
inf inf
19.49116570451909 3.2277159681674044
6.907052266907108 2.4275137552542896
51.30871180151225 13.933050907403645
64.61275528861589 4.555965211355313
40.106169128005064 155.15724609056448
4.452319310816573 0.35284405397199675
43.296592562305165 166.35181864027305
30.060985734885946 110.65365044610098
1.433426196981534 3.7195546987001307
40.91505255863844 90.49730465389467
10.26422941113618 0.6990766852265604
2.1965366915081312 0.5991343805750389
29.39982864823243 130.80682569801002
1.6610891068995322 1.8953673495794776
1.8455796066464856 1.0576892309199162
6.355045197954495 1.974799010916429
4.707229265158887 0.8705182975868762
64.5787256802946 13.756807725198547
20.027154602607478 2.7037396198726067
29.912720502014167 138.3995304267773
51.93827263834117 157.85610449529196
86.6831078242427 135.50900496135554
73.01696773049825 100.07807599181812
47.02732864634851 133.45451707002204
51.66161198352299 109.875149215149
56.742909834054274 179.78516721600639
85.01188268465732 119.91105913079755
43.90947804640601 4.882532457910987
56.60396495010464 125.80629259698274
38.69564716833119 157.77328785173972
49.23724545550496 177.57157110584455
62.58744324728606 169.74750544339238
7.797880070065658 0.524228092285536
49.14287164749232 4.85602440038701
2.9953713302989757 1.815168183500145
5.782687940943719 0.7940152292170665
1.6414391911597925 1.0159438663167994
2.1171796387826625 0.7837635651092993
73.31657156420302 126.38899306744472
77.3848294445158 152.60926892408818
26.412703851191075 2.7206192893244547
4.1023429485067435 0.948782380927373
38.87221862963904 36.69987287319613
16.617186323706516 18.946852254483783
4.206512351369606 2.954511978515159
0.46657562299976535 1.0374381912021695
1.5586859002122275 0.648278585732855
1.0863289383808516 0.972096465633036
2.9729844883371834 2.739394291379909
52.96707238120189 136.95330318344062
39.4623431273958 112.38594770827041
56.01159753529071 164.1393739282497
18.5324828766135 118.52366925000626
35.03714033408884 124.77287514650256
52.63851306311987 158.6560044082222
27.917110189526568 113.4963445062536
35.47083368205532 40.8970783551527
37.67410589195549 137.0706275249958
62.221872343729714 142.52977434910161
67.23317110907858 98.51542770555436
88.43281308798541 156.0359228153938
inf inf
65.70595026642322 160.56827879511908
inf inf
41.733033262239914 167.76293226436212
36.487953585093486 162.17462421034156
38.6674506928899 149.75314542942078
52.79036343287963 154.85799107600545
32.357361133731104 170.7042962613021
46.862401499336386 161.15259523670542
63.92686639192222 94.79145475808157
46.619275379631006 53.280052214581794
13.7260005354657 3.0160418083758893
60.23831955178951 134.21757974634792
78.11120966351336 158.93314383646964
45.50696715755985 106.72726953452732
34.72861631984654 1.5536531291577602
77.99726576937105 140.1952645307172
53.70381219814563 10.726422344238799
60.75954810504706 85.47524607119784
inf inf
66.2910032521164 119.86733685224887
inf inf
28.89387830227895 100.82245542567473
88.87462264433888 138.79941895459436
22.659227136410834 6.566876192288795
88.25695483756617 120.83149167083396
10.852715278699495 1.7644414670133441
29.84072891729201 161.2548918640603
72.16551247742383 164.30129338843307
57.40494850065761 141.3772880306748
54.33935834449436 163.41591384810238
19.744454612585212 64.09966941635824
inf inf
39.46990126951087 24.792727569776517
7.1049437230392956 5.167172419986106
3.8073643278362757 0.5103339123687707
65.52555922128413 172.17544852168683
inf inf
25.26893614730509 23.55483362729644
50.59382757145173 25.56517622884087
33.500035387525514 16.308126700130494
81.06895551946081 119.29700386212932
26.401925596711607 2.8129334541245967
63.44912402747609 135.02939492845564
30.255901823200876 135.3945499334605
69.5339209465748 115.27653778164594
26.762826054772184 9.296381753077423
46.20591324829567 19.05295148792703
73.6652662129061 134.40487012890023
6.265725737261422 2.5913343465938254
12.26820346186578 7.700329648694977
76.72927147284388 126.76566366455512
1.7984305467374313 1.1466733631558839
inf inf
73.68455370071959 65.62481521594673
46.96115627182836 1.9413839718997623
37.02270436127111 58.54053840740184
31.036571473566113 173.21520564681296
1.697426941024031 1.1381920036923678
2.4502038191424886 0.512299649287932
1.8474200294888141 47.06668666415068
35.65514010510818 49.44862320300403
68.15287826768912 2.3605148724308784
75.81343673942081 137.09122243117488
46.97870994768803 84.44128330897371
7.546282879435655 4.341854230216807
6.647459749497409 8.608189556779358
40.0642751554806 42.60311139173823
inf inf
nan 69.05359048655099
56.0244392824731 148.4927896240028
inf inf
inf inf
inf inf
inf inf
27.91452759211837 0.5002107794639485
88.70798142375419 113.44299149433904
85.42643059016599 152.01695820896947
inf inf
59.02060489250661 113.02708237716904
27.881896780598336 1.4255954128807917
35.084940073220615 75.55687640449605
46.60410882587638 113.12557119349407
22.894544245452124 176.87389159753474
44.19216063863149 4.453784745140392
75.46834250130605 95.23729678999167
66.10775073700826 20.098643498444318
73.83823457969773 155.85733309888062
80.3972272218198 125.2126285814455
17.80803122633461 1.1627397919217308
12.136406625655914 158.3436357178493
39.69834252092518 61.19032265968378
64.55513227003165 33.94801258376812
26.93270202104602 99.90591210428387
20.978597767080256 24.30555514923397
12.334015795095022 6.6883689664226
88.54296221373116 135.60606176965365
85.44334687408875 150.62569038659396
7.63145411412361 10.39034276851922
2.6048793916472617 0.729051343137348
8.561814089362176 1.3477887656568899
25.402897108011377 23.858716456138474
46.64565021425382 119.73143596297037
24.903769828268608 6.204087636447485
35.754872499373256 175.23153394984027
64.91024010801938 110.2200106023047
76.25047857327824 11.739994092811678
52.81695304500448 69.43083895547782
37.79455124495136 10.341711991697412
28.17404186819134 18.86781957303182
3.4005333849457413 1.0348944378771268
35.592522714951514 128.61339812535894
17.08565664437129 1.3368603811667026
8.74361937492457 1.2315907274190243
72.71928295377705 114.20290621677341
30.593770723023276 3.493264182203893
26.51228792841187 4.197791131313588
55.53166398016812 19.26036721035355
29.761183434520028 9.611680891682749
27.743321877943444 8.399389944042284
43.894075153353356 50.29208897401428
5.0247704539261795 3.7042414736357228
40.83786030730647 2.475885253324287
inf inf
85.0872031626482 153.95084602248195
4.833711492051264 3.1013974370744974
85.24725357518628 32.67013518563401
55.299024308997005 172.231078927413
5.3443708832068415 3.993057177597138
50.166025646140504 30.755538022462105
15.215687308355252 168.4318966330388
nan 72.52442542399712
84.95938478495235 3.007257931265387
48.93152737731526 119.88791526549139
24.599682338525586 28.381734732183546
7.973926467648679 2.360912404962193
77.18809669495056 8.424174656653125
85.43598472794737 33.00093751676586
50.17366246731945 59.05474942747458
28.7123767540679 7.749603612018191
22.57634706328396 6.3748054456702885
48.86554877519818 108.54748830127336
26.769514421242228 12.993356723103025
48.97614754759423 64.52451543738209
31.8996179971533 70.79939090452179
1.7936662341398402 1.2837000772916487
12.278595842012125 2.0832799852807407
32.88069709767674 128.52512885716214
23.28283473264051 87.47534084092977
78.90124946212747 32.95226719965651
30.037505509704584 16.36491084173781
11.81130488524502 3.4418575434551433
23.9328651853237 10.134932630360803
2.8920112837316596 1.8139693161390498
71.44721036535525 163.1993041434772
18.424740392248587 0.1651737804676482
63.04295467633163 152.74163228951764
89.88823684801696 36.76213390219029
21.68982738460696 26.771716350281565
15.512185111762195 1.4490588845205101
4.807896515074142 4.28823017810644
24.964628360731457 11.445932756183682
6.2092401620095 1.0164100408789987
81.81334290490179 171.34854543968368
2.8279119094099894 2.6730705807854735
7.437305578890266 2.439332524130296
17.24872692398524 63.92549762030331
20.597621434567507 2.7081439012591697
0.8962376741055155 0.4391141552809253
3.452805066163902 0.7751380178248329
11.824126928278815 20.317678617889833
7.719550485722977 3.5106825650356175
22.66249654924314 14.336548395777827
1.389356474910806 3.3978317651608925
42.61204429006486 171.78419964191298
78.55397640593908 161.5801050805678
2.986754069896394 1.2719125669512645
6.309741623722359 1.8522422947961916
8.409921495152762 0.7128859814673554
2.2585514345127558 1.336949381862137
2.55687582570163 1.2786145736355776
1.6706985542803654 0.8445972739804806
35.93494319270681 104.93948074870679
21.527423581242335 39.654044337254355
6.0638963690901155 0.7757976735055229
37.05798246343887 3.6209096498154447
19.76837307472461 2.1378957487550663
26.579905925152246 53.11473089098982
39.81041978396638 81.84913742570342
78.03670413035934 51.65434656434205
51.697581267663566 74.2974568234597
61.668610883628176 178.24302360304412
24.25520618093816 126.67171927522206
37.91697933856995 5.24164908852099
6.911996838279766 1.8273170986904033
3.377433618876389 0.5313664799968244
inf inf
52.779190183848385 154.6139980916582
21.815394425347694 52.39800672073383
18.087871631796276 3.4894966179862026
59.78050567226492 171.7142053395935
44.794364277517595 12.367208958726112
65.59322647464306 145.90164907869246
33.29963293157352 87.22685278243493
58.90196592700636 141.44214846320722
60.31785429977268 175.81242356737678
29.908510282664313 129.33282884552074
54.25066293517749 17.51773431685429
21.885395690889034 7.4590535562884
56.541847001823726 11.229311151470531
2.5050366629426652 2.012145119713687
14.316774299017146 2.2588048180772953
23.6222724581057 129.73843170584857
19.635571814126987 2.6109803040760062
inf inf
61.363715896744736 172.76061829860438
0.3426593669417892 0.1768490602641078
8.157672250450133 48.13625649414283
inf inf
75.35279084031907 141.31219484279242
22.939495138005245 0.7762344245421927
inf inf
3.1891205323918808 0.8906038899403977
21.93221420491107 171.7531318082333
29.327538562290897 166.87992460332288
inf inf
inf inf
13.974326738370479 144.94991356827651
8.260323450392006 1.2535631792922988
3.2892486283617477 2.037587134893421
20.548915767558842 119.49095956275147
69.61358932822448 5.953352327854023
70.17910582077914 93.28314030765331
1.4579512032214186 0.4466893506913109
1.6270278611604647 0.4183783586600929
41.543665499808796 21.06656474559566
8.914155643344678 3.1686600023053453
7.600165198394214 4.258144233825395
1.83250767107136 0.5609965342101049
1.136840076732226 1.317151521490715
10.82558658714871 2.3712396678121586
80.63154347482752 14.428863119735343
3.3900207002731895 1.178288084120781
1.276500100786417 1.482658338575424
29.193274202608336 13.281693283111252
3.337186740787214 0.772409571499012
52.56805670048395 120.72447644759444
4.813290851012258 1.9524454527699993
5.335924390223158 2.46120275054944
39.887861048091885 6.472660769340373
4.5054761771013165 0.3100514436701442
34.47033344122873 5.592603321484653
86.7562095323939 90.99181598385694
23.940861853002662 17.917232884081052
2.0978669838341686 0.7335232455267076
2.0293871393946272 1.3038114974494808
32.46563648468132 126.57472633358705
4.046487725169423 0.6758456336059407
78.29999589232945 68.65824096753407
81.10168190672229 26.08748158106279
36.56956218353511 46.26698747076614
44.202035095624296 94.42226267777387
22.474977914722373 10.136857802914642
inf inf
inf inf
inf inf
52.302452613979824 144.0386057834605
17.106415988480613 36.49033474263404
16.422910763234803 35.331135925675305
21.78704423419324 162.8742601063845
76.07415700184781 34.11082177064203
75.04337771210442 6.388965468634728
55.71137186480805 3.943475792735021
56.03174830558835 69.58689579943969
inf inf
inf inf
inf inf
89.40053082932965 165.07324567420787
44.574474138211116 6.7766292629824525
13.22177257018519 1.5276344667213784
61.88735725239263 153.32716274152602
3.3038641373285347 1.434644380480513
25.678824464399383 158.7259252331051
29.381432998562197 49.68374709868813
2.2312781204789576 5.458006422064673
3.3458141915119204 8.424396282250703
4.657547793344082 4.209680723152867
0.6332857933111987 0.4390490652886453
87.72002086912774 40.29105656693597
59.325262609332384 179.3114283139383
66.22877784090981 92.0320913390283
33.13265715741363 167.9447192915212
65.8299346926575 93.4396155952394
12.485787262279256 0.9658110492266581
59.36063686158672 148.36668653964804
inf inf
52.2108015174755 115.50830094380572
68.89233203299486 165.2029422218424
58.66979231755072 129.47305048094597
49.26818595699797 52.145688547343966
38.9753494377547 13.075325939832968
88.77710217244173 151.26359920110198
64.66995805696818 10.639021855197582
70.46559934479694 53.76363763515353
61.5710691247714 65.30626897260021
69.54563209232339 159.9744393817251
48.56646133502656 138.0881104572389
61.12742619158894 60.36194004725731
64.81298919398016 49.80567448729027
7.192163340218781 2.771252624826471
85.3116886191706 7.523228592000269
76.91320960347898 151.91400049936507
86.93291928362368 169.11367216617515
63.03434241315033 133.6528635559136
35.82015322521902 12.147889650177664
29.472267845459356 160.97063337199046
64.92824742801545 72.28707566150663
inf inf
inf inf
inf inf
inf inf
62.65350383849409 169.58660844253265
10.353000281221462 13.496150626541773
64.59393381702293 26.73342933376012
inf inf
inf inf
34.274280133140195 59.75422947195111
50.9927455116007 56.22776476694867
42.0441191953862 104.24248845979865
67.75784566205087 75.25127508318738
52.262832629110605 3.086980461213952
inf inf
13.271223217124653 1.6785566124408415
50.658851120090404 86.18110692281945
inf inf
57.08223368561559 134.82279876327374
nan 25.57364256556525
36.20960377169908 105.59090162016307
15.080198453305055 3.162384045422571
12.246538033987836 3.2227822193466653
8.203077161529754 3.905060896807072
87.39492034777581 39.74340878441291
3.825291482897288 1.2064634418239883
66.7435132668072 6.17665452306519
85.16484336323744 4.651956960311026
4.455766741060782 0.596623838537758
2.071881908728754 1.1098037123214362
3.192762839501997 0.7609378734041893
85.51140585630718 33.865397356071774
6.847976469628959 1.4125483045074385
32.19669480093201 128.40847095977313
62.71393869892984 49.43318784749201
84.49347967156909 128.87004827967502
6.5088490265231105 3.0110733062676145
87.59305481254722 94.1985946480874
74.88417660208057 153.34464006666767
3.398569756480103 1.2512188506893402
65.28333423297593 44.37489000851562
70.13382592731647 70.93108627699526
66.12541789317633 15.151997862992737
9.425572896034115 2.566289880174707
11.009635795121103 1.1893130450254206
3.481188970345627 0.5401573439285945
6.860640538230875 2.8052579499873165
49.98115757827634 159.66308270703453
7.0134872240302 2.1186301386522612
33.13641302032607 149.2059266779947
70.35210252411127 22.581454099531523
61.78745134092528 152.98987072594866
84.84202924201469 75.01805845133589
66.37944649443558 74.32231908449235
6.580447337865615 0.9528874487324452
2.285573654058648 0.6529404210579122
72.81287316336747 9.352273850414417
50.22942173754245 11.133851835861488
27.23018028139092 17.306177935453587
59.22916194614245 36.04586900228575
36.988289657780975 5.311333913629332
82.23736471395654 16.318708787710737
18.26468996620177 174.92301861077053
62.88945386217445 3.2592983279893013
27.68276268418861 11.11774483165287
32.004271348316166 12.00280291431479
20.126857065737596 2.3008969605960483
3.456141098398695 4.745503089264062
66.56171470218852 157.96354417715318
26.109890488415182 3.2827743104795633
inf inf
inf inf
inf inf
44.70827401961279 20.998178205485512
51.1396170694815 26.254870856798135
13.001523081550182 14.58922271742288
2.1066908346620674 1.8637660856652183
31.43885339456088 6.210161853520945
6.4427821621280215 1.1473967322049714
1.2050743391301677 1.5942373939068155
33.37374833188133 45.752701429686134
47.59534941585145 173.4613853442194
11.781287583667414 2.160221296056731
inf inf
inf inf
inf inf
inf inf
inf inf
28.396595157052815 59.48184780483894
49.81622742862413 100.95160719810553
6.706649781105155 1.316853741802051
35.320720975182304 174.74109475379558
0.9769529874282304 0.4407612492849846
2.827014451568283 0.7321661390930807
1.472924900471443 0.7594808288242642
16.78891385902449 2.215796628499625
20.159168773084957 117.86199757089189
47.72663117167551 143.63043940888465
inf inf
10.691830454226434 0.9821219023563705
5.36726902879265 4.6065301351901216
43.20713534013398 19.693559221870572
23.230427953113008 167.79840517759405
67.88580799274538 80.33418676109476
6.008517724041339 2.41628028992867
56.78837219163792 1.5894678170512442
8.481253875276261 1.8067056105136095
1.7732759576073573 0.9500240592860127
12.503482653338551 2.6813911119136753
66.88283416396423 130.71885349029063
17.778389431250304 2.9502865197967956
19.83912509799999 3.539667786723801
31.854916157715962 14.893123206370301
57.88893234653631 146.9327841929898
64.25665579856276 178.90662778407236
42.603251870222294 152.63904227160234
nan 19.23518047663577
inf inf
inf inf
30.72885172782651 129.42653253868662
73.3321812152051 6.810317866518442
19.251571960700694 1.0775504170364754
21.207619012924525 11.96390279387923
6.012108863683348 2.87499996508106
18.47088518177527 1.6974574442346964
4.019598583042805 1.597605467816069
16.94778984542542 15.233987698593975
71.230023764824 167.55596650905042
41.44861839015624 10.023770890357014
40.70817815094824 49.36498859218746
3.5857266614868 1.0698033030427962
48.200418349629985 26.748664138909884
82.39129094114305 107.04330007198257
75.72677727993035 144.39537150920427
40.11455461365793 135.80961745366838
22.995130479720444 72.1293863332928
19.185035686769805 4.557960819707163
76.09783469182103 113.15796442825943
14.791836245918603 91.79610041234287
71.08760512001625 19.65158222434026
59.83385712779676 71.13396833838137
5.305932299857035 1.5448564799893094
22.99477208891568 171.5064445292203
inf inf
89.91711384821566 137.40584597750754
inf inf
22.822542697107444 50.18021949030883
15.844634753519188 162.5812433601888
9.948001181068223 1.3246546060669082
39.892078368999435 3.4228252326613804
inf inf
2.6427278514643726 0.9976354266571518
5.547964167490248 1.8787905237046163
47.40841035054933 63.19825873432642
6.632885547665664 1.0407292621645925
9.122918174002775 1.1088952359828992
28.050007842374093 16.468438884148586
7.579080495105532 1.1946066912493165
28.54953799588853 3.2303861326804917
17.14067841926329 1.1346624567837613
34.08262743631373 2.9699968720191916
79.7812551127185 39.814669104266
21.781171038948624 6.4545563005915785
29.44203541841665 11.021679066740626
inf inf
inf inf
44.58878813444035 144.72254971647357
16.87314428389162 4.782967922067744
79.3674951612573 178.84042112739414
74.59627761140983 6.887161162958521
27.950875365928304 20.48633392448257
86.6856161166862 10.522047825550107
52.876699422504544 35.10950665831709
inf inf
inf inf
nan 32.46073158979346
15.324265376690255 1.8141431298754607
23.137461653547174 5.247820557670348
7.251022960162125 2.1172271694580114
89.05451766444119 93.8499464159916
26.632465704679962 7.513471416720758
9.408820041213056 1.322082639534181
4.60816448573202 1.9986359264828981
9.661956115638686 2.3829507404393593
6.406446179638244 7.4160835189004
18.35193783505676 11.013585425546053
4.895345900437318 2.4201480553224313
11.728360834710987 11.24891699361333
87.98330061812766 52.91582445744799
14.777144449729095 9.874423996718553
9.581079375156156 1.1965967262404913
nan 71.70595524715561
30.412953620500787 25.650048366655696
13.69592039937438 2.4427738842042044
23.794181240958206 19.16236109418065
7.600468384406106 1.5308126975871565
36.137892552067534 4.841310123269321
54.91106051369636 2.4374323882048508
3.2120361734512053 1.5253662763692881
8.345087752711265 23.70848555215111
2.163912475370736 2.5095701883916055
16.970890678162373 2.0041462025623344
81.05980642070129 158.60215654344435
1.5605296660301495 0.6323260552819177
34.022270636118314 74.98719480568023
30.991386389013442 4.347962849915264
12.290639585124522 10.772036148040584
52.71489068757323 56.073223083426846
7.5449954867520175 1.8812698126476384
12.921875336113322 5.824492063184941
6.366924219390008 3.08844874046662
54.96625624159478 12.130035345009063
3.764823683237221 1.352594924076705
13.39887373256795 5.8175971491726175
14.795657065518869 11.128376641938562
0.5855805054390356 2.4016212834379047
54.43636726463023 99.3529231752005
84.02804757904784 170.46514055968643
3.469973605090784 2.601241703144629
49.800483882171875 53.84135382409765
51.79860886436703 133.64727887663548
37.08956669692407 109.96135968172042
26.9679316529799 102.83889029928636
inf inf
85.40409340434242 4.429814657892317
9.148999334816489 2.6936506069806585
39.555302329760806 178.53179396104414
8.226824062262438 3.7307765734710268
4.854824178507832 3.427143839490635
48.30334315844877 79.2502204811083
1.139087615654512 3.8039516776540294
48.31961353657796 151.61984151986272
55.994552049580896 6.097512888919364
5.401694248009743 7.836846612423955
2.835903007649797 3.7971047266567854
30.962963014157182 38.14006297066312
3.5579089724701025 4.878800958594203
68.98647100819727 136.30388215559523
49.88284254539323 78.93522483147918
6.18153516574722 9.404147910426278
6.5337760077889255 2.6390732525908995
42.58590479966574 126.71273992031006
inf inf
inf inf
inf inf
inf inf
5.294267054974664 1.6936021213250532
35.17652843396524 133.55093264411067
15.70878721029237 4.348581425153139
34.32554865239652 6.965829631897742
33.63683751134242 13.657673730081134
8.097873479999036 1.340279514641931
81.23561455146707 3.402895527924356
32.14327358513045 9.838362226399658
52.81585989749263 2.3660835278636934
67.55140708576839 6.629256671543162
3.717186603985277 0.6083896205452458
7.332383645477777 1.4858818577306825
29.9127014077563 6.727244003978452
86.91318013319123 56.09613551132764
50.73136879570359 57.329366832736056
31.703304908608914 105.37505450121755
2.07723719887215 3.1138195807321845
89.6509305726634 36.043797698463
1.389579134945969 1.401991710301374
11.355988098641411 6.991578849585135
3.907489511884722 0.6615023346232434
77.86686023954948 139.25241984649884
40.796954464216185 163.61005243156114
14.20648189142534 116.06833617989051
2.697121200839772 0.8964068586159142
12.126738795538527 8.864983552572173
32.76730848248661 130.52527894555797
55.360767972522126 39.47006654695868
3.341257469087146 5.060994676600425
1.5797120469903487 25.53268050933579
37.191741692557606 149.4898740460426
24.87509374217606 6.865807270719922
inf inf
45.43000107661166 26.187435314391585
79.11286204258361 86.89931481543209
12.127559861636454 3.677820507762427
69.09647636645121 168.0604077524808
inf inf
inf inf
inf inf
1.0353853716720085 6.239236829588584
18.620105940220903 10.806260179748696
42.76163898582773 173.42241284428664
76.83315322782275 163.20664148575116
5.119050392659961 152.80752643440394
5.301254537159251 3.071759721551308
53.578802627736735 4.095550723045229
17.50935137827441 3.1673675889131547
5.9360698266033625 1.7810059127821032
81.57914962822814 115.92104736139105
52.16085021387415 42.802366448257345
37.85274962691014 147.1151243123283
3.800027419041737 0.6007271755178416
7.3788773576546705 0.589981790749485
20.603481391032705 12.33996600697108
12.360061207928569 0.7475389194542482
57.271368527932225 9.17489697030522
42.993699091536 145.88911818729844
54.6234896100262 169.75115184996824
21.48987221850726 2.338228159845593
66.0884764766799 110.39762578292493
7.623917727251882 0.6141486303303465
38.38947531690271 119.59133085666981
30.109021828947718 108.92703659888349
44.68261945206692 28.993054815015515
1.3226584644513648 0.794508726083711
3.6372337301463427 7.3189754286825455
27.58048211559424 6.914968654272744
13.061285286251167 43.82669100015002
71.426993389432 71.11530859636989
8.740844734037426 3.2274817636596302
6.909602329801498 2.061815108294475
8.386147881802257 1.5826912519817078
4.9695365842435715 0.8525375076579966
2.479717283930728 0.8257001746989355
53.98592036449152 101.94338249698667
68.00478784571236 16.827917752056692
76.87852525095444 39.41378144492856
49.695472801235326 121.8213830479471
78.22444611009067 59.74042030666176
80.30433454112266 30.783892794413905
2.671501180353789 2.4504262718376473
0.14024987144963025 1.0965674489343997
59.72110008348409 99.17146347715727
1.459964136565899 0.27631626164409506
6.859010390563372 1.0759109926030044
26.405919340829964 3.114825307882636
68.9686267256692 4.429704627983508
18.8892102880461 1.6594210795786772
3.4417388749817497 4.192906726078501
3.654632600197092 1.874022104678966
11.952133285899759 4.036672282079969
19.252743573646832 2.4024840886244605
9.657263468966736 1.2616580638480261
4.711165225078783 2.0040721286495673
4.105072122411144 3.475024791847032
14.394692618395315 6.972416973444386
3.9257009479821416 1.5467260153154407
53.64865935233399 13.77013003975531
60.98925040007253 3.688302344856063
72.73151937201003 91.40191418548376
20.088975322418058 29.465134178676717
14.649236617578518 10.361097518997585
13.961039221624365 1.0790233175009745
8.722516208087821 2.257761401742936
57.59280994231541 12.269551933728112
55.73996479192441 149.1864247308189
60.806937154975984 27.138705043213257
46.17996872392405 26.535843590436144
26.862476034867726 41.95575683298503
75.82328848378035 48.19285175787316
54.608202059749715 27.806875441908257
2.797176948747497 2.6816643982327077
14.963202377087981 4.085747626142315
17.15018270883759 6.9592137534982275
88.41315307247892 103.93834103972367
38.4362167269046 21.596332466317055
85.96770402932701 7.26369982180794
84.983413025875 25.808868478447838
4.294923726357419 1.1307127977581135
9.786994540460512 1.6545219534462456
1.0850036199899382 0.6616482971029238
23.67058987889659 179.39819661921283
43.70978977432282 65.02774014273294
64.22192458762498 58.9053774348625
84.91657784757993 132.94922351922511
72.6869276902101 17.471268876012438
75.31084297127536 17.239126108286808
67.08512043622096 17.985670654658726
81.35987792761115 12.080633840167902
0.4116036153563942 1.8332138094974333
2.9432299681176985 1.7382523134570722
32.28246918349982 51.034506941874646
10.577593820064159 1.2912694942457341
8.782831651538755 9.648517040260858
9.01059847977891 8.593368852728865
3.791518511977266 1.2721391697380084
14.480071838413021 1.458505012990578
3.1735722874135717 0.8473441950985241
3.0764735675511607 0.47297558390334016
48.237399300951814 114.1767060989295
11.384525979364186 1.8941629124367423
5.5214199220962445 8.284891354474242
12.626931012615897 3.7866900448048395
5.303898271887492 2.0005332739061856
3.402530966790693 0.7014766224748445
23.607115920343052 93.39988158159264
12.855198436885669 15.974006477791031
73.96102070246886 120.90250177028123
76.43291200981422 150.77279326225408
7.5033950266745695 1.1478967406503064
44.56416655188281 124.61419323272378
77.8176313611233 140.91455744251385
66.06207372429445 118.82133211829837
24.804968474617027 35.34142599829726
47.300697720089126 111.44992775816519
54.004396894629934 79.50664097134283
88.64329315560124 13.979386522566923
64.1536097079352 154.45311657977712
6.681881836379792 0.7893515383520334
43.363514927271495 137.5037242266213
4.412063187149258 1.1155537542913605
78.8271563329877 135.2743059253714
22.11957261999305 120.54019721519347
56.37379351421326 25.12807588809954
26.222268771701778 55.871632873819216
40.06955162569509 44.57759427497897
5.821960106879677 2.0295250857005414
87.27565836947727 93.43645214868657
56.35566625611777 170.9359500458339
3.653363891695692 1.0768648072006488
64.40311773789742 26.13564997920015
75.35631048497146 173.89416062764315
89.28065332051528 151.53714711695926
68.19935142660039 151.39605797988105
33.652108980125675 2.671623673038363
72.88608051588317 88.01505155216901
23.490966860756075 6.840125756432724
77.14667861944673 142.27105098989787
47.4530510015103 123.49684788451285
31.149221720843705 44.565798379409436
54.28754977462441 121.5582214179163
70.75535627793344 123.13613249418074
60.00884898969998 92.66061216210679
81.55513010835972 95.08690743330357
58.55720461821915 130.3235840908714
48.89884430911374 150.2294459352282
5.434192536793208 1.0949178109009265
85.21081196269046 150.9691385558048
0.8384883651484156 0.5413433616602592
2.8607072962864004 0.6025259888889478
11.41096559660578 2.848873834016257
34.46056499219813 1.3519514478842176
8.371656401267956 169.21802199393488
72.76078847790576 114.71192263258574
59.107542266416694 34.87893391784935
39.58591812751611 18.534036386541167
49.42809447007605 145.4438169097818
85.54459252301186 38.4356906832402
32.88537119100046 22.00437667472495
4.664443962176891 2.3634952607072983
19.295657577785704 45.99227267219138
37.85995831243231 8.37688711996736
2.5059041720128015 0.8206163982711443
17.449201301276734 1.976040951169643
23.074971370896876 18.212434766051928
4.230056426388245 1.410798307305254
1.4398651198283432 1.7409199192487872
2.319487443291585 4.402448747376797
8.154178833065266 2.499764312121796
8.960700644247837 1.5452638370824192
7.7712863309626785 0.8657302547399457
21.26701997292639 6.5869083974655105
21.070020420550744 12.905893584528265
15.432474697013548 1.0521391487712122
3.2446198375959767 6.675638468889362
0.9528019514333701 3.200912502306828
7.1895020874536915 1.1514697772882503
1.401637798000564 3.686629497012888
5.8385189165556435 0.8185836936835009
3.099376340647079 0.935497963051121
26.931948170861098 127.07833366750317
6.092364366548219 0.9482736942682909
50.31395189698455 118.25679133775995
6.0204765450605455 0.49345015149747723
6.004843577345321 1.1686021236322846
5.7091944346738694 1.411196634141942
2.842915814557452 0.65649843474834
17.499780260284098 1.9785321984456412
5.579104202052105 1.1293336402265173
1.7743988019198196 0.7706877326613243
3.3727578405221466 0.5815613591869511
4.209046892698464 0.9326511116110524
3.190932140903603 10.977911682919302
6.79375638332118 1.5010215474517297
2.3818712378288542 1.0636920713339724
30.553141434933845 11.386500070354712
3.144858329248732 0.2695045240173529
4.254617824795064 0.8663005714830617
3.5678682215376876 1.2232396528782175
23.58637914893322 2.2985918232788296
25.191431696400663 7.3117839315641735
4.884164037117783 1.7602241396074902
10.68138144448173 1.9613492602031133
26.330860867954144 39.98113452155113
6.372443672009109 0.4914883244748621
6.57306503339521 3.24528733294064
6.145565441550879 2.250234989187096
9.443021687714518 1.0717456751537895
15.883594024489483 0.8915466932964293
5.408145456980745 2.6773521027069074
17.9830309573598 0.834994100633681
21.674881716987088 7.099453554301444
inf inf
63.398402137142 160.38260699007793
75.15909545418842 82.5033108779162
68.02076356457236 131.98902650860327
80.9695879077218 110.5287186249617
50.19776738287789 51.24373860918033
67.686932481216 117.5881061977806
47.20166346932482 139.96054383738448
58.29532242442525 122.19514778243335
52.94793118354692 146.9142712844953
1.67293008701311 3.11945488845858
55.483080543431974 20.560806942312
87.02329500571487 178.50851321488472
59.33972154595912 92.81272059630857
69.54361209665421 31.88735602907981
16.31774719893905 69.1387157171729
17.351838951772148 1.7636930848068362
45.02997373175682 121.4217423549283
78.33959869766825 179.01374599241012
38.03970515155786 88.00558421248782
43.8726027966333 158.26849881187033
69.78291318753462 163.87191044321037
69.85512728921525 23.02512693776678
87.87921823972694 82.75856783735816
3.4346086165282546 1.865215632266189
4.222960161730837 1.7582295851793908
35.8975692488701 76.76396294043008
37.914621036350525 11.94794013238956
30.760233570720235 4.758601580474836
44.18003252776708 121.75685956864133
2.662219006837126 1.9948210668771784
34.29128517737231 77.5500989592929
16.072544595926928 1.5988760353685163
13.876943295678434 1.80654577576298
5.458560902526068 1.6887392941951598
42.50133810448554 174.63044713626837
5.335806965473698 1.0707056038884868
18.876275446267343 2.962448261966646
80.24880510777473 172.73581434961542
6.79178246604723 0.2419780227551202
19.81571107355969 2.762821747838558
inf inf
7.913253198596369 2.14862728495546
1.3235618001919265 0.7393336462621437
35.24781969692271 7.198595488999712
8.14893258806765 2.0742103948074706
7.127564753693335 1.5874000974053586
74.93824936655388 170.88146462440017
76.97436145522795 153.7805699301359
17.249848389575327 2.3990935084618346
2.6293514945856264 0.7032708122522858
41.95981989750075 6.599440408636148
23.521586550036705 2.9390852476745666
68.24464066583243 10.403903858556527
23.383692991917872 1.7562797733678421
79.69264533683778 21.7637541054218
17.8523123584657 21.47709295249484
inf inf
inf inf
28.60547972196443 8.499307280742988
55.11706837688137 60.70120830920402
88.69662432633908 37.50239269195003
74.9703230795264 157.45920900218124
77.2818437476705 122.92727457159506
80.6655474436867 108.07544562831843
inf inf
4.482021763696135 1.3073755849171496
33.75607170256444 154.11079837996252
5.316407550442017 0.34990273957139867
22.57082356140965 2.0568522088284347
82.72496940826903 150.90482002196399
inf inf
26.969351012906767 48.47148959723019
51.511844509114184 128.13880853850603
76.36760126298054 89.2499260741118
61.79493264965563 104.03600132708618
74.31145587155741 159.78529342894814
inf inf
43.82741924152428 95.06612796747638
17.930431438648924 68.90761344098651
26.137108966799524 31.375975602939977
16.975512013403566 84.09836728268897
28.954125540526324 53.852619652440715
inf inf
85.90288659908846 145.9583475478141
60.50446693542278 35.96457645964248
0.5940712774018 0.5890449234563817
