5.134547348400504 1.2888687342464777
2.625120397377243 1.8961921135001316
5.204899219528936 1.6673977743434056
4.969211910125217 3.9200986080170463
2.6873480758624426 1.8920624816702025
49.321213837826264 76.32248058371505
11.371832339479194 1.8228358859582208
4.270073169491747 5.716126615312771
3.552754789550496 5.533780592465396
2.083422290978443 3.0032234648397367
3.777059324428675 4.1274114025252135
8.628673777658664 2.7491404620206805
3.2066024744357366 0.48439229221117475
1.4312599792025968 0.31273803399747124
31.398075315594156 2.2494794949326775
inf inf
23.512636245524057 149.3156232322426
nan 5.445625870726254
25.04468339367994 6.103735787230405
46.645499963406024 130.1034644698355
25.775373403269302 6.332940461169714
16.43318714861613 0.5164615451856672
2.3243133683937622 1.2343730418320824
7.344676469475419 1.3129126854146973
3.9232062675334687 0.3623099385973941
8.691788589565524 0.8899431659208065
34.94909825686351 4.13302323675847
18.581948455625337 1.4515041731599592
64.47247386975188 1.029841595776879
78.20109835180806 11.545228823220267
5.892776865002917 0.5731433373781996
8.797697409097799 0.7934370532480965
7.039367435195072 1.5252915339163347
10.11771482629996 3.844796775985614
0.20876499001503665 0.4258426684131973
0.9248372006138231 0.6749600719642128
82.43205497374765 133.42330106855923
2.4804143106329026 1.1211839001276362
15.741170030710009 176.95804034439277
14.368212689927617 179.47505690154665
3.2210125932660754 1.1341479747181322
12.613458662231807 85.93698232868643
8.1851572134866 0.5616362772374157
62.10867024203672 6.6767716392447
11.728858255896592 0.9990323169527328
81.10182125732466 54.77817971605757
4.4495214013511575 1.681634431355023
59.86133052059994 144.31872672912195
77.80882618185139 155.48841873520726
1.8158588720051592 6.93459845092846
50.95054200830373 138.50188485307754
43.82371655463126 92.59535500539013
55.66956919994003 117.62660602592119
74.67535616432869 178.41104740532433
52.05840365476547 109.69955455683414
65.85514997430049 14.355820899083302
32.31823297950735 5.090110983964442
20.70976313003478 1.3346885304312037
57.17232992299901 5.726200360211998
0.9943171007723604 0.6752456588237268
39.45161769904311 30.378184578789625
68.36649377893175 27.178229398609314
57.77596976648916 41.174262838694816
44.5824548124574 43.34659760553796
36.92623520993047 167.8839341094121
9.012499881327459 27.39680616262918
79.41177146782557 141.20337260067794
34.85802115748291 113.36103672857301
74.21469789541483 156.11397411867867
83.15444928155712 46.35894439275885
71.4050054491858 37.1762357860752
75.66655123869464 12.360187804729742
50.48995699261801 131.39777954927976
85.22400547819416 108.39067741165003
inf inf
2.1712671596738917 0.5384851262039537
77.23760155151356 177.37630392923953
16.217789338385547 13.170551013926085
0.7572248777928519 0.35555082892677264
inf inf
48.39246825460782 96.18885741635482
85.54843947819849 173.1106971941123
68.50611500198863 142.7036926225278
4.392436283371723 2.8156584258729485
45.187593407768915 162.41047752493063
89.25402949423818 161.8624458348214
40.077814791899385 4.715824842981802
21.071522728479586 35.207515613719615
19.394409390773745 6.281429455296834
54.45008740233021 4.822845021106907
78.7040841653393 75.13719467116054
73.91318473627342 162.01989935330914
75.08607087927693 115.9517699601464
76.48513907869881 157.56004947575823
inf inf
39.85836778317835 162.6039280574383
inf inf
19.246986252498886 154.06791492901684
16.919238109010646 1.662658289661065
38.44421482580722 178.82262687386776
72.96506840130921 136.72156916586138
2.6821023667510855 3.7166658485014286
inf inf
15.215688115834679 15.436896366219747
21.606980532638453 0.70972059239495
2.9118093866429944 0.8333321213276754
53.92548100396945 179.01413968640637
77.82711982234979 177.7312383643999
inf inf
85.74562505689688 136.55657191059473
82.7506533279836 155.60604051448183
44.675217206587604 123.30229814042596
46.615643940941595 162.3755963192139
54.128478454324984 110.27924567916821
inf inf
37.537082095844525 39.19090199596741
59.1197890602227 147.19103087575695
12.449389052144904 0.9127677332885136
inf inf
85.61496544272902 57.343560018449814
3.820609067308057 0.4085306804779817
inf inf
inf inf
81.52187402368924 11.99528489750064
11.313212033593555 3.612946266716264
28.526678464798405 4.060547247009734
82.64324006400511 36.46482735963843
64.23305512395552 163.578191410695
43.444847403723884 144.42502171213877
35.00420879677596 8.929826183026446
10.064972718623153 177.97274992128774
79.25536879973023 15.042341849236353
39.38728131303116 1.1651258176822772
56.63815421674124 1.733301152993938
50.957237590922716 146.44718291837836
17.837150098686823 4.1789526531250685
33.41606650675917 142.6584176847465
27.580813012396817 8.68837870837143
nan 21.726702739377483
33.44261662736146 110.00372195922701
9.086881942391312 1.4761236734653653
2.6298323678570767 0.5535765160702776
2.5585189445457246 0.6904750927968843
6.787244284743537 148.23789876929644
37.56092231195947 4.6370186730361205
66.20567801650115 66.80476508598086
8.871531768939677 0.6161200524665779
6.732672156702086 1.7306762864738214
80.87085159974424 13.740949303749424
30.04121254604388 141.98849785539906
3.1838457199879007 0.456648236790543
6.588248772781642 1.6176416614277462
42.48231836962541 5.600998065114231
14.162615207672545 0.8219130329892866
6.311677159651336 2.1150856585391753
3.556735325075991 1.0400606993619184
3.501755225450763 1.4583790666203025
83.65399359719858 89.52613899024334
40.92722284502628 168.2936781634904
24.236738493595 1.5041818512038654
15.259111910329775 3.1939229641982303
30.185955848898033 78.31232579970795
6.026049735457232 1.1161263228966227
6.663807153602379 0.8342099257164995
18.55665591684286 0.46426593173864034
40.67194680047763 119.7429571542071
26.685767640613903 132.3541309535847
68.43379205966043 15.031939932477263
16.35166860180953 1.07721076058606
31.01491798302564 37.50627081845709
86.57398804596795 6.058301921924366
79.56667687749821 11.170142720928142
29.245348964185688 4.692212875744622
38.72576331800938 3.4562129432389117
17.417550850219214 2.792384974769542
19.95981767671696 2.2671848829573706
8.682313240473128 111.82000929767169
6.456881417435824 114.30243472323555
63.25030938555914 3.38438658108568
89.74023308849569 6.2776795917379555
47.66819713444036 14.137238806472997
64.62643057008901 66.3030130693886
8.236539437750375 1.78546302974635
4.97266053031229 0.8629751321804494
67.86578047758256 10.427030728940101
46.20693246655176 10.00074458969567
12.278839022117392 1.891628441400276
2.107794493931548 0.5804655655413485
39.88223959666544 5.537849856263908
8.790997033232237 2.525005424710851
25.58785882969525 141.02529030746035
11.064202179245203 3.294858021115248
25.834571265090744 159.4229365037411
0.8460533950083431 0.3334229698057206
82.75901118014986 7.461117731959964
21.842573209284815 2.8448827188606844
45.425209346847616 113.88198704696718
62.59240244591207 161.67694802254198
27.798853745162486 3.522173566219396
21.693996839783424 4.667110314317826
84.5201288968323 118.00585880009412
47.90040993106385 3.3373293766493877
48.26444628953769 54.29869738219971
66.81997388306675 62.786559889785764
58.46958876563342 24.337407468750214
18.90537539890369 3.2507657379341253
71.29210081839724 159.6031050205298
34.711315646022086 153.24787349519468
85.07278474575804 137.61039086159911
nan 46.66499761932124
40.925561937938944 177.87088159951892
5.0181774509833055 2.486144653450315
81.50384773702075 73.05340240989098
59.46031225771664 19.925125374190955
inf inf
inf inf
36.56397117190763 147.5230705409024
81.18646684432406 98.79168313635672
72.1572693887135 151.86123489638027
53.67636799910673 164.27935931624813
inf inf
inf inf
63.48606122838569 13.35773887850676
11.497304803525964 142.9118774674774
24.102469122909056 84.83461889844719
89.30542055312115 52.199824002300865
3.5209580241804184 1.4251283816738909
77.16328727408504 71.69418051605209
77.63131612285443 28.223364349598096
79.2088138723507 164.56873879449844
42.44970590857136 139.86003471393576
36.99170046677965 24.824363971222027
49.32464346426485 53.46160658059428
10.750504289999792 3.8152205981985676
2.5915663529322583 0.8788894355373115
65.78186534280242 17.241160948010837
14.196702639709224 3.564278199188578
83.56846270180587 2.2944053405702647
47.90751292876928 149.69178096717778
inf inf
5.6285883535211365 3.0044950038404106
1.4495802758328151 0.24412425280330638
17.155040132989978 2.780611347553247
34.725786883780444 5.329866462893939
4.98159011704406 0.5304251145745127
11.429612163337682 5.233618625259688
0.6226039764958917 1.2059762261709124
28.280708590719257 33.42654459111153
84.13409281596283 32.75243428378348
2.0906675034288056 1.0191907679984435
54.4179293061251 129.90230490645416
inf inf
inf inf
59.00173295216793 149.67426503195662
5.809752759186087 1.0585307737086136
29.256469295663663 178.66760413354987
inf inf
76.66700936800976 71.6491338500264
1.6438506708331313 1.9373615679112826
41.57351821237613 9.502346545343956
10.893962639355777 5.640230082902729
79.6780449731539 42.22486603695823
56.14499205791205 169.00592017362231
6.59977954871765 5.261103998134515
14.735375574587174 131.73668301361914
6.6982880872946815 0.8595530708495768
67.00613321415925 104.56387843594176
inf inf
4.831872000141121 1.6259938971125472
21.17644042576961 3.2323730006846576
5.7614131760699605 1.060992272670566
2.345317149064838 0.6260069014020605
49.17267032816753 100.87924579185335
inf inf
inf inf
42.725028342860746 3.354716893470154
76.74369699463493 164.23150505128802
inf inf
inf inf
inf inf
12.286843363293087 2.558399682143301
31.791906572333925 65.96608472125445
33.044609979360004 123.04320698978867
9.849231370883212 2.6710003104673756
36.13777916129675 13.329316395527403
52.28087383736873 123.1258736349201
45.36071239825205 97.09051891399457
70.31905152563453 117.29388409515626
58.56769226054634 44.62210530475168
61.87170566694323 45.621966209417494
37.23279013407025 17.124129646820887
48.9316023712423 110.73067293937531
14.00952430025193 5.22543957822121
2.7515280956348422 1.1926888531479658
55.15619675326532 141.10642366291617
22.845489946721145 152.71137628907022
74.7078509814179 12.191143976946192
17.455483762398362 170.73711586958896
23.00607893764477 1.4329954980098007
4.632301121044096 2.0981240830301244
64.42263271426013 176.62781202039795
40.2435654894729 93.29209786794371
inf inf
50.831477299259035 134.24438092669905
35.71804959696535 4.723602109132471
55.04898079904473 81.09517251067753
10.647760655924277 1.0501103046645042
34.39399513101912 4.744228606710839
47.063486322151114 155.9239913799433
17.018929879178017 169.8009079653241
42.627341458098165 10.501464165023359
67.2927678049573 170.6406757210862
42.49392433725944 32.5599816981471
20.076782001323163 105.53436046630274
20.93121223483439 100.04947321449154
5.46664642858349 2.6744878516371045
15.000047198110991 176.28566204772068
23.72714245927336 10.765481159536176
17.105293521765304 163.1914667454095
6.3329791621054365 0.8260996597225831
23.831249748938163 2.083909473975301
70.5043263275142 29.794074388607207
5.585517920073657 1.5024321680027315
58.757988354517394 8.762250252805545
2.843872956434968 1.5477242853527031
inf inf
inf inf
70.62287100373393 163.78936559548288
inf inf
43.010418397797736 6.072310094720553
81.51576893886465 12.299555625711333
12.01941444534657 2.204419168222809
6.90834316954962 0.534299702892466
7.1675804084565975 2.4139374631364934
87.38390925027811 114.49018769404877
68.01444632514504 145.2768155537535
76.6451715644004 64.67425853926235
40.25353092954111 100.03522043902399
7.808425936666405 2.6676025549647555
76.01184297396725 170.6284128151014
inf inf
inf inf
9.34751192043226 1.44583442652572
14.21301916492162 1.8213635803745927
inf inf
42.94650628483976 116.42305737920758
33.24695684765942 48.03249874400322
22.354543043428823 7.749448035584438
6.993787816080791 2.900383843772968
21.61210442824577 2.1593219752807182
14.308895973536721 129.90484923704096
1.1388913544055705 0.6437666806678211
84.64700722107034 127.95897885647568
nan 95.84919936777155
inf inf
inf inf
inf inf
86.1339646856082 31.480565253410564
18.64935480688226 1.7715846956082004
24.335587293309334 1.616232174374248
13.816262969301704 128.35937619896873
28.871809147470316 139.1818606443645
51.245235096933335 6.195828041866342
inf inf
41.76937501107372 129.9120566012198
51.891090367310994 147.32832254056504
59.70289608805095 104.72027525960615
22.994135042614584 154.96631513435307
78.28180365461306 166.42206555070203
inf inf
69.54252812267269 7.825477819305393
21.90467910180432 165.43245747668843
68.58396656082328 154.54219939712857
6.243859933251561 1.0033152740114881
41.15826123294655 3.376210015361496
25.048418995333677 28.61327469659956
57.107083022737484 112.67626623607146
48.05646687822022 133.22423598043636
6.748525258377217 103.83987522447832
3.7478414448681163 0.26637355956070324
10.315206259921155 1.6239012513320197
88.70319021513517 8.791797453027291
71.2211075321856 70.30208092641661
47.13997422896398 119.66288473822053
32.124373336690326 171.84460596747815
56.585023977963644 42.504084523502364
28.028381149885387 170.19466880475056
63.310401432945284 125.63568556378678
74.75120927826794 136.0501046543291
33.66290401821677 19.188073155831844
22.75671539826726 150.84077824608804
76.79293704307386 27.162265970737128
62.52514769404367 36.8488557049888
inf inf
44.31841451856928 17.64498221452852
34.98536278879886 5.56477733297054
38.692012078016255 18.01905314957987
12.226923492865593 4.656491955455366
78.21416402864175 141.32705370497533
0.43242186336500854 0.4680161368785763
11.221193260400845 1.2653842721172983
47.826814392441804 17.075863898724894
75.89190885929816 14.905958568105403
72.61932474055604 173.49866242285418
inf inf
31.123909741952502 103.47265215657832
28.341745291814902 140.47937247868705
nan 12.586986513826979
inf inf
67.59589860219225 16.21323717082171
23.776212161015874 11.513458588865744
27.85042231305272 135.95239837074075
71.41875550297229 165.782732707653
inf inf
76.34946206700958 75.53339992424281
43.95630560889518 161.3875707509492
inf inf
49.19252617854945 8.033679996232088
19.7315980732697 3.156425027434809
80.40039059313872 130.00070513648149
52.80935635889997 6.155742570799696
9.773986109686492 2.295709960073385
81.79687915695607 155.8053280851109
38.87942462582289 3.1582311162218564
42.210447871487844 16.63532058260926
60.0556969708487 12.020714857332718
19.43589578512023 3.1260053110872614
24.319088260926723 11.9867093507002
18.606140525879862 6.781210219350418
66.72565122985958 11.075993220734224
inf inf
58.39716724698239 177.01482763741143
inf inf
44.15050318944311 87.63668052179962
35.497281838097 113.48650195913956
85.63318439923839 174.5812811118324
12.72761770953542 1.6610897900906223
70.49761582185063 168.62648846855416
8.405243927484923 5.441744875818013
78.62106609457271 166.1314407811988
79.93490511767648 167.25404810138448
57.682379630899895 153.96475030367785
74.38031631606336 55.61501887465886
65.28034927030821 168.58684528571052
inf inf
87.3417661931384 58.88242457856799
78.79632195072162 151.21436095504922
81.8293252198613 53.44769330726974
26.83214188434127 61.402885892939345
66.76072314754283 82.88781925943971
7.520771964392059 122.09191702633937
75.82374443751242 152.00100293991724
62.96379441531794 132.81697028447147
inf inf
52.70249146511455 129.03837931875572
32.79219734055849 157.82365357853607
87.90645038701891 109.42144952859768
47.87761879248532 29.254791402796176
39.25542034638127 169.5829107474498
51.77481922771227 127.92935075708158
inf inf
62.16653646224272 51.01189481852681
21.170011202414805 5.00754321726905
inf inf
13.40473643283615 1.60031653246932
26.380487307705998 0.569369665594467
65.74688593254507 136.4716117324843
nan 39.417684328622
61.80209883203591 124.88667327830593
1.1840207993481286 0.2897557890958903
28.16745108741471 5.69989268653704
77.442208932417 161.05933000863774
16.01446090787669 2.017890759204654
60.19582429324308 38.610291092826245
62.39516911462379 74.49078885729817
14.494882928376533 80.95280209657032
64.88161403618712 130.53530654518374
2.573452448671792 2.0099286705321173
64.02278831449134 165.19764365845631
5.697735504076097 0.7060302338356526
inf inf
5.66407314776543 1.6857156219916898
13.666566193626705 5.4209511845450375
8.704259848129437 3.638016142105528
41.4784600790681 3.1938913354709357
55.24929813487483 125.83860255211
2.4621816474768687 1.5059765098893634
2.254261472134497 0.9557614108997865
3.978053278203607 1.5347875048448967
48.27639293460413 38.86059071315554
39.62768852474552 10.874803963412287
59.30598476369856 67.40741854230183
1.8563798304148895 0.5373596831102413
12.745690167818621 2.579069609754844
18.33105239652267 7.551626031402737
inf inf
6.610142041938669 1.214288841794829
1.9909925269748368 0.8844536296932178
39.11629737865567 100.65325843968446
17.201675405764615 17.030758201136287
inf inf
65.22851964423523 159.24393868941613
51.18772946013558 173.25584678127453
74.34399201213213 176.24418826414623
12.504913802272199 118.14782477701426
57.23358670239574 124.61111158386569
80.08169508570016 65.04458560016768
74.5678665828489 50.856468947893504
1.996918368519801 0.47853735053534147
5.596944360821218 5.086014871216447
57.84399292706819 124.08151674978295
53.433629324712456 101.04196966888587
60.545102263028205 107.51650910336751
20.42946831419108 0.4419743252049172
76.43824244736852 29.505169560698633
59.80603291879246 79.88332709178096
74.35634169421972 176.56556093131613
8.96694955758029 67.59885885256382
35.94975391294312 17.654384055000893
inf inf
inf inf
inf inf
53.986915752152456 148.88954339171462
4.171509768887385 1.2376665889134866
83.37891082742064 10.820540372428427
7.231160991001506 0.7311131537396438
86.02623321659729 91.49278082421566
23.823577904387065 6.674689623557765
84.53367250826223 24.347772465029802
8.724178644622933 3.212443738107333
1.5239571961312257 0.3486823853330644
44.20440168363939 53.610767097192884
81.87275830142619 15.153487075307039
16.724504301015056 4.358029885711679
7.175304079488293 1.823707843754452
inf inf
30.539601750052526 32.846272141643354
10.481343666348819 3.322396059848745
74.44249281867661 15.047680579927578
65.41865852465824 4.629163193925638
36.007690853778534 168.49289445905495
6.546729485779396 0.6297595892380597
55.1475008485927 140.44787038199405
26.58094942600826 119.5312897173451
56.534136069764585 114.03270937166842
40.914089214271854 90.49443845956583
12.385159120843078 1.4428767232417934
2.3632697347803786 0.6385978105115323
37.863838960118365 43.78779600080842
3.3602146295309114 3.1532847886762467
2.0004984611119254 1.3113343825938975
3.618829887210182 0.7613291434210551
15.902764483101931 3.3149149026341256
64.55620585613899 13.85355473626956
17.122495323462868 2.530817515211597
25.26952310774495 70.1997837424629
42.84342169548441 156.46219771132033
86.67358533324666 135.5517401491875
73.0169385034645 100.07793815045962
47.55831514807181 178.20611018786363
55.34093792147817 83.62446518572456
70.3698238360668 176.71948027096923
85.01188294724447 119.91105949193854
44.759221138091306 4.661187513091577
56.60396750462537 125.80629631623249
38.29912174078774 156.6221946112107
49.23724545550496 177.57157110584455
52.85284930120404 97.4732413555333
6.17557460935723 0.3735258367543912
30.258154865640325 3.1826073816332103
2.058137717976449 1.0985522628129778
9.69774739154129 1.6844407174735205
1.5622323499093131 1.023578315121755
5.524061525997207 0.8825452493436108
73.33647789556105 126.42273879921144
77.38538768292084 152.60877574397495
7.3625874306132175 19.955371808674204
4.249378119133174 0.624979660837563
37.1506457486131 39.01589408677118
16.626506096509107 18.913196783341522
3.8702469614178208 2.341632899861839
0.690647472810009 1.1377308994563815
1.6029868677206538 0.6643959530864101
0.8782728662368648 0.9874787575898756
86.08628533021492 140.48267765020947
52.80716792882781 137.54912751096793
35.64265708652786 92.5585322443704
56.012757228665805 164.05646858209346
19.479973675041094 118.49865711338568
35.03714033408884 124.77287514650256
52.63837998900962 158.65625544476438
37.93903294847996 130.04968623723667
18.36808767757492 145.7774974262375
41.55671977046384 160.2922624281328
65.90055957898288 174.849117523548
67.2287353347045 98.56868105094703
73.5594322699363 167.6146986763009
inf inf
79.78963357302071 109.30220688593184
inf inf
81.24833078849466 142.05689752315024
13.92089212571858 93.80067961560134
49.372252156552236 144.18186959842072
62.69323002238708 177.93024773081788
29.68777108975533 154.98531758947874
47.22051138281577 161.25840460198015
79.90614297905609 157.32893514980356
46.61947986736567 53.28068694230454
20.24706745934387 13.291703239733073
65.13800893722276 173.99551718918644
61.488122362426786 166.50332619442736
37.54434291094041 62.67858017791521
77.91100817190154 1.686062278573791
77.99533467300206 140.19684136263118
33.731268790775346 45.367658533750465
58.11270050284172 129.39545027069275
inf inf
65.27528744536096 112.94439420833793
inf inf
70.88711559784852 128.2631384898392
51.971033984465464 128.67508604366864
80.85120027765394 3.6293541244745526
67.39714288734676 134.94390334992562
9.295024267573282 1.5558508633122277
30.169431563290715 171.1602825847522
39.86958318575047 82.70069190095937
57.41064001451545 141.39207199133108
54.344914623726 163.51369302265496
40.993013383418536 90.17200139440901
inf inf
44.90654023457245 28.60134751832371
30.760719527387437 43.177360629406394
5.942257515822627 0.693782473094632
26.67732553660246 37.74223874153739
inf inf
24.322104439668887 17.041633618769662
81.63512998249045 86.96758047729253
31.92483146335624 15.990015651665267
65.60973557452384 126.49126270199322
19.99027667901278 2.0416531043986956
63.449149811670594 135.02935157444372
40.63509125340611 98.46407503404674
70.68945465561227 176.09519670193148
20.003294963769964 5.619245479141532
46.27723090955908 18.94225522511399
84.93592225973646 141.69005405862603
11.657936730163646 6.9893373163736765
7.943890149509448 3.7549640696783135
76.72927147284388 126.76566366455512
6.278845889579518 3.5431853107640214
inf inf
74.0760221089059 64.58383383542167
46.85072971464378 1.9399573539755612
36.85818647533926 59.10665800634435
31.03646539558079 173.2174588623296
3.018304360641382 0.39512590877947446
58.78292768894999 15.460032221343338
75.86659636471734 154.31802178062927
24.70411455363694 12.92147414966931
80.19389420715628 85.31127899304076
75.83370409736527 137.5768261395805
84.01685370494457 116.79540428568717
8.596375436796047 5.896672202190024
5.841594618489563 7.548260224119122
39.710793734155104 42.38095348290179
inf inf
nan 69.05359048655099
56.02150750901333 148.4888815512668
inf inf
inf inf
inf inf
inf inf
28.83698718439818 0.5014488130686144
88.70793019654971 113.44295990100146
85.76964268240397 64.83911811165373
inf inf
27.40611796836336 164.30963635194863
27.523220056859433 1.3625768314334237
35.08492005136171 75.55685753769916
46.602190141236065 113.1325696579994
24.070176350699512 176.90360604335822
59.75145872817228 3.7793538412932604
79.29231635670692 90.01178162373643
66.10772526923243 20.098625988916854
73.53057391123454 133.7740183309058
87.2435051814429 137.8866942601518
23.258997499973134 1.2620468214094696
17.19656579497425 115.9072439521926
39.70027474579414 61.19103540649479
61.685689258609294 73.69647718182877
24.146505864716545 83.37556391209834
19.589422160998726 141.41426864691715
10.891290129288663 6.196409254618465
71.698230099875 117.45708630292712
46.03167347714673 96.51888665118976
5.537140669839161 7.2487483819833916
62.13149837865825 25.947402111122123
9.911352423423503 1.6243943862604164
53.01977366083372 13.774942433374335
46.57451202512912 119.81698564935972
48.45230798434976 5.787314014977445
35.40757439530002 175.50766538757796
64.91123412344301 110.22251990548153
88.4362026664125 12.370534639251392
16.489850661201675 7.185384664060089
20.414288128351007 6.515884425666237
26.004504700058217 99.38210830157402
4.261457234688413 1.3662964750763809
35.66740756348209 128.15928304202595
5.492526027691419 1.4712723752089982
19.011921792033384 3.0464183471310324
78.8392109660861 156.31104822895153
61.396000896580475 13.007589586625418
32.57675484939499 5.064937093785711
24.29040284569288 5.639424801189054
54.555862554426334 43.30250121257635
16.361939344210644 3.6002985658299567
39.990012532150246 61.8397399176246
5.4882918434895895 3.3132733402610617
63.05553134574089 23.00746940845788
inf inf
85.964344874073 16.549145984063895
5.594722098381578 3.380916186391441
1.7443234909986953 2.6377555042127017
47.063091544532085 143.36347063294215
11.454534578056103 9.748946145183554
52.65741087555367 152.34624459040478
15.825402223782318 146.8306200605336
nan 72.52442542399712
50.61686514734805 2.426283389790818
48.9311447988396 119.88954132814891
27.066574452910476 33.77805260325216
6.123196114744091 2.124747557929737
81.41271366118285 4.718931011005077
82.37161268952306 29.79022107636304
50.005830980040045 60.282330734387344
24.11806395569355 6.549078874959294
39.12842520985595 9.166172948876257
54.17289115848048 100.91132524484352
8.862995062222877 3.1928009552623116
85.65418950992634 144.13332207757543
18.726353669750395 179.00006075168827
1.9105860575061808 1.48204782994846
14.476223448282276 2.5421636299291244
20.982085544819146 124.16182520552444
18.198780401453135 21.095206282428055
75.52909853080082 35.73783879673278
36.641152261617975 84.59323743537401
54.5253074298059 17.191814646072622
32.01739149089241 14.280224331558
3.3965288915834493 1.365778418355961
50.55000700323751 111.33678789911197
47.65588480352626 1.1247899935162782
63.04612294337779 152.7671627907946
89.28274014806127 36.19217303200593
21.3054163747126 23.21269640703293
14.386261016821141 1.288856648098782
78.89975593376559 49.79921248348987
14.222526381286702 6.491618632891172
6.386483724733494 1.0109474291868061
81.88596855826187 171.6946252776607
84.99465699730358 116.6942277113656
7.345791527108412 2.3185180811750548
17.814706893536624 65.33303015231088
25.623639181565142 3.209183137418768
3.611232705069242 1.0747413977282523
1.9652697388822429 1.0077377528919782
83.77343885546412 143.25606389764215
46.42877957745389 65.57898246166862
23.06466437720451 14.482296302685906
0.5143058630623677 1.320964385485328
53.89321937034106 124.54062945013122
78.56815548634926 161.57327575625428
2.1518979453654277 1.26303278855293
8.936445267700664 1.4968851568081598
3.6139049191283608 2.1489311816161187
70.06091255033802 48.533587202392624
63.659757166123995 60.88460365535315
1.6932567681252473 0.8208001841020192
33.478077559405186 66.89117933526525
20.214654186971448 10.49083913130831
46.256845132881494 7.2867150606045445
31.409688662054975 47.027554808545155
25.45972194522983 2.583509714818144
26.579905675672784 53.11473019456196
35.07043212532585 87.13936244721522
65.1039513675486 44.88446521028777
36.18889076265681 16.12152203845866
61.711501023516036 179.28494566386922
66.44686517302645 144.69835678276164
47.079750943220986 8.927921701922736
5.2293457758137265 1.532649556401987
13.37300579225483 2.1308078128782006
inf inf
25.187878571340804 121.85927393935158
21.81524776844942 52.39786702476185
48.5648720521322 10.517463607872804
84.37318835321946 101.30331295917021
89.93831117733207 14.751315871852789
65.59316976317785 145.90154928480732
9.284554534978783 29.120323484867374
56.259421565035574 134.3741766122739
61.08709624423203 152.97279686820042
25.589523130517758 138.2585337988317
39.745425736409636 16.252256072106178
58.791704737961204 8.936822576936683
57.292972574773124 33.881204773348706
3.6512676310054557 1.8049910194776537
13.942431711747455 21.178556187994758
23.621530499339485 129.7378011501155
18.696665263315193 4.281853650397467
inf inf
61.50770692983629 176.66151026861158
0.22376522914713315 0.10431932070593859
10.30285077859827 163.83511072788843
inf inf
75.35324477598304 141.31190960314873
22.855133576545438 0.7986866854565512
inf inf
3.1771853133181014 0.8998953494318758
21.863663584862866 171.8245174774511
24.68391769336054 178.71702707488006
inf inf
inf inf
13.673997064399828 131.87426905868415
7.678286437503234 1.1729539471843051
3.6947026458545307 2.2142787727865914
10.881666928160923 133.46171846487792
66.79458381855966 5.354344772833825
26.926750406627008 127.9950607163409
1.3106717372758157 0.42641332828448936
1.6031519085806976 0.39698266260395765
50.75352940527871 75.8008871556939
11.28765938234965 5.25863553382166
55.244528126548396 20.785463174747008
3.1725238856724265 0.5397515984182467
0.9920813338036127 1.595866717100897
12.558372651063143 2.6683431132701694
9.189211226785625 1.4649599287753732
3.821069786502787 1.2193189700229647
0.5294707885012881 1.0804197286103976
51.332203556166036 24.777522144973638
2.5998862455893526 0.7043000116039861
47.57396549634649 178.93326424035195
4.148031900245636 1.5903791538396967
5.680352374240404 2.5994749270514235
76.08320339897205 12.250290454424142
3.9222745223756696 0.2674530693549516
76.94699487166739 66.33674200937708
58.67479325071378 48.79164548225773
9.45629510987743 143.6043393227234
88.32597867888215 8.323233320144825
5.144015544566918 3.43300253654501
32.465651744037935 126.57376805834063
3.739320485203129 0.5501576443066554
9.948359593373056 149.56703818140252
80.8597008728187 119.81020138091138
34.89271337898438 161.97704809731516
44.23664810728326 94.2616918184217
37.19853525158727 21.736909933825043
inf inf
inf inf
inf inf
52.26734469016142 114.20974956778804
32.23218209952808 106.6458765135348
15.649215103991915 32.850051306875876
22.693426411839873 170.23923129121044
59.542285411841455 64.03404711095581
75.51064726752621 6.312950420320499
66.88162531108757 4.150353115188514
56.03174830558835 69.58689579943969
inf inf
inf inf
inf inf
74.85912995344898 82.01502777471123
43.62143516310011 6.138787764051994
17.22325597212486 2.2713926046422954
61.887316076183865 153.3277563041901
1.2976463394670155 1.3439861191163285
25.682457672846695 158.73251619952785
30.87464177947085 55.290642615241595
2.417056537833069 6.131083198424925
4.50978578547962 10.245884462160587
64.1040313806401 16.883847329099616
0.9647805343391774 0.6830838371887336
67.12953173811637 115.6125977663265
61.05398907902881 169.4647195364993
51.93995614022098 113.40632749504944
52.945914923947 151.09895797873105
48.078078715350756 22.118953547268717
12.78046915509239 0.9921357917054843
38.36498677681962 156.1936339187043
inf inf
58.65564506391687 13.719934565020699
75.90960979322544 158.62681724171148
63.269889626662426 110.39808577485124
40.69482850629706 54.341363448530984
55.82079445468985 20.022207325888544
81.42658745457662 152.09291973473196
6.508649181467546 1.0958725204717188
72.91252678500351 55.98579389973548
20.667605840915797 163.55512901823482
69.34513447552243 112.72866720622784
49.04685587607182 139.82853092036407
61.12742619158894 60.36194004725731
7.344115166180185 3.700937273719351
3.5999011576761717 1.0507510454695161
70.84769333908524 10.886458340334364
76.99507968846575 118.81217022249417
22.27194489943122 152.4021511235794
63.06066843186113 130.836494302494
12.940088296281793 5.480910807404774
29.472272092298795 160.97047929663552
84.89147862207297 16.78322975069248
inf inf
inf inf
inf inf
inf inf
62.22052096964402 169.9602135871461
10.450810108470783 15.235218611913874
68.44088312585453 3.3646871062312402
inf inf
inf inf
34.29258274362812 61.56700396615087
30.509743063800528 141.313725293029
47.455361874200946 99.22687296353114
67.75784566205087 75.25127508318738
52.262832629110605 3.086980461213952
inf inf
63.656254095391944 1.3599527553051705
62.931846973487225 49.68893022485366
inf inf
57.169087591816606 135.49053880318704
nan 25.57364256556525
60.66802493187079 107.35754093681913
5.178394835142883 5.458913031379491
23.236495950207864 9.806652277819985
3.9693484054347388 2.1945500380081695
41.090144351876816 119.8054972985732
3.5706031698305507 1.1049243324874547
15.510459449619646 62.04188343145883
16.849619799753217 2.0348200573177837
5.252178764963528 0.7685517594925769
2.1991392020586167 1.1564519484290612
1.6207235240473736 0.6302384459141644
88.61688829611965 41.44689171432317
17.824553703493535 3.8352612503558747
13.090899627890765 8.006366309258059
52.35147641678138 97.30553094905474
84.48068303543083 128.96392108825975
7.9742847223355 3.3507907737879643
50.53537094625068 163.2899794718123
74.88205184169381 153.2888131879013
3.5786980847281322 1.2820885067683365
27.917434496685797 54.249436211216235
70.55899148765955 70.65945937212892
6.898544845416726 2.4308110326338177
10.431406504415236 2.264921288808884
3.1971306058563034 0.699342625102469
4.077685424297593 0.8364283305341573
8.699571733396764 3.901554970088497
49.98388554424727 159.64228198644756
45.50252599011685 136.1698197099869
33.13641431750096 149.20592852522577
70.34989218481238 22.578648456386748
61.78745134092528 152.98987072594866
84.0046622825173 76.1743480770483
55.98161594408424 30.79684280671616
2.6968668756541208 0.8363249269055972
3.397722774075166 0.5611066742444645
78.34783163144307 12.8780077939871
10.249346238467302 1.3133336003652705
6.984780106976537 6.173452733389435
58.09610577368391 35.76767066277076
8.096327196759942 1.424235968691785
86.5417789917225 19.58763709538621
18.265464646313987 174.92480568825462
63.13039309484183 3.1098912973289563
29.150556289294503 8.559102894570922
77.01723133497012 69.51693024490498
9.371829823715204 4.570236110967074
83.77634866022181 26.99524141782922
66.75473695366517 124.84157923425585
27.826575867735976 4.188042924421946
inf inf
inf inf
inf inf
80.85927603724713 145.65775761568236
52.37424309025731 16.30595934449245
12.645547134277772 14.419135249399877
40.332690040060875 10.653386312033868
28.40616156918781 32.34844144735899
6.867098806419004 1.3198944913984108
1.3915863383484026 1.617728332205819
33.37370019802252 45.752621264475735
49.65383841906344 128.27177616437663
4.169953311310923 2.3225950830983564
inf inf
inf inf
inf inf
inf inf
inf inf
85.8015975412028 21.605421263585725
49.81622742862413 100.95160719810553
3.897240051061988 1.2069554510931015
35.18687248895718 174.65212181818774
1.458828464023946 0.17726202689450848
2.5128308423569 1.1356651516491787
2.9721404282871116 4.168053001558313
37.22657751538846 4.856961141488339
17.86056728016362 114.62335315248271
47.80803445441549 123.95330683625889
inf inf
34.870533489712784 2.976874049266117
8.003812326219297 4.800568819124284
39.25318064897286 86.85251964574431
23.230427953113008 167.79840517759405
67.88923822966161 80.3693484751173
5.744746580893965 2.2577685739751154
63.215780456605515 1.9075643068457897
6.9757230196052555 1.6014780465454101
1.6917328060741093 1.1394090136110724
40.35530566646076 9.607909122743328
66.88285213654466 130.71880620616227
15.338887619375972 2.383147519514596
10.645840471159929 24.24272832824053
10.10354981187809 7.790394590918193
59.00229093947715 143.95425239158217
64.25663058354849 178.90714527239803
42.58927184189932 152.99368659519357
nan 19.23518047663577
inf inf
inf inf
30.621787172990054 129.40704373782413
73.33341002266785 7.062055444214175
38.63222294016339 2.35035338983784
16.786040970455744 8.633585550350581
11.079724261140342 3.770933889480092
17.79248651007136 1.64133495311526
1.1069845514676355 1.4077953421452458
21.459796066851997 22.648176181742798
28.548360193130833 79.50134187252115
52.213410000741675 14.062786492546119
6.46092903499673 2.8059130371331262
7.98299227462706 3.1557687695790926
41.39858533817312 101.41853946509605
62.38463025626874 10.95547442561844
74.04643466254868 129.3446641239534
76.91112324003932 168.17425212202195
39.26955381114195 165.48133173824198
19.06648281027164 4.480950374684539
76.09783469182103 113.15796442825943
59.28571780527575 155.22720791838734
9.180470420304937 2.929617061441468
59.83385712779676 71.13396833838137
25.9333740114553 147.42629604698612
22.99477208891568 171.5064445292203
inf inf
89.91706826140238 137.40596492671799
inf inf
22.822542697107444 50.18021949030883
14.294151280039785 159.8144768452528
10.700716384721751 1.3411278873735564
39.90141700290167 3.402105265756974
inf inf
4.28586568665743 2.6651147728874607
4.317978301092631 1.3990341855366863
27.620344322140458 7.64782390156486
7.273624146481617 1.0567827387585589
10.340713009990498 1.3372296849492833
85.08358287275385 12.698793498752027
7.9934888031383835 1.232609269652811
29.27581583906606 3.1428770451669594
14.836737181134378 1.033787232167973
32.08953780140505 3.488010850318771
79.85726313503932 39.746288686537476
21.677025172266898 6.447571656856368
31.833756844805656 6.406026343660541
inf inf
inf inf
44.576790269460545 144.8897775913039
16.846125845958273 4.7640300262423825
79.54942848703955 178.9563607803514
76.57156754878046 27.3499047817957
36.69469261853647 31.764879716775276
77.82985425334715 142.9331700319054
52.876699422504544 35.10950665831709
inf inf
inf inf
nan 32.46073158979346
18.009264984297626 2.0411231541906583
23.359492406650446 5.1516476975620344
60.357853175333275 12.595823388673006
64.66327727895325 175.44314696150724
38.417897672669255 19.75606053272532
10.348758833199344 1.3886339965288725
4.3304958898170804 1.9456345291433936
8.734512746967578 2.151956443865427
7.908691627786766 7.355741887021169
17.73949104805206 12.703807253855858
3.9511004998971804 3.5924435636252525
7.024118762285255 2.709749572469547
9.972673220509396 2.6754023149536605
79.35044737832123 72.05931671114777
10.137859256065083 1.157536109553325
nan 71.70595524715561
30.365914518618887 25.609444474961435
13.95981861555745 2.5107246972006205
23.66476339166259 18.90433833105695
6.988414403448417 1.4834204190697968
85.26765624948722 6.797336478160284
54.210415098394385 1.9676201994592055
7.232569256415292 1.9092553747714787
31.018460582531418 75.31659425556445
1.4358683106060066 2.696457331077051
15.076312899230302 1.7176806373832598
89.5384252731416 166.58392599728938
12.307864215451417 4.8489184530023195
74.14337820429472 166.15177945574646
30.885076141974046 4.570422060390776
9.668729217902973 3.3148952275316463
17.375982618395174 2.916864314798953
6.625157176497561 1.41860969056927
78.4303341223896 61.27048278516579
10.66096165464411 3.7590120959487034
1.3645258407099408 0.8439545173591919
3.965572029735711 1.5241785850181668
27.192079682408 28.80804786324842
13.639454410461981 10.682976112997736
11.48566185806956 7.690997164921515
27.678442451741894 58.489899782840546
56.52339829815342 165.13850063794192
4.295856758049621 2.145220492469701
50.28267250370533 55.21944745473134
53.49376658496314 132.07018035388717
38.840328376505965 109.68010018550822
56.205668021788135 24.114430745510926
inf inf
85.21116179996812 4.5898718839583506
6.965537217193709 4.480537041254715
39.55530118901014 178.53179566580275
7.197773390222332 4.7864514647767
4.4460306930689 3.011186108745386
74.87970981912346 136.74859677256399
33.53395848529612 43.56780059628455
48.31961353657796 151.61984151986272
55.40100515472608 5.854400557034617
69.378069259389 46.30631022377261
4.063946928528685 5.278711072630639
16.295307153843712 13.8910936413051
4.2788369037679725 6.89679766036233
68.98647100819727 136.30388215559523
58.262551985519266 20.775187148098176
5.270191307155684 5.948884060949948
5.516748499610547 4.410572047297292
42.584804560034 126.71910137184153
inf inf
inf inf
inf inf
inf inf
4.050899818959526 0.6508792388218373
35.38155031608994 133.37904954370526
14.25686903970437 3.8474736936449725
9.938165523497053 145.09528720180612
40.74049504290073 17.579748313378303
9.1491855898743 1.3857304156515375
69.37668464343606 9.063627535934584
51.469471966467516 50.14949141105013
30.933090212759563 1.6146383065702181
67.58018323929518 6.72814429782847
2.0423012780110565 0.3189454140777733
8.722468146880576 1.5473514339856047
14.473987452850606 2.384530824986667
77.94168679861338 61.76257511230988
43.24772366020158 174.40625473793256
62.7882364610416 167.5241716627788
2.5196240429065133 0.8918189882780696
82.58815912363431 116.6088709552108
18.897294348780093 12.087752905469435
11.827364930842824 6.89261060301348
3.3757685737290606 0.638244096447637
77.86685705923604 139.25241312986668
69.0060609617069 83.96582070577917
59.7507161896076 58.86998671207838
1.5483075930230192 0.37430648491658086
12.71279383587692 11.220225482671452
31.50833095765209 126.48129785092064
54.75304940516969 38.869123920769795
48.94598681151798 56.57431818952105
18.042843279267277 6.329023370786393
33.89969009992641 154.23207630249885
20.674528105624002 5.8997352964815395
inf inf
13.555220733431046 26.08937568285838
82.10244038587854 77.20855878217608
6.340670192598928 1.9078207841663133
69.0964763665385 168.34682232136834
inf inf
inf inf
inf inf
1.7985925702601557 5.2239330513430495
28.17561040112453 13.334347198956657
17.04334936991031 161.67409252250934
80.77603862659909 171.48101659738836
7.342833014722245 17.80653597854029
17.186351857246763 29.438024061568637
77.407031454973 9.759289395044304
58.854464197999626 4.661358587107935
7.06649904010902 2.0754435910229048
80.82736082694653 114.53050127815068
86.14375612813843 108.03735819925981
51.2394379365671 151.16028330679265
3.080473197388619 0.6431176544958803
59.22250125765382 4.877863171929883
16.91368289077365 11.526435413001844
12.107694971372078 0.819668987948948
71.27173134122837 7.85436180024355
43.04661301224576 145.75707315225523
56.66056920994523 172.17146039501267
58.09697256292529 7.251223293666314
43.47497544925136 53.24349207931184
6.590581103710663 0.6889820145966288
38.41657993068595 119.56743862007887
38.22086244750338 12.624400422136901
9.408533355217731 4.835719715053899
2.4545430850299543 1.6186360833499283
11.06694271569063 66.02515290742994
28.27923070182357 6.661940166614137
45.40324655777386 155.6413359119172
65.03983028771874 165.92126599513475
6.681222068828922 2.401574875850914
7.182549724674428 2.096049540283768
8.181755498295571 1.4997776796187603
5.160011216881301 0.8746593930225887
2.547904418485044 0.8641583318730692
13.185387356932978 151.5869050271325
66.31030403780174 16.784830529201773
5.945164952241633 2.1832718038632986
49.696308357668784 121.81869537738456
3.4849945429141416 5.592153226257304
1.0002509624235554 3.6260838071847994
2.6468907603113396 2.440156788552918
1.8256278466758522 2.152886372309104
34.12731951774508 24.98523217121683
1.2663700558840598 0.43376493095581553
18.23388030465717 2.7277353736996153
17.216057151805796 1.3616017713114965
76.95897107727487 3.1526539324303218
42.027062899109005 2.372369105903997
3.228039282099237 3.9045419231449223
2.818279007938678 1.4535080078125133
11.846221884184189 3.6520903380652574
21.601422934319622 2.896009932415994
4.399711231077018 0.2980540277194761
7.956467149094045 1.4981949281431821
17.834529537027333 24.771706937166435
11.137105683070926 5.53942692525398
6.67987107478747 2.459620193257336
55.09567851506369 13.878941016687207
62.813727071504445 3.8601637997806173
56.51742870181603 159.0707478609575
35.22823663270846 16.89099527728343
53.44569324619435 21.978424145433568
11.502733153513793 0.8700506961266133
4.446869117996006 1.7737681265806864
51.560285516834576 15.019649694622379
45.654761954958595 113.25699676635628
11.991600943427969 4.467964459235733
11.633051082154196 176.84868923296577
26.872702451762702 41.963396824939544
87.27946459753706 66.45270144683187
13.412791396797552 4.469614420190121
2.610396106794497 2.855925908407159
11.31806531275354 1.8105444494804674
15.033734448449668 6.176249122873926
78.13921963439755 75.93064920572739
69.86799335469433 121.61564804105876
8.550455503116156 0.4758210588859397
2.1886694631825745 0.43298957311222325
2.8786842765449516 0.7682657402971396
9.860714111193337 1.7275897663602935
5.534476943811914 0.8614753981497301
23.674208487892557 179.38470798179495
55.261541844288196 148.6360965899692
57.126985605682265 112.23457687236522
85.02086151914898 132.77482720992586
81.58465434448252 27.289157167161434
78.00116256258741 19.423698540780478
71.17984662818483 18.394524521398726
6.514300702301094 0.6770975767253887
32.12490350894036 18.53548887754948
6.758509549260532 2.448503982224765
81.37798284927904 158.54905963106816
13.29512662798181 1.2748333687085016
8.785437712867 9.711084820258193
9.25741783103442 8.46787261950602
5.621725768070544 1.604167788167331
14.680552627551316 1.2306203074190916
3.7109845479490544 0.8466375769689858
3.598653689329739 0.27704191056935384
33.303677204065906 136.02180923403196
38.94652053658054 4.536760656886283
1.2596156964016123 1.7196093670755672
14.96937403709673 4.3733823009445025
4.839306436649577 1.875825441294511
3.7699471272198166 0.7333658691601534
22.949621993770183 106.0336644422597
12.650429846550855 17.110635792279254
74.55350792515827 66.6996465280586
65.0097807325652 148.83665312230514
2.4770227522911514 1.1579038068654026
44.358930473349744 124.34325171299179
83.58150305562617 136.5088272706441
38.59501915043495 81.82079821390244
51.9109011501797 28.79356425870299
52.86910252811791 140.59745286882548
57.90512475226163 103.16249243790597
88.26970215600771 13.742967748179574
63.87120926985585 155.10999467706182
4.570388767888993 1.7120978105284816
43.36351504555523 137.50372257496556
4.0776922051757705 0.6963937578805279
78.32380405307599 129.15303432170097
88.85264628027394 145.00800971848693
67.93848966870537 115.01754613476024
26.085290547570878 56.10824809634134
43.92237885308181 172.23999709499458
5.654043060776703 1.9913294992062807
66.46489122817032 126.87652990417499
60.62649064831437 125.8268058997522
3.5887161535389285 1.0528633674067167
50.74052307823714 27.28895364960562
66.12146368588125 70.72646837469345
87.92503612186428 153.01848618876585
68.1987183548241 151.39601039337668
36.37957644986893 2.7927922278809048
72.92239828863252 88.01940096935117
19.54835735480746 7.3606422348941924
56.11915924389709 124.5865654026837
47.45305144908534 123.49685137695297
31.150759183513234 44.56277934933812
57.02537160570494 8.299461418242503
70.7568998791095 123.14130993054398
57.21223456836395 76.45331233559683
81.65551098711151 96.27698296922826
80.1378061604359 43.34347477551716
78.48343061064415 160.18515179765797
7.525428329689966 0.8845478317364927
85.210808120534 150.96913160248036
2.712596950849583 0.9300497743651873
29.081051121454237 1.766739637961339
6.752243091206506 1.3823203363055472
33.37906957717537 1.2999371507133577
11.821799553407601 162.17433317609988
60.50082075844483 171.23810479221376
76.04573130169177 175.67717779211645
39.59509165629939 10.500062966367489
50.58218373858773 144.2641318582317
69.57366027059263 76.25425657848699
48.52913470363711 39.79915704932076
5.034144317012311 1.9764621428591804
45.12059577427536 11.527050720972957
22.074246164031283 4.452663050434471
8.211198371021167 1.3551443730299995
5.140739490054935 2.0130263921647695
23.087747796706655 18.02207964624942
4.685137695139086 1.5772826405433853
1.4408942668125537 1.7600592356040456
1.7417263216937948 3.177848285907773
8.582171402282679 2.5437214170385154
46.39461134577784 8.189073030385716
26.283927068974137 13.928161150068163
10.342445285235453 2.808133204227843
84.57311348822549 35.92523950030699
88.55363039841569 3.936471413405208
24.466162944042104 25.98846663519765
59.790380687764014 138.20581490118983
7.189307471283079 1.1836348247582371
0.7802399320343609 3.2221209623463523
17.286127139139932 2.090133046061941
5.700344680751683 1.3671098254970127
27.937921179090836 128.8501619492414
37.95754601972373 15.313644146352367
49.61832827299202 129.15510460052909
4.784913311279066 0.35308190373564663
5.824095003004769 1.1942399993100552
5.930356919153622 1.4670286130044246
3.538627039188593 0.5546805550963647
15.376692979863009 1.7009349440178239
5.320256586844591 1.1202856433373436
2.8676266299355953 0.9443026493973887
3.2133485039626084 0.5972994952220678
4.327985262369195 0.9788174326590888
33.13136517700236 10.498496760650331
9.946842202379639 2.42097935488126
2.437327315560953 1.0361080906287177
30.628051045992578 11.341692187793742
3.2921474217110918 0.33724601976274315
3.9102085650978995 0.8612056885303948
2.410016663297025 1.052665056196177
53.61363834957184 12.813794527915366
14.481808553232877 3.4780551248291336
3.9702380475259025 2.3006620817148185
10.146843121160634 2.042477977551844
12.963985314626008 2.5977027688442678
7.240763488023717 0.4512774653071455
7.649189359211632 3.9727135073454387
8.015343498523542 2.36265202277964
7.827728022834862 1.054340529551908
18.479124141188013 0.8268923144120351
52.85011954810761 13.405696556777679
19.506984027594388 1.4503969845466678
51.089659041032974 157.70351063063902
inf inf
75.49787943958704 178.56324619560317
73.12472960768378 178.03926467144092
68.02076356457236 131.98902650860327
80.9695879077218 110.5287186249617
86.19689043397048 87.25487321286676
67.686932481216 117.5881061977806
80.51008305437827 96.172710181579
58.328982032320596 122.22977885911479
77.64920112442223 170.57963205843095
3.2250225622481095 3.795840755264023
63.3795698042117 46.63830844024215
11.876532350491736 170.88412278140905
60.58388010410998 168.4717541846307
5.411706108965487 3.0720785441159175
16.349733778825893 69.03128892475029
14.579204811346397 1.9299908213610766
45.03212398503233 121.29187578566662
75.690090553473 140.12704219436532
88.93938162526476 128.8157228943552
42.53376541310965 168.6527086192334
56.095135732500495 175.96413795701432
69.73064996887906 23.316222871704674
81.38620494984427 37.84360215128322
85.36412797140426 179.40517947300518
2.3914379282857245 1.3411290505728546
15.469654333585932 53.93773030555928
63.27087548993223 7.010256933603711
63.70986002168934 19.001686429352997
14.744174044871631 5.037317357528242
89.12930487437153 69.59735633252528
34.56853779032624 77.36335896001178
23.661960075174477 2.077392048521082
36.67976774146256 4.49645029182585
3.6879310634126172 1.4342533357040055
42.306881193093034 174.03523420255615
85.53734280454776 4.948298991195097
27.4077872030592 8.026586458645525
77.68761361526464 174.1959680388394
14.353155220920032 0.5604068952173056
20.607179493772914 2.9976278510228758
inf inf
7.8470300956131025 2.2481134082890772
3.6538555357257807 1.2401888847816067
21.783489767817056 3.4498389526711244
8.906806926559304 2.5449294170664287
9.653855135962138 1.7968386159519911
74.7775162580635 171.10336713960527
83.25835155248107 160.38487402220315
9.268894612127376 0.9487447174300497
5.207045209880178 0.9316996394755699
35.94594632664548 5.536847900983056
12.22350853174089 1.366360922344325
40.49917535409436 2.5743574305527877
83.80068062725627 18.301332943662686
73.5461758730373 32.28623879539083
58.01680953737238 61.231840731416725
inf inf
inf inf
83.20819324696264 23.037050908661136
39.640400166542605 85.53240135342257
88.70949579864806 37.487372932472155
74.87115713857675 157.2233005588023
77.2818437476705 122.92727457159506
80.67449784472424 108.07864628877856
inf inf
28.37069322713302 8.892336235003548
33.75607170256444 154.11079837996252
25.75238501065172 2.4655339211573994
21.780085205446003 5.274530534630116
82.72493286922877 150.9046553630556
inf inf
26.969351012906767 48.47148959723019
51.51116307429652 128.13808002649282
8.915851187255015 126.67695136269167
80.74263398451193 178.9681030115728
74.31637503557344 159.7822943258204
inf inf
50.45638335672136 153.9082927470962
17.52643988372695 68.74251223883094
26.137108966799524 31.375975602939977
16.975664514470576 84.08946904508856
86.73486311759405 67.15523667866597
inf inf
39.32097454320506 142.7507930094455
61.621119407829354 35.764351071486395
8.537419537359396 8.769168796231874
