4.330007196602672 1.075600750635566
2.672993847058178 1.933707950577603
4.6075283792564194 1.2489019923242737
1.7218513114995728 1.2229619150812308
2.50285283280921 1.9496867785403267
5.804843460684918 8.728430170424483
32.5722300277605 2.321951558981068
3.8033101631760595 5.142562991881034
2.9134758732139505 2.907094851008279
2.187835516047493 3.0814352911446035
1.392170837937396 2.6964562147492828
10.271349145999238 3.109097892594094
4.753030099161949 0.48807944243873935
1.427277863206643 0.31606646022552143
46.2650661308051 2.5895107196492093
inf inf
23.512636245524057 149.3156232322426
nan 5.445625870726254
49.74353844372745 20.62158939450913
47.21616602466045 127.41527188899376
32.35035611248059 8.584358191844222
6.543700065057149 0.12410578153231527
2.216687271995688 1.2128100498764696
7.5820631769400695 1.34025525734199
3.5287507443881796 0.5527492166852407
8.1125512413305 0.8244227849019846
4.859097054930185 0.463917888419182
18.712664163468034 1.4589152051092018
32.7479778372267 1.270163575065222
4.420214030397393 0.9858647209042471
4.772385692750991 1.0593742153603871
8.509870144540477 0.7781534206295322
6.650020461995818 1.4327167599109067
8.357745892798162 3.3780589214361236
0.26757089448863863 0.4576469377930224
1.1846713323199254 0.8246291498771837
82.21412327141189 139.95664755772518
2.79800279756816 1.2012540856226224
15.828484344270919 176.913731501016
14.358284269604951 179.47007193537704
3.6124235723035816 1.1012045896184377
15.758891750090328 95.3012254008991
8.475686088610221 0.5240042413121875
59.8165191264343 32.123848761698575
11.26734363144995 0.9670052882410033
81.07768024111544 54.70556365984465
2.976176030229473 1.365999300678674
59.86304050143902 144.33376481888735
77.80817659395356 155.48547101651232
1.771779548939695 1.020012226648555
23.56516725784408 98.3340904665423
43.82371806626134 92.59535717304163
55.64213773781246 117.57161149123957
72.78284646653286 97.46410576161917
52.08576808495086 109.69082023982014
72.5761980053677 14.666936974068493
32.0686555844853 4.9423255770987575
9.844167266581012 0.5213775329824171
19.706371918876062 1.57887408504972
0.6366644121875193 0.6113655900205645
31.79880538630546 24.76314870118293
68.28223965677927 26.948134080904023
57.58036500190062 101.01304488886707
45.24341086160803 43.04473844793433
36.926235045943486 167.88393758727153
9.027701156961218 27.392288255377863
61.076495589052016 135.16858830885258
34.8703885681669 113.45384676842808
74.25653107890535 156.04929666938125
73.92625095144669 108.08491439223404
88.84235367330547 63.97072804347026
73.75631287099615 12.588114937756817
50.470406821868025 131.38758047917588
85.25983532408004 106.35295282955958
inf inf
3.3404876095347245 0.773961571393126
77.23760155151356 177.37630392923953
15.803624393384231 12.513570737601873
1.599434433641911 0.5539872837311032
inf inf
29.376009409531207 117.25468048886229
85.54843947819849 173.1106971941123
68.50479394908234 142.70744776826888
4.025631363211037 2.530906392556647
51.37086416579928 118.6182380542905
89.20497922676907 161.69616273354086
34.949690988876704 3.8413987595170362
21.253811333561046 35.622653082231324
19.005421987943542 6.167790896458043
72.85915916905284 11.7442818266485
78.70484794535851 75.13768088742485
73.91330771099072 162.02547901488091
75.08607323724803 115.95175196311182
76.46307766423917 155.44650542831891
inf inf
39.86337088958118 162.62194932835177
inf inf
29.289053866303192 169.02269295367213
19.290114073322854 1.940903843616929
38.44421482580722 178.82262687386776
67.14789150850669 145.85338958947074
2.008300008253858 0.7497520268886075
inf inf
21.039068499129776 17.189184466066415
22.162838180672278 0.70696647901394
88.2230379123716 21.79492958331495
43.8861866708379 160.38769157195082
77.88625692420321 177.88021134268143
inf inf
74.95163476393253 173.51106399260726
89.4005691178355 175.69741782547862
44.67521720659397 121.17536804065972
47.49435144962541 159.3696688809995
54.128478454324984 110.27924567916821
inf inf
37.52853661422052 39.186739672237906
77.5631726872581 105.4995044201493
1.7629855695365098 0.21387700529014111
inf inf
85.56800325883118 56.89873633765391
3.2690105773467613 0.35423544039212795
inf inf
inf inf
77.1577596203408 14.269051887008604
11.2273095550084 3.573688870331444
41.771734351101 3.9955036127461243
20.28829925751753 14.683764982189206
64.21011639092035 163.67219270818757
43.43436717843554 154.49358876589264
19.277330604930444 2.8505595842353375
21.932201705509527 141.8834346326928
79.65062984320907 14.615667274220463
42.807831148660256 1.3622772998884325
50.43278631846829 2.503401876059821
10.628002784643854 106.02884061212906
6.276285830609355 1.225097858930749
33.41606650675917 142.6584176847465
37.12960471052355 8.45438360851745
nan 21.726702739377483
33.44261662736146 110.00372195922701
9.73278089625887 1.593552920197667
1.2800893641157398 0.3396526607254767
1.6578363057691066 0.6603725274952783
6.821771800425694 148.19696177862878
51.36669740948646 5.895004973485767
87.40823467162545 43.22212765511216
3.52450102411556 0.3581950348081992
38.43683698239525 7.860868215269474
82.78748219512946 12.488284333719292
29.85900136745383 126.76191484169468
3.460592567421747 0.7022025018846973
6.6678320358419105 1.5906809757629972
14.470341396708944 2.1665365786892488
13.592301870835946 0.5039480694883963
6.295207974354438 1.8379410892558028
4.8253796859521145 1.1802042797397447
3.896643731166713 1.5838518124544638
63.51251515070571 82.49409644164585
40.927720280436375 168.30015801054233
23.90837242400794 1.4618682262279483
5.895047326341177 1.2397019932665316
29.984974075305757 78.68317001970372
4.584463158028635 0.8909919334144476
14.326805645260249 2.2069603256275823
19.076607879045618 0.5079976864505813
36.977809468486576 4.016180605896929
28.579373239588932 128.20941417452505
19.98608831085201 1.232911462730461
16.32877764310305 1.0375136843498673
40.82477908061716 43.24117999474382
89.11171476836252 5.604099201884223
82.36148358651728 8.043472530612952
27.39352949067416 3.4991469404222246
39.49709974051975 4.497040750457534
17.456421869060605 2.9267248215720216
14.501024024620122 2.0144956592069696
8.61935806445879 112.00540296952956
6.566458079833069 113.82258112763824
63.25030938555914 3.38438658108568
89.40205971768026 6.257051245538316
58.62241338838798 5.3087271609345335
9.657104201872036 5.793616320690652
11.745222677339097 2.9329477102202817
4.996655076526287 0.8653010740543949
5.890224184840615 0.9557568374963076
9.300351133525588 4.253690480831279
12.08251401114857 2.147907989434427
52.87694130147375 44.714239516941014
39.79677992910797 5.6196657018523695
8.990356005827023 2.5943409832194084
24.353481724245285 154.06605390726756
9.857453695004766 2.918241101152014
25.834495864989947 159.42267226794425
0.8252782778191935 0.3186496367186536
85.36594667557694 8.260441831749175
13.198090004237018 1.575162027137246
45.425209346847616 113.88198704696718
20.50446237499848 8.752749611604763
24.906836550848574 2.2099715310718695
22.571456227122248 4.207599917978035
84.5201288968323 118.00585880009412
46.856467443550386 3.2876978587970416
48.23096845737577 54.704993649467276
82.94622798539494 136.05095030464838
58.47319547290661 24.336289847409294
21.02672188185868 3.781209645503709
71.28589276783953 156.84532482243995
34.71131452031244 153.2477448163281
85.07278474575804 137.61039086159911
nan 46.66499761932124
40.925561937938944 177.87088159951892
4.990918712863779 2.492933190236892
81.50384773702075 73.05340240989098
73.5840546391407 20.1678845422509
inf inf
inf inf
36.56397117190763 147.5230705409024
81.1790023947595 98.79064780454154
72.15726935304029 151.8612348353307
53.675990053865334 164.50350046948878
inf inf
inf inf
64.2875288546521 14.159876601467925
11.497118790602201 142.91162211874644
24.102395918924152 84.83472797213359
88.88549936915166 51.64923431973504
3.2792913035106026 1.332710230673938
77.16267736112815 71.69485489126141
14.590437734968274 6.843869095313719
79.20881342970749 164.56874232207383
42.44970590857136 139.86003471393576
36.98646353476689 24.862448034161044
72.7994849542679 11.519001817762101
7.621980838714297 2.6668454274342692
2.3810545504550134 0.9385901085247652
52.232396016168 10.642607475912394
14.590476213109136 4.036364141619477
83.52746601683648 1.8331338512038888
47.90975898489282 149.6938782213797
inf inf
6.099880398036128 3.2132327831593646
16.776785550271665 1.6520037459498216
14.451470435000077 2.73425891078662
8.346379126420953 0.7454545092174037
5.138439195759143 0.5363170648659359
11.44498178420823 5.25232398101727
0.42661002781135654 1.429947372432637
28.25727176588694 33.417875314781675
32.7266526505297 156.25053910226433
2.3919603918636865 1.2014548553940603
46.77004102475422 161.24814328614045
inf inf
inf inf
58.433843977878794 159.76226164099606
5.1147058530977985 1.064505604585351
14.511984874703472 144.4556726772129
inf inf
78.50311632657746 68.77326834737777
1.6438520072523257 1.9373624558401783
40.905489042304126 9.259111767499075
10.709274352992423 5.503360877165251
79.67944917142255 42.27315495039663
56.14502205593041 169.00587298932942
59.57189231732687 12.98409909603566
14.843007160101594 131.83024369414068
4.907515766787598 0.8311839556416254
68.97960670374889 115.27449042085672
inf inf
4.810278993387871 1.5896734916848936
16.50205904637493 2.4719763843958553
16.125115819343677 7.139609444494806
2.306666288875564 0.5944854246934589
48.847742123703455 101.56916239265877
inf inf
inf inf
42.63553401980385 3.363399987891953
76.90655411430332 163.22883360603115
inf inf
inf inf
inf inf
12.231743716375066 2.540803622351615
42.616724624211415 33.36548790812101
33.114954424562136 123.031496030803
9.872935694521 2.6735536867110365
53.80505201084621 29.734068192407157
52.280962984744704 123.12512272195339
45.36125891833689 97.09592628145128
70.31909546089936 117.29426918788106
58.549847172054214 44.790782659447665
60.844023919070395 46.22461338177602
37.23279013407025 17.124129646820887
48.929152665126985 110.72546946343279
14.046443114524296 5.237972946571981
2.016077897529726 0.927296205696095
55.15619675326532 141.10642366291617
14.014229055556857 13.487346116926595
11.298711852727696 1.3864140188454732
17.3471139640599 178.73260211242513
23.69759998126174 1.4117940201873322
1.2248258743838443 3.069681689258989
64.42011123576764 176.60373564248516
40.236620911309984 92.95336754472005
inf inf
50.831477299259035 134.24438092669905
18.971952497778656 1.9444987759083832
55.17068599560187 81.87220905213617
2.568139324640571 0.5868975629125959
9.108808396235597 2.9362535817260995
84.20871850747717 91.33466285159776
17.708282751005996 170.13730954924358
13.683969627211676 3.7207031371863377
69.54053871577233 176.30839284702313
43.45005607397636 34.26536410871533
20.081485963514847 105.55439027872676
20.932172921537127 100.14267689416532
4.997119470335728 2.435527648310268
14.999292020567822 176.2884995782493
9.600371641122278 4.246952808675409
17.43994744558657 32.27070866862152
6.727584586990439 0.9686626821931
31.286365831848343 3.581407954618365
68.78627366170062 28.879901284994002
1.6667171728144814 0.40313702354605857
58.278723932573754 9.053547850564591
3.8259654862828256 1.2580691062884706
inf inf
inf inf
70.53856900972534 163.39817107453666
inf inf
81.16179445388259 47.5978707852825
19.153804218752896 3.001616038757124
10.426952514043657 1.9408248294260166
7.2877603333604615 0.8305013016408027
3.600250030273656 1.8815563644025253
87.36852132070362 114.54795450122786
67.99088022077034 145.28314831060194
70.85204461122159 113.3338246244378
40.46745932769366 100.37755515290426
16.290920661069592 4.266306283044425
76.01184297396725 170.6284128151014
inf inf
inf inf
9.256968878557839 1.1150708533019815
13.84291576658947 1.6980196299612653
inf inf
42.94045093684835 116.40325927665826
33.14750926604617 48.65075986434519
22.307016986637002 7.7073957825404635
5.935686556160718 2.6664362523415726
28.044532982737035 2.9476544027837397
74.26369504261069 49.13876197261946
2.5530691572012145 0.7976955029670575
84.64700722107034 127.95897885647568
nan 95.84919936777155
inf inf
inf inf
inf inf
82.3029505244846 36.104427996056444
85.64156708503157 5.431943498753597
24.514144527939713 1.607579899613507
13.886438763176471 154.34809569988192
28.950279625100592 148.81073214154287
41.75449907491089 5.254772684004789
inf inf
41.28586037379239 146.5865787102671
51.656257534980995 147.72054699410157
58.53925788220041 115.60768954445768
18.31636333119214 164.85808427621575
79.20526223427153 118.42044156051571
inf inf
68.47426924170732 7.473121885659957
21.90467910180432 165.43245747668843
43.98071913534161 121.50097869451635
5.521741954521306 2.2993993480406907
41.171378541995985 3.3854810299162326
24.98848442180136 28.500265182556774
69.14535340629484 71.64408146475392
50.32841414631753 152.5746744922685
6.752132432961751 103.74812237905972
4.153953426622865 0.35341729288782603
18.387083290298584 4.7945012841325845
88.48227128891833 8.703929436364499
71.02777245664778 70.39006051879667
47.13855614695077 119.65836684985575
32.11300391117524 171.82495126378
56.65267496977434 42.76495401595182
20.290154941618894 163.692554282091
63.30900849148808 125.59539525070718
81.06134844585647 118.16084308756655
34.55746591825319 17.49494704465298
19.741050883832855 128.02403570428498
3.3244991105455117 2.8805317056945197
62.48022691781942 79.61423876932083
inf inf
44.757385267717716 17.8231459247399
36.32941813310225 4.4037819944601075
36.66974231752902 16.1909489050981
15.069402348498057 5.972593879514461
78.21416402864175 141.32705370497533
2.3242669958338307 2.1566790158370894
9.51424759557006 0.7926627122658226
15.478725765581904 1.6322412042198602
73.00461149618768 13.689650201078067
72.61932474055604 173.49866242285418
inf inf
30.151115051562414 45.234839226366226
28.34174509507767 140.47937205027816
nan 12.586986513826979
inf inf
67.12986918427178 16.01777851806732
26.32975674289125 13.286343908564092
27.84864478302839 135.97013965632337
71.42323198837282 165.7825015958
inf inf
77.09489457047367 79.07449703596056
43.95610263575065 161.38618085591946
inf inf
68.16852007318357 13.539753722262953
40.318759677706446 9.327025592131852
80.4038863028572 129.96174221584369
52.81629212569215 6.1439213227810345
9.85113065105546 2.4814954770923934
81.79688960204014 155.805323280307
29.438659430005227 2.582672709125775
43.49860245872196 14.97478494737574
59.986183539853954 13.018227937636235
33.30245769449831 4.171509054294044
26.899849276857513 17.97346677455597
17.608849640547444 5.6404121994953735
63.51001096575432 93.67269933786065
inf inf
62.55301943883195 80.60443993600259
inf inf
44.16299254786537 87.71798714936568
35.497281838097 113.48650195913956
85.63317623563756 174.58125912337965
6.516325589608855 0.9096589760221896
37.24247928623606 50.225821207706595
7.718494528658458 5.0795032088066705
78.62455132241021 166.13249537316977
89.85731961067178 128.9738762059653
9.125789429841657 48.71054820041875
1.930124704785222 1.116146266550634
65.27750856155708 168.59031181332776
inf inf
87.9007625819312 57.86765002708107
48.50775450766214 138.5902629731235
83.96376589915954 134.12024002651793
66.14954685094932 129.8687043364819
66.7632481729594 82.88916219637476
7.520618875528095 122.0915578228337
75.82365129188446 152.00090807251686
62.963933919258885 132.8094668897435
inf inf
52.707543300086 129.07128580538804
32.783944782482564 157.82994533171436
45.176124734657236 158.3274851492155
46.44900259443213 126.22440516952993
39.255565217371355 169.58279339372737
51.76852777710076 128.14095326303652
inf inf
59.39992796037514 25.589042650209485
21.64132161310716 5.453659900164375
inf inf
7.92854602344824 0.7595153141022121
27.402985209626802 0.6203185332775251
65.74789209832244 136.48574122392034
nan 39.417684328622
61.80271253544285 124.88458727269426
0.9053397591440339 0.3204967548990902
28.17958638894001 5.712205010243925
77.44214393400172 161.05922479013924
16.17766489379762 2.240538124514847
55.755654938472645 52.64951904677587
62.343227678506985 74.40669818098459
14.490760706599524 80.94927300467056
64.88161284327532 130.53530604139456
2.7486724399849507 2.087335722650579
64.0227775644559 165.1990613812619
5.585162888679656 0.8596085841159282
inf inf
6.387366433581327 1.5681760825907713
14.907694309872635 6.015529773095035
6.754182969217162 2.836205127652021
30.327852069947312 2.910097982257795
59.853164994000714 165.16217849590913
2.1106068753308147 0.586180092183076
2.231971897883966 0.9702060037222624
3.5509907701888563 1.4102799506929575
56.40677169430524 44.38284036379272
35.77644605812302 15.718723333071894
59.35383416344696 67.38531980548343
4.176807400369941 0.672211506625483
13.424004725129873 0.48901855836885894
8.956040268428216 1.0900665542683683
inf inf
7.598978879880362 1.4204584058840393
6.250309382904942 1.6437433554321907
39.11622889472889 100.65310396370764
15.874499649717489 15.553029243151833
inf inf
65.203408574248 159.11136991424607
51.18772946013558 173.25584678127453
74.40664453169421 176.2315789583037
87.31948180485388 92.09643340228615
57.23490928396778 124.60512127672477
53.69067887060204 134.68123509855172
30.280219820343913 12.6462787303435
2.7576706728575386 0.7636649770256484
5.148859904394212 4.7843467518918485
57.83846284318992 124.07606114000961
53.433629324712456 101.04196966888587
60.54510226331121 107.51650914212192
20.618904095008197 0.45417174594952914
48.29316076790429 15.491478933494374
60.014319311131516 27.772585661391492
74.35636032356126 176.56560123766909
8.968283401372297 67.59848670299647
36.135300259416645 17.98891219380263
inf inf
inf inf
inf inf
53.98844261558836 148.8860445321933
3.655073392761425 1.2037620327292102
9.728062967510105 1.7227724405373577
5.126836015257617 0.5103758163952388
86.13908395674255 91.26561708963172
23.093734387205792 6.451808785083065
42.46322869202834 28.742036918370587
8.406396371705906 3.12832716759245
2.15801307055301 0.6365241174316972
12.882709453933261 3.061449398666659
22.680934475590885 4.688858428919197
66.54096469116064 25.250033759740937
7.090547626166199 1.8007728391225404
inf inf
27.669781449936096 39.67622292634741
9.75118632909288 3.2138593075647157
54.1501096658103 14.297035118600107
65.3982527169634 4.6257140323919
36.007690853778485 168.00887391498205
5.3516993537651745 0.45049652869654666
55.1475008485927 140.44787038199405
30.028476075888562 110.8076029877832
9.514188014236993 8.799446606731355
40.91469327500776 90.49625802247661
2.2234692864676187 0.18628850196174812
2.755372420385269 0.7034319317616938
29.301672367002435 131.9353151238617
3.818141110427242 3.5853406366003564
1.7298218084304142 1.1467730299588281
5.396414406550125 1.7166101523410022
4.82662642978635 0.8378230483180817
64.56365856664819 13.944628143942513
20.766742676156912 2.925060069645783
29.927473191544998 138.4385133543104
42.84231474801545 156.4588840753996
86.68153380223416 135.5226992236028
73.01694264459468 100.07807447648422
47.02858264330979 133.4398408230851
55.3403774826764 83.62635024612231
70.3686047338424 176.722620204807
85.01188276578155 119.91105924236928
35.034170151109066 5.210950707248504
56.60396574284549 125.80629375117229
38.29928642016836 156.61997032581291
49.23724545550496 177.57157110584455
52.85481980358931 97.46379157149815
7.771481999947734 0.5284249939070084
29.206837064080588 3.100799996902889
2.0223752261528216 1.0800894313684735
7.460822526189056 1.2552259967581794
1.5883190441235686 1.0181533354539212
4.6153845641168445 0.8210096756210562
73.32451724839174 126.40258219730588
77.38498462744215 152.6091111462974
28.059641785147154 2.1524640916596787
4.177536377075962 0.9607182563255013
38.53032414739966 37.148606447209396
16.62062039774427 18.912273934785237
2.1037950991468213 1.7752180948841385
0.5690699793909347 1.038390481532155
1.4802961988232621 0.6568279629005863
0.7582215716779969 0.9790184686447685
4.084384715621429 2.4273619404406874
52.81033468411786 137.5656950614542
39.05805362418778 112.04693165660008
55.9988229055504 164.04100699150052
19.480363216386962 118.49832128202928
35.03714033408884 124.77287514650256
52.63847101621265 158.6560840787173
37.92220215250066 130.2019944158434
18.391790148877362 145.8161519124405
40.95641475952627 141.49780014566613
65.90059542841568 174.84909382130553
67.23174873992826 98.53253955860272
88.43152951060951 156.01086893955483
inf inf
79.78896500517763 109.3003950233123
inf inf
41.78385454243267 167.7184629055508
13.920928358676946 93.80074066711317
49.370457215016074 144.15989497895475
62.69811594693433 177.93211117285145
32.63598553534047 171.15718709061463
46.54650231164575 160.49988773310622
53.99922315947633 54.79166148112723
46.619345571681635 53.28026467490524
20.234606110918705 13.203263295700557
65.13650071767175 173.99519673387476
77.95733392911339 159.09193094757237
37.54434296275116 62.67858084770417
42.62674967514385 1.3090109082269676
77.99654454270612 140.19584912320298
51.99058849975041 6.5559288509799405
58.11291387497852 129.3776027008044
inf inf
65.27504545998707 112.94315007290108
inf inf
28.395153888005893 102.10046399948045
88.89933715435421 138.79677101820377
31.580545485526784 33.00469201496738
67.39679812477985 134.03161650491654
9.89649028103641 1.3646644488936133
29.797477574011197 149.77290039742533
72.17738547372268 164.24814760960734
57.40628971776913 141.38081527150135
54.341048391965714 163.44597405541592
21.38368573245398 67.99751357371107
inf inf
43.58441528805071 29.41069162983058
14.975226045976152 17.5809747102849
4.192157976926986 0.570445599027361
26.69823581272581 37.94667924646718
inf inf
23.408648480116373 54.2502436951688
44.64997102453566 24.277862901477928
32.15990516559131 15.786613738290951
81.11149978753247 119.33960734662774
22.045378936094465 2.3214260818760524
63.44913293901766 135.02938118187262
40.63507319447747 98.46415000336654
55.53490670360385 147.6257417087843
20.520634497518042 5.628118737026855
46.2160804551346 19.033739287081282
84.93592225973646 141.69005405862603
10.709817986366115 6.1205410276320515
25.985178388161607 27.9182809522557
76.72927147284388 126.76566366455512
2.265538215908287 1.3296560921233038
inf inf
71.22564678296924 71.26156256403291
47.057231123117894 1.9508373448494245
36.934488611617724 58.7810045921482
31.036528671488213 173.21609284659374
2.3412880673472207 0.4103973403151312
1.8253774983376807 3.596266558474316
75.8660358256682 154.31871948056894
12.43132876787837 18.733828312139778
71.6528317087708 2.6699640976815964
75.83722568431739 137.5635925598917
84.01875546277053 116.80799366517593
8.289591688044599 4.701611626918139
5.327720834632938 6.377892747768503
39.94176858838458 42.52359984211813
inf inf
nan 69.05359048655099
56.02331115859528 148.49118915552341
inf inf
inf inf
inf inf
inf inf
27.943747925025374 0.508612411796837
88.70796544919088 113.44298164233992
85.42359531745069 152.02494101913737
inf inf
27.406123301761653 164.30963911708625
27.987536454947193 1.4315809499729044
35.08493378228662 75.55687070103922
46.60323491702479 113.12788105779637
24.056606501818436 176.9045575210818
43.722552572591894 4.508417275618903
79.29236057186627 90.01171734332904
66.10774283978468 20.09863806896805
73.86356770448755 155.82973963350634
80.96722794681006 156.9826362561304
21.397562988006857 1.3668136505449013
12.141054517765046 158.695756314823
39.698849331271745 61.190350150568435
61.67510413323913 73.69471275753183
31.37879846221757 70.41979614926066
20.508855999910267 23.877791967694183
11.186789251557798 6.166235073129237
88.51081676053174 135.5974665025938
85.3635317286029 150.50789920522988
4.817534038343725 5.532780046450633
58.08265469397932 23.607166600913178
9.0651314461772 1.4404733276523596
61.94109723534076 39.85181933742061
46.574318909512016 119.8174693001005
17.242446227185805 18.436754119371738
35.73456661959097 175.27862103147572
64.91046968589504 110.22058032971204
89.11442208297224 12.342190116104577
13.803103238613367 5.638752269137509
20.62111272873247 6.571820624777683
26.02618548479424 99.52285233712972
3.895512017518206 1.2271981604913647
35.617117272120275 128.46307263970542
8.798529436593995 1.3757429696273356
8.452463737088676 1.1801476713571055
62.63748355071271 145.13003959371372
23.84677538346827 2.7451027826652346
30.56232088981831 4.754908150872222
33.321489625998396 8.580066995523781
30.14115067561553 9.705043612944056
7.093558808355084 0.6528263503719447
40.84545575539016 61.07762017247534
2.479229849456682 1.1315875167419878
39.07526540529117 2.2049219070821837
inf inf
85.05065466079151 154.5273545822076
5.333776724557796 3.4281141789444756
85.87890459571457 32.38111496645901
55.298884815987236 172.2323160223908
10.164090662929341 8.252285822702596
50.168510541173546 31.046701278645717
15.23915563011146 169.3784711146726
nan 72.52442542399712
55.67405261070481 2.3559032321411597
48.93142409099249 119.88835509478514
26.831184420697852 33.744731434938686
5.993771642615148 1.98531148204116
78.27263781496968 5.2304498513886255
82.63829796375339 36.43769125356931
50.25787229860584 57.78645601836567
26.75608335906626 7.304901258363874
29.644547385719783 7.75991133819025
49.15952016589922 107.02132356134462
24.105858751009308 11.41796195881227
85.65319773464154 144.1425555775288
18.730337314568622 178.99668215931683
1.823591384823049 1.3037404194032285
16.183377736984202 2.6988762267825055
32.803883711668064 128.57008214822773
21.823819459304797 27.218727827038965
79.21273292899762 32.701168667154825
36.93405536374394 84.18710659672224
30.874446392970956 9.104758093259395
28.170331550106823 12.254165886751306
2.6144977893001586 1.2898836327460628
50.5479534875231 111.33207349673415
16.919033912183764 0.12456306274370879
63.04443582997113 152.7535273760234
89.75118087037522 36.63339917990474
21.42852618796098 24.404003872026745
13.499055737778358 1.209194694525075
22.582283744700426 18.26137427149016
10.315100634027237 4.609531248535724
6.384132968106823 1.0133121717389335
81.88760700068269 171.67041890957236
6.873096002528725 3.9321110732876887
7.237272881586894 2.26552248462461
17.50526360385655 64.51712551101363
20.78528087549458 2.731572649149857
2.5457733499670954 0.8128871717076274
3.6039208933563947 0.7693079696338114
10.272572155685733 9.981550146475254
7.705105645017947 3.6903965531062295
23.42777235920515 47.39088351746218
0.9021568520198526 2.6537517525320493
42.59238318951054 171.82854776160727
78.56183103898748 161.57570625450487
2.5621168826142355 1.3243734158012386
5.942365685273559 0.9076434053464647
8.171134495729364 0.6803048277210512
6.576372646341747 4.774467954768423
53.958566871075504 26.782363455892657
1.9010266456437146 0.8687165463804788
33.47824727406648 66.89117623121714
2.988924846715861 25.814471349657133
47.70613430680177 7.148990619615388
37.432243878893956 3.56244229214633
25.921252798834203 2.6187254676956737
26.579905832917518 53.11473056325135
38.092736837640956 83.70583467888088
62.61738752717665 42.417103955524325
82.53188437201155 72.43236192040479
61.663980632133004 178.22894586057143
66.43869430598043 144.6942457677515
37.659567735441485 5.591898784463719
6.5874420994255125 1.78963774160625
5.372494748314277 1.11815170020738
inf inf
25.185923276461608 121.85399122952802
21.815349193924167 52.397962504835874
21.289675269932875 4.492854552216615
84.37318835321946 101.30331295917021
89.89465442226025 14.756495847386192
65.59320837695108 145.9016169266632
33.198244298076865 87.0214081606023
56.25941775691215 134.3741748524791
61.087233607387184 152.97317427505996
19.387269597084575 134.28217668709289
55.10046350942004 17.169166895476074
62.70709863016386 10.052981072562773
32.28037890491114 9.632667073162253
2.1199192620858454 1.8782379430465201
17.15956640008848 24.70412559061639
23.622094974000433 129.73827697907302
19.561253160698243 3.303868959179743
inf inf
61.50770692983555 176.66151026850443
0.39967971358250987 0.18713358777578276
10.302848897541821 163.8351097909739
inf inf
75.3529080704033 141.31210116323555
22.882061824362612 0.7832155285228614
inf inf
3.184519798555602 0.8884575913617773
21.912072004242056 171.77411095000215
24.724905210581653 178.9366126649384
inf inf
inf inf
14.12604970787055 149.3299501164196
8.073639536543514 1.2228155762485815
3.4469035548802416 2.1081117897364834
21.217402433115733 116.72307504787173
66.82593379380444 5.3363507675467154
26.927197883382547 128.00054526018127
1.3447050739874196 0.4285188306866004
1.6855298800089178 0.4421417713743012
41.539986249420146 21.041568616928647
5.498348535816175 1.4973004727949522
55.41046435851169 20.867175592467426
2.602019458564114 0.4440241591790533
0.9770037251380739 1.4583160145676979
11.075988217805984 2.4326853786691847
9.257551335797999 1.4284057072246235
3.6077782697009093 1.207316898390671
0.9134459689385577 1.3886369884048446
50.69782858901676 24.349648240264308
2.9264118927335785 0.6876820082747219
61.43955456369566 38.06291725623289
4.998055308432066 2.059331998913537
5.666071141871084 1.599152034719814
18.255220470896866 3.750483435946052
3.9792271135382498 0.23354785978765583
34.23001010946273 5.538343693493162
58.39854298975217 48.39022277448262
9.313178459306158 143.4121615370411
36.80044427337643 15.840659179168647
3.520662541959609 2.0130276665104025
32.46563855246308 126.57443117301773
3.6159162578682515 0.5264697474168516
10.721939118299161 147.3935967408313
80.86020172108036 119.80413489460283
30.44230405157586 138.16448885255366
44.2156411720141 94.3599837983434
27.600693612066532 12.880098402332138
inf inf
inf inf
inf inf
52.266095436385015 114.21600885242741
33.85772924130827 93.83391823797365
16.135430968518634 34.36222996838247
22.703156673507536 170.26663290511357
74.18511990245246 24.924863867675864
75.29247173011122 6.3473064251982025
65.67566275374242 4.097061042728134
56.03174830558835 69.58689579943969
inf inf
inf inf
inf inf
74.8798637508352 82.13642869733617
43.563278278059116 6.151694158134607
14.332528917075638 1.716749605717641
61.887343740073845 153.32734951417757
3.3194651094109715 1.5803860513696066
41.69772762893051 139.98988972341053
30.85334150849649 55.22972318043832
2.4322209582110697 6.147492657973772
4.472968473445861 9.077306361690747
2.446610068107438 1.1654203922572963
0.725957929816175 0.488812169918487
66.79480936571032 116.15728734700143
60.839586012207064 177.5015206182011
51.00799194576581 80.97178666431992
85.94248592787655 58.1070116105576
43.0737523501862 153.08639483076192
13.108576307322943 1.0194382309450825
38.36596925016393 156.17893823802794
inf inf
62.62658846719308 18.82301874402597
68.89518022890547 165.240394827798
61.50158649455238 117.31355425792036
40.849940667100356 54.1584037408468
49.58060697152753 17.29845943356664
81.38766445104335 152.12849698139036
3.3080095087723707 0.9221502990564897
70.04920828472257 53.32507335290204
13.718455440690121 143.9387102674479
69.34515069703832 112.72877616599781
44.66269266965418 125.16793346537163
61.12742619158894 60.36194004725731
77.37632067956305 61.46335090847476
1.2810769372649704 0.6075707320528357
83.30346285770854 8.04078569732745
77.00633722135755 118.80383202483011
22.27194489943122 152.4021511235794
63.115103813093995 130.69437561156784
21.21400366363291 10.2147006507002
29.472269139726166 160.9705860657524
83.12365916696432 17.252692234826576
inf inf
inf inf
inf inf
inf inf
62.60156649306303 169.6312206801802
10.283424644561329 14.035111610757156
76.42849408158878 6.760409261688182
inf inf
inf inf
34.20803971207644 53.97369992843149
50.56298904657746 56.58993927246662
28.40826945918778 136.4162368209629
67.75784566205087 75.25127508318738
52.262832629110605 3.086980461213952
inf inf
65.50614254139039 1.3833996582370889
85.35078590411206 120.85407987100633
inf inf
57.11297131136536 135.05941352237042
nan 25.57364256556525
78.12112127017046 118.22641905207406
11.937600549155496 3.348723902740789
6.361491578437693 27.425699086835774
3.7587517764910454 2.0584287401346764
18.059986920313342 7.164073981138866
3.6456897176086236 1.1546398669468232
15.515006874375985 67.607325864427
18.328481753395803 1.254717984617792
4.06709820115046 0.5606325738371045
2.130092802507383 1.153029576071113
2.5923598271042976 0.7007786281112398
87.24441329159612 48.820214096983236
9.441945370668357 1.8510583663028837
13.09183229847263 8.006413965512168
0.3970178746054069 1.3864179571347106
84.48878079996712 128.89205748950968
7.427050138448694 3.1842002205235196
50.49483157010048 163.25150731228902
74.88179768248335 153.34443862990832
3.4852869420766854 1.2635516968984404
46.12495898070382 50.351322834224646
70.19921885874781 70.87851511118848
6.675627995543554 2.4673084131311276
3.7401478809250097 0.9569623157302921
11.497881302303952 1.4324339387101521
4.100309303088492 0.8682848439751965
6.442138938412997 2.634112704968282
49.98205979462867 159.65611360654515
7.060671338675238 2.1370788668676557
33.13641349137903 149.20592733762072
70.35140086053559 22.580561298081946
61.78745134092528 152.98987072594866
84.41764658726484 75.64104290163982
55.970389807187196 30.702877780712157
6.774490568706838 0.9887464253563006
3.9465561165959078 0.39582570570033077
17.115940890564115 2.5644031760043946
8.424530703752419 1.0056277818243748
44.012894466577265 24.252750999192912
59.1308339142327 36.18370177931369
7.948596181628837 1.4119586687938785
82.64335768864504 16.59138290064561
18.264930836348885 174.9235751361008
62.93997306066505 3.1921931286795573
8.81256907570598 1.4467426116287039
87.04143640160758 56.17646655367224
21.202624056702575 2.4866715821009677
3.4576342056470586 10.20836059166814
66.62364789157596 148.98729617740602
36.588257700201915 4.682305922174317
inf inf
inf inf
inf inf
44.885006031639506 20.488990503118515
52.41094730980794 15.667204683785954
12.782037075912736 14.48775800688017
1.1108812123715404 1.1534452625522222
29.380764955515478 34.207148400601426
6.129539271676546 1.1356115976144103
1.939412327193514 1.4734724174959706
33.37373348568024 45.752676824759064
48.901426674115775 156.0813343799309
3.762881350382398 2.2983032835880737
inf inf
inf inf
inf inf
inf inf
inf inf
28.094986185854168 59.768237033689694
49.81622742862413 100.95160719810553
5.442660941224061 1.1543151790284438
35.25083579282081 174.69316155772518
0.4711132334492716 0.26868484150961564
2.137225125034739 1.28943352877483
1.390986078829862 0.9260583846969812
34.802193739639385 5.910115910122703
17.84595217961339 114.59039368855244
47.72916798596981 143.60862499991623
inf inf
33.43090167673008 2.7471607529900646
8.03718407108561 4.805271947426258
60.7922991593165 76.13939278224038
23.230427953113008 167.79840517759405
67.88683447467838 80.35017849766234
5.911260619940629 2.335380541830759
58.13023204618224 1.5065061133930155
7.364863300734041 1.652786390151692
1.8280676916257192 1.2001386504432177
12.575132376737761 2.700185607974367
66.88283967061392 130.71883898270914
17.19544413761331 2.8195724923137018
12.807605789437602 27.116222283484017
10.153117976585243 7.772037380819058
59.0032618433565 143.9533745906384
64.25664806772296 178.90678676021068
42.59680615384494 152.80483730935774
nan 19.23518047663577
inf inf
inf inf
30.695056935454545 129.42048451719182
73.33955764297407 6.822771450794
18.207636303041472 1.1569910865251887
17.795078280483384 9.418463979933838
9.274631170585799 2.699719152978469
18.266281200362496 1.6811521189179275
11.071213352849494 3.1988030308252533
22.138728134365973 24.105234878952466
71.16486575359936 167.6305351479398
42.06368204744845 10.237229533357075
42.02214338743042 47.98775085839923
4.024889682224852 1.1911498882164737
41.571909918474915 101.16098344162926
45.32752452735977 63.53481116252112
44.744625777370665 93.22650738639118
76.90331167967562 168.1735912599527
23.126942813481833 71.751518645677
16.36306905066298 3.5785964162272736
76.09783469182103 113.15796442825943
14.578847051231747 92.12627182426317
11.372727972421854 3.1299613920733895
59.83385712779676 71.13396833838137
50.28053260916727 138.963310526925
22.99477208891568 171.5064445292203
inf inf
89.91710005304137 137.4058812855504
inf inf
22.822542697107444 50.18021949030883
15.731457013024993 162.38556960621352
10.641444293997191 1.3711460136932057
40.09391465113456 3.404177212267699
inf inf
2.67539169939196 1.0038941355113145
4.539680328906613 1.5623185117116394
45.01181534786866 69.69092590924309
6.706176244284944 1.0359394463908098
10.24397932238108 1.3259829499089746
28.169350911774718 16.58563124426117
8.20759632939641 1.2676726951798072
29.00142361057645 3.215348443048106
14.487157480041516 0.9863732752888185
32.65099300434464 3.301199021305916
79.80883327321536 39.789800308515396
21.72695053225872 6.450941499774403
27.711832577531446 4.260390300530314
inf inf
inf inf
44.58639909484965 144.77159404543573
16.86013657223693 4.777691656530596
79.43361854170516 178.8862138833776
84.21248765412079 6.3065905108549245
36.43376554278336 31.43877551316769
86.39109551226203 10.70506117097663
52.876699422504544 35.10950665831709
inf inf
inf inf
nan 32.46073158979346
16.77693391252831 1.9268855939616085
23.35898107672771 5.142222636541495
60.37506684483904 12.591134173421825
64.66348295417546 175.44296804687713
26.5482497640835 7.81311323158599
9.672303382322127 1.3396948290523973
4.58402419205363 2.006911071418724
9.439988732898223 2.321502818034805
6.174030019423903 7.47759385153177
17.71020651802135 14.238217407664509
4.054316218464284 3.4917614968559634
12.862331769535302 12.970174681994525
81.76611377767355 60.83253509648704
79.35191346836592 71.81205515010207
10.095949095324524 1.1566680960266464
nan 71.70595524715561
30.390605955150193 25.639023510130073
14.145257112901938 2.4720732245883092
23.63626454173105 18.848794929936904
6.903659065710091 1.4884833334447178
36.18032104134416 5.3160805776609505
53.21636342635599 2.3409698807466204
5.39861862079589 1.6867790105756153
8.457756202910934 22.57481598315834
1.5267175476282149 2.619869044033472
18.017565428648755 2.080437577848786
89.5385353231196 166.58401967947117
6.918445490000094 2.6471577400117114
59.158524014707154 148.64421865054206
31.057640390165126 4.377973651508816
9.981249021406184 3.428059699416015
41.926912818895204 72.26087134077304
7.543040697638225 1.9426972708587267
12.91997187002136 5.83289121151729
6.313077516022291 2.0751183137621916
3.003044699256798 1.0158336573806626
3.974880619434091 1.493397271515386
37.68258245781095 55.195596790838174
16.34995761082489 14.637601351973029
12.50760813384954 7.874118192944374
26.9526173422782 57.34026801795354
51.62351427795506 148.80054595912483
4.030052505204615 2.255757454697808
50.21564918031174 55.098091013266455
38.248588291853146 117.08325527720625
38.83177792358259 109.66201643827847
24.98052891694988 106.37033844365645
inf inf
85.30157777185346 4.51437184510639
7.169148336880932 3.7961970170245856
39.55530197989306 178.53179448366504
9.390897640462324 4.482816680879418
4.45473219824261 3.0083451457248085
47.832543004337055 80.47602720393625
33.416922759462494 43.40441822174224
48.31961353657796 151.61984151986272
55.37473303163934 5.998053370450407
69.57257731960537 46.24705117481108
2.5965010838592275 3.2773688632490883
16.2158022152328 13.784404772592532
3.7746502217912687 5.54855810262078
68.98647100819727 136.30388215559523
60.2632499049309 66.20787453081259
5.32484138145958 6.285770702539259
24.78645944092827 9.890921068260251
42.58494132381634 126.71470007116422
inf inf
inf inf
inf inf
inf inf
5.108011988155436 1.019491595476593
35.23973094019847 133.49577197167974
15.184983629254509 4.1471546689001
34.3635349729837 7.050476595904221
36.43135310416835 15.150305778668393
9.402950627192471 1.4908047537191114
73.67186273035409 6.3977239268824695
51.328478208718124 49.69248240976852
30.78089581938266 1.5930315797138601
67.55683513590357 6.64469884070717
3.6289047278214666 0.6394618291439249
1.5415669401214933 0.5813743738672293
13.308718030642172 2.144522312915491
77.9366207463622 61.75672741664134
43.247726858793825 174.40626931372586
63.529526811750884 164.66662578307086
1.489421800233513 2.145434337034404
2.651423361755928 26.505449593192527
16.75088374077089 10.847816354236196
11.960916744967248 7.156443390965538
3.565933591365364 0.6297347672526096
77.86685909665492 139.25241743381028
40.795831671657254 163.66968120745486
59.66905427471448 58.98667790122365
3.097747838851293 0.8454001233146025
12.439783752906948 10.413569056016886
31.507305640834502 126.48202079584442
56.512749680363385 41.55892363684896
2.3929821906720874 5.272680361116833
17.391246448352405 6.742973231521114
33.941742700577336 154.1958471238073
22.107098373661287 6.400045658062274
inf inf
11.27102210982111 17.825744968194794
82.2422480310081 76.67935453054778
5.141691810447439 1.4709184234957466
69.09647636641402 167.3426018890093
inf inf
inf inf
inf inf
2.8595300161853707 2.037610418774051
52.695273098380355 34.10027212640378
17.04954085965763 161.68089023579955
80.79405942674114 171.53231183058347
7.339407831024385 17.813078773152753
12.55645051344313 8.826018264895193
65.53157782145605 10.556804455970587
59.28854484133868 16.72631628014759
5.429385092738698 1.6639161775646687
80.8198954624734 114.65260742490216
52.09659394140549 42.711173860617016
51.2394379365671 151.16028330679265
3.1336224635535914 0.5640916366953335
7.35488276724174 0.6233802345913814
16.87892699299249 11.488388439093782
12.752644286762493 0.7791823275569018
32.883624189309614 9.848055976036047
43.0106739398191 145.847795171369
55.67900491548869 176.2826570696034
7.081789862382981 0.607333713031722
43.465128809636326 53.08541858574561
5.678614354979184 0.5336451013041809
38.41576535353941 119.57355926841818
31.52211446269495 102.43552556066746
8.830631245725035 4.491822282463683
1.4599312370591755 1.0079995179874939
40.87593521845395 121.87459903342645
27.967114285447103 6.615217377873471
45.29551947396135 155.41101105605028
65.0665590631185 165.65367619166585
7.912198570346906 2.895683506486433
6.405583585546885 2.28552320258396
8.671988229658599 1.643411273280083
4.635400301809594 0.8123554665993739
2.5779962319248444 0.8937130394841476
54.03460916645575 101.67325608756506
66.38841233472431 16.716727446235815
5.835195245595579 2.1693870536602726
49.69593499090723 121.82021994687375
3.1607005382508695 5.591481787116256
74.7477079056068 27.336759923283537
2.657200047747233 2.446783728878622
0.04484084961896182 1.1279045817505802
34.38721676180043 25.20934019378463
1.4076849251458996 0.2987976997192638
6.958879885347682 1.0809798648568065
17.13877551400261 1.3156023592870798
72.83284892202602 3.1451015198293795
19.743181747983684 1.758503225945169
3.30953718125245 4.042802327927681
4.361511221571953 2.5380452410133296
12.844243331373395 3.7753720361904644
18.20031867061548 2.2751085717164425
4.737559918934214 0.3132134161004979
5.764274825849509 1.9304497955702318
4.063521540421522 3.3860490313335796
14.380626245311694 7.031303271824773
4.9983288137724795 1.89579155746507
56.11749407547741 13.539675763335893
61.99594111137537 3.7334364292114883
56.51583276302749 159.0684346547682
35.22816391948847 16.890997096234816
52.71511798384505 21.59188108251299
13.846786117488692 1.0518850665472588
8.325227514853456 2.239510626505868
50.28108922277596 14.521777522236977
40.69421750273147 95.80689496216635
12.313562553560482 4.6070283335800095
11.600560393472591 176.86817445823218
26.87240937427967 41.9631166669009
87.28900543901311 66.41055011494346
13.384197520215702 4.452682224368832
2.7049619989782334 2.7231542493831045
11.462706761506206 1.9739604398787012
15.384679885736993 6.309691495992457
78.1419247305877 75.9338530750753
69.88148880801236 121.60762236867097
8.291955036319363 0.43191628494469075
84.82917937476928 26.045712731491726
3.262406590145805 0.85647615342042
8.80955341603804 1.4542201444951721
20.814622461575613 1.635716467995277
23.67207247134951 179.3927506408571
43.72070564277399 59.564500598739166
57.126970343354145 112.08203391757485
84.93586698655095 132.9102780515544
71.81128805635166 16.977613060227988
75.61106580907229 17.366102212620014
69.18989206757857 19.064040676196072
13.394369744112181 1.5138390974894251
28.71594175044937 16.89389778989965
6.7881918988345715 2.4685324602196848
81.37261314612799 158.54887409320287
10.734081075151696 1.332761241516671
8.78312468982013 9.671466944802516
9.09211053657093 8.796657940629595
4.630810138015009 1.4385007587694532
15.110657627206953 1.2417901302891414
3.211250215077396 0.872856814137664
3.87948919884442 0.16820467193615365
33.3025219919995 136.02502558194203
44.41935424102697 5.57807752125079
3.464353464022225 7.3007588392855265
12.0978788023804 3.6072645063626556
4.694112163241329 1.8390909997873126
3.134194021210907 0.6070242653611478
22.94925053693254 106.02978205280041
12.67826135186191 17.12319308262838
74.57549925027902 66.6649631669259
65.00969512028955 148.83639741284253
2.919078155857554 1.0546011587041235
44.56662073916296 124.61950660271263
78.05923566853156 140.32686393941898
39.230313758405124 78.13252342435979
51.94335102910766 28.823257911736405
58.72257099093113 164.25496018269266
57.928434923774674 103.13566396081262
86.67775301909967 13.6528215508506
64.09331077711163 154.6140103862448
5.699001159785531 1.0223548610703903
43.36351505038573 137.5037238801028
3.9936297505962552 0.9158751142686115
78.8065008229313 135.27551566321912
88.85264628027394 145.00800971848693
67.91951960263422 115.05939155886708
26.0287011375421 56.278011512025266
43.92184088381757 172.23801084823978
5.620504600581008 1.9502749917963678
87.29215299298355 93.50109071979676
60.62653509098347 125.82672318642054
3.575177449026654 1.0627500868621436
64.48529450009973 26.177681252291567
66.12061960802829 70.72671930750835
89.22757427755067 151.60057704489384
68.19917618866354 151.39605430287355
34.95779660632943 2.97293861360244
72.92234636986197 88.01853299389144
18.78345400033523 7.607707583888375
56.069421708407496 124.5568819418319
47.45305115349482 123.49684887745693
31.149637882397702 44.56489073046751
54.17124093261256 121.52939865193417
70.75548266029821 123.13719193746573
59.80105400117195 91.75645730258663
81.58809366543338 95.4716224065994
80.13761288822371 43.33673037352022
78.48219793869771 160.18680249337504
5.563473036400384 1.1681898735251914
85.21081077227232 150.969136401449
2.0701858289171127 0.7479712369123427
25.825220275770203 1.7060611340434697
6.698344334218479 1.3687045119337464
32.99924305261007 1.2977346887682872
11.821803541937953 162.1743398018142
60.550060570848586 171.7164790588518
59.185827562941455 34.831079639244024
39.63065561727423 10.481671006817
49.488654937792575 145.44016365913652
63.67842022596619 25.725334159946456
33.247083708502075 22.722351540397295
6.452296781691252 1.1301849266860717
45.144241498973045 11.531019409443974
33.44634088707699 7.175635601904369
7.008562388413088 1.276136390302249
8.26142471675405 1.3787227222774274
23.154065146051376 18.126640284621264
8.34629837624621 2.884376438936925
1.4304302752444724 1.6637768700190225
2.068628878162666 3.818827349536954
8.372183508838901 2.5086725844381412
47.265431909373966 8.353615424296517
26.465802162428222 13.451350990575017
40.910954216089806 3.329209288481422
21.07943661320062 12.903690718623357
88.78900815268354 4.366958977708289
10.133207890474823 9.907221622912154
2.175448867215203 1.2010209069930513
7.19036841179268 1.1562970376790187
1.474454823629658 4.395772049151672
43.93468909188521 3.776838940263623
4.058074602730685 1.0849878715292713
27.93783648235667 128.8513833775622
7.546459635475675 1.113529129178694
46.09459068613444 97.21237667760873
5.19883451586962 0.4093072894710744
6.154890842556497 1.1943361476337246
5.231235816062575 1.3252790602126978
3.1693981442570283 0.619878998331285
16.49576801769434 1.8286292220021754
5.500334054543475 1.1267830088056958
1.789592243063769 0.7656270411991676
3.283854996730535 0.5861541462227898
4.212381091431512 0.9574922410143822
3.1925250605471613 10.996341781557499
7.550924313114145 1.7412015587114837
2.413318474137371 1.1124898309406464
40.13566353900489 12.369332350742368
3.3466996065490804 0.3281560880697262
4.227817355449449 0.8674475800460547
2.5357448522398753 1.062879198334757
51.22685246288097 13.772763108138188
18.147617218348113 2.8778352272095193
3.1829234011537677 2.1153006165266945
10.661529951391827 1.9685107535033688
28.02415701942262 27.887994193484996
7.319314312239409 0.45432323501896177
5.777367710380436 2.9156001920456744
7.919321937991502 2.3311034053502167
9.462882693563618 1.0519426288389784
17.222495224752425 0.8922474512916346
52.03216335635656 13.156326979382225
20.427488816413128 1.4513345776991338
74.01145295016929 108.98479151850955
inf inf
76.42458746449027 176.87236132036207
73.12472971131979 178.03926532203408
68.02076356457236 131.98902650860327
80.9695879077218 110.5287186249617
50.60795150707149 51.258951716282645
67.686932481216 117.5881061977806
80.48432931460383 96.14437529317927
58.29785450326179 122.19582928856198
77.64920112442223 170.57963205843095
8.933440044325147 6.531796711319343
63.37955279211073 46.633810131536066
11.875810409183009 170.88339100893577
56.52246937718306 151.51614038764396
8.753451962543425 3.714519759075329
16.346047966871406 69.11052224124816
15.65344808480692 1.777443488629264
45.03212677215414 121.29187450935737
78.31503308222676 179.0537296235538
38.118773570402325 88.19370688576453
42.53376480879599 168.6527068934398
56.09621848618273 175.95818138688176
69.635673091101 23.24909119014702
81.28430462009402 37.97494167410298
3.762139520802943 2.0426469659134776
3.4747848391512153 1.5969927287674777
35.93405955360342 76.76175461711931
37.865705063147225 12.475377708036891
59.88652337294793 15.794741455012758
44.10835459864251 121.90289503756024
82.26072717541983 85.67945611955983
35.02616916560663 74.44562135499271
16.10207788292784 1.36673250735801
37.09463931487039 4.536364829339856
4.12216960393001 1.4913619293444784
42.25414622878898 173.87133396995634
2.3700435310162886 1.1602454276027985
27.86798277859044 8.5876875044781
77.66802573010627 174.15987018786677
8.394654696916755 0.3579651730281996
19.908902510060987 2.7871541640591273
inf inf
7.8620837528176 2.191580656593981
2.1007735930375357 0.935051350462067
21.76831830828152 3.67767872329739
8.761624494074457 2.2327255618494806
8.133581564673348 1.6971761644884586
74.86874188116161 167.40159711387798
64.34091035137 88.52369418327444
7.409730993021989 0.6487424265120122
2.6822932881405466 0.6587803979907143
39.50672672048534 6.143134986344759
14.1608508391174 1.627487282365487
80.60516965765528 7.351695307415216
19.431241335900275 1.812471333283736
54.17582862072594 53.39867572677867
10.71607606991927 12.924780022295636
inf inf
inf inf
83.27593491520486 22.976990311360584
54.94660474939712 60.84032994694709
88.7011583434682 37.49707576314057
71.85039462142437 150.04181716156032
77.2818437476705 122.92727457159506
80.66880612275331 108.07650975564141
inf inf
4.066922845588789 1.3545803008901836
33.75607170256444 154.11079837996252
44.22098758943247 13.547522314475334
21.880698141625412 4.9482429967953845
82.72495743498993 150.9047669963293
inf inf
26.969351012906767 48.47148959723019
51.511631313580864 128.13858088409478
82.7040407776118 129.30019458267253
63.38030746531076 109.38858277924251
74.31158114104765 159.7847503018302
inf inf
43.43840899431014 93.15835038759941
17.526439883725345 68.74251223884532
26.137108966799524 31.375975602939977
16.975200675313612 84.09700615712453
86.84516923141386 66.67137623348421
inf inf
39.32097455583147 142.75079144503604
61.29059373389936 35.80766650302034
5.150123337921003 5.030715437194406
