4.245864295481981 1.0577920532379361
2.6844665829947028 1.9491579416172702
4.970284897081281 1.377932073145665
1.4024176462953322 0.983136125660481
2.551860503280135 1.9189257755218643
5.622189282343602 8.306298775897078
32.50437022669015 2.3164176133274266
3.8060798590754223 5.1439590949218506
3.818380717806811 6.039442993602365
2.162640170724637 3.0443373433266983
3.3393200753421795 3.9023179421972016
9.704457457937327 2.957639211771957
4.0884821957499735 0.45038205180536706
1.4533095554922626 0.29687786430666097
46.198532434618 2.5535361915417765
inf inf
23.512636245524057 149.3156232322426
nan 5.445625870726254
25.211391213900647 6.140295712741999
46.98396851077007 128.5014542326459
33.1695131992475 8.79317100267914
6.429319269492057 0.1387557835899368
2.309073749595752 1.2306838595799705
7.708109244189187 1.371746692360237
3.4871924684607722 0.5580454601312994
8.101126352827503 0.8229403578124708
35.00779366247959 4.1426911933811645
18.472106679497827 1.4492672239808062
33.23905935185391 1.2500581655354308
77.64444006650216 11.4265652666358
4.880295512756741 0.9956661372070612
8.705268749310571 0.7859632618329396
6.814882704491596 1.4711256409577986
8.718400059344319 3.541953238002643
0.2900966596034185 0.4524466803687934
1.0370750804074838 0.7346700300612795
82.26635384927266 140.0765687325949
2.5808327827042747 1.1068568932454532
15.89977428891956 176.90975452541426
14.36239906191517 179.472282336992
3.8361804684228673 1.1908879824461356
12.705119519633996 86.40471757403637
8.15159498851157 0.5766032540176766
59.82529159704991 32.187528603864365
11.260947276468952 0.9599191089590419
81.08582992511265 54.730626051552605
3.313149189726032 1.4482181150859053
59.86235309727017 144.32770380937498
77.80838152608875 155.48630359379356
1.8094102523597213 6.348256659605602
23.5616961856982 98.32947101389725
43.8237175870407 92.59535648596483
55.65092224593154 117.58912190562327
72.79380548428885 97.34027835906866
52.07864862180038 109.68918857836339
65.86160753964958 14.338153311665849
32.08273725424711 4.961919205165527
11.326516993010072 0.6501164377640689
19.749833082360144 1.604743174458975
1.6870075624142888 0.9310910234344095
31.505344092566514 24.47509459694867
68.30689357373807 27.009541222151814
57.77002938613665 41.17815311259092
44.75910801597229 43.26298206124093
36.926235097840646 167.88393648662927
9.023691693572577 27.3963885872749
79.37546146350394 141.34544016323403
34.86551626285694 113.41695328302744
74.21625166276692 156.11105040366655
73.93211033727789 108.12942633727137
88.92383631728879 64.40655560869017
73.79213539337917 12.55546030383718
50.477971845875 131.39169964978868
85.24735843958051 106.97259355921912
inf inf
3.3705521762750914 0.7594202736111219
77.23760155151356 177.37630392923953
15.947689956212809 12.734319774197898
0.9882046509673563 0.39609092758660974
inf inf
47.66879100012329 97.55823716832897
85.54843947819849 173.1106971941123
68.50520140422923 142.70628256904678
4.129843865369771 2.6093261238664747
51.23373084941512 119.00686260215629
89.22665700083837 161.7661059761801
35.07347075607865 3.8877358662146535
21.186478146236638 35.46836537950482
19.127536828232653 6.2023578676380655
54.46261867490732 4.820278069241133
78.70463660507286 75.137689766064
73.91326788147391 162.0236665536908
75.08607276729259 115.95175586909149
76.44798262616067 155.4312155080298
inf inf
39.861917872252896 162.61646193219096
inf inf
29.269012437753986 169.03885316715574
16.943040318813523 1.684311254275484
38.44421482580722 178.82262687386776
67.13668816744409 145.77578840809974
1.8251899267333527 1.048436738654473
inf inf
21.091468395424165 17.20687044609683
21.923138079053007 0.7084095972421802
88.28732088184078 21.840393497045273
62.856189581169076 178.81474535088893
77.86110229575641 177.81693257703236
inf inf
74.95844525281497 173.51554058513616
82.75004063641983 155.5683737917275
44.67521720659397 121.17536804065972
47.4893925654703 159.36377979826688
54.128478454324984 110.27924567916821
inf inf
37.530143731168494 39.18823109610068
59.12827415672193 147.206149684162
1.204372337998443 0.16520566301870243
inf inf
85.58510625776415 57.060953997822565
2.9530843464995464 0.3244939618237143
inf inf
inf inf
18.447321034343105 5.9176609481079945
9.957319326050817 4.131094873686069
49.594677563064295 5.9120109597284145
82.5293365145583 38.24394856316821
64.21684685081733 163.64596202233514
43.458155763143424 112.37492441749815
34.36585916679955 8.485382034164257
21.73471368246456 141.76955676827018
79.5103799585822 14.754505283915433
42.866809815899785 1.360338761587863
26.91178619918862 1.2446660371014138
10.355392901841299 107.37483113454134
7.234402259891264 1.4571705026647195
33.41606650675917 142.6584176847465
27.580022707022522 8.667604762283812
nan 21.726702739377483
33.44261662736146 110.00372195922701
9.658821563007978 1.5952338458582673
1.552980615199919 0.3863039145195754
2.0279477066230776 0.6577372550155898
6.818268168797573 148.20089412204598
43.03687497361764 5.056738704196526
66.15984257320123 66.86185452003058
3.181493837859114 0.3447622647030712
4.921196190888946 0.9196470064051172
82.43640199482167 12.688355724876613
29.53230296125045 132.50175731316938
3.2526722160758776 0.6087686568374465
6.755434343252056 1.6142956077991624
12.72654667489201 1.8911219986871621
14.00887404178746 0.6846184626318993
6.322865810557587 1.9727989891794016
5.224066033354071 1.2408898312727241
85.72788988163066 36.466950680384834
83.66269601831688 89.53396988162824
40.92758464868723 168.29807762369214
24.148616456429487 1.5099560025829917
5.284045453152329 1.1241201157507734
30.06720167091197 78.51545258346185
7.601585534873357 1.4558004123191592
14.224411935748599 2.168442813240768
18.265947135240157 0.46513478910667194
36.96686840336361 4.013773560418319
26.68576236824842 132.35414657249132
14.03722235480406 4.311185624622108
16.338707162979627 1.0533528148884321
41.34041776727145 66.68969366104562
87.05724325941264 5.960341820663947
81.40177301284255 8.825298000943839
27.814496959709956 3.868614921572099
39.4776256434315 4.393877334798703
17.708881342258277 2.9465264489920675
22.091538040270077 2.494806185010373
8.560137376012404 112.47954678351142
6.529560149514197 113.9816636659307
63.25030938555914 3.38438658108568
89.16172124123577 6.235895816286182
59.848042981431306 5.243198508170268
64.61283861722389 66.59128474109158
6.38438594747653 2.1355137101719444
4.998710929778998 0.8740790895634432
67.3903445776276 10.517174201890422
10.799947352023636 4.453313296174316
12.455555772713135 1.9295748387731737
4.449078045473159 1.0302587710160025
39.62237158943668 5.603070325249833
5.466781808507676 1.4456407996360796
25.589909844602545 141.05388978368256
10.906354238448516 3.174359334822602
25.83451967956495 159.42275572494898
0.8843109219357059 0.3324807329707867
79.09323471155132 9.58717488666058
12.564340920283971 1.466821086257881
45.425209346847616 113.88198704696718
62.58543366241885 161.68934888486666
25.2294411936931 2.5373680637340223
23.047802763440657 4.386328497243904
84.5201288968323 118.00585880009412
46.98178194966254 3.291475354846109
48.24226747806337 54.5623090001447
82.9754866723202 136.02407899953877
58.4722475198125 24.337946539769558
21.354280736498275 3.8527526743484724
71.29473181194888 161.60567499841588
34.71131466774605 153.24776254199142
85.07278474575804 137.61039086159911
nan 46.66499761932124
40.925561937938944 177.87088159951892
4.99370488633908 2.4864469960267552
81.50384773702075 73.05340240989098
73.59975186601257 20.0916796162414
inf inf
inf inf
36.56397117190763 147.5230705409024
81.17900109510475 98.79065023697979
72.15726938416783 151.86123488830913
53.67592000535727 164.54399648458008
inf inf
inf inf
64.35487350979483 14.20748559252012
11.4971794773885 142.91170167656637
24.102414615870135 84.83469965792104
88.91014152424708 51.684799560759565
3.344264392882299 1.3554744119010664
77.1628719265425 71.69463978124821
14.685010093126305 6.888907355750734
79.20881357053587 164.5687412051945
42.44970590857136 139.86003471393576
36.988477492395845 24.847761199602022
72.66237884167792 11.487795865535476
8.716942963087613 3.067012692504954
2.423528699991082 0.850143004242044
52.08882504212779 10.491378879180829
15.1384175483166 4.242618073894696
83.60407398013568 2.2751913112325517
47.908868614185565 149.69304684119578
inf inf
5.878469021753249 3.0956254048950402
1.47933859720061 0.26476319854936825
17.356761425778856 2.814019153583904
34.376472554861806 5.183280586698159
5.130446755222449 0.5370810068219528
11.43633333263178 5.2459967615364365
0.5941711903899636 1.2319493689169452
28.26487452682278 33.420683097393514
32.74006767685 156.1664589966322
2.5681381458671138 1.183958534874933
46.75787570225606 161.25939864262247
inf inf
inf inf
58.43258937711464 167.3966785632001
5.161220579533586 1.0753409992041922
71.12282661449183 43.462796460189395
inf inf
78.84756496542663 68.36539038883402
1.6438520072523257 1.9373624558401783
72.47362345294914 56.850941792041596
10.755912114926161 5.541966579453778
79.67885765155934 42.25404629254217
56.145012419891614 169.00588814593866
7.801323885014974 6.987871115193569
14.73537158466067 131.7366237588312
5.629642414261943 0.9544146929108591
68.98959584083167 115.23558249667762
inf inf
4.81203762031733 1.595058185625025
3.2672074888476232 0.4374864107824273
15.73559736957862 7.005886139184891
2.283408927494544 0.5861195692967798
48.974026832569706 101.30274663927332
inf inf
inf inf
42.629149373797695 3.363458478615049
76.8420533414284 163.63269190007023
inf inf
inf inf
inf inf
12.153932217428302 2.5085188772297613
42.535836764164635 33.282692609470075
33.09427024528539 123.03913294319533
9.86697768292607 2.6729773226215103
36.14688798192371 13.333195814655685
52.28093456793995 123.12535555399543
45.36108600570495 97.09424053904769
70.3190820037479 117.2941422842893
58.55553303892785 44.73347055178459
61.866908213440524 45.62755256533669
37.23279013407025 17.124129646820887
48.92992088611602 110.72710141036765
14.079333116219061 5.276508030144144
2.2537890361940507 0.9425629932911912
55.15619675326532 141.10642366291617
22.845361534080975 152.70807899130799
17.573265322675798 2.1043328249316255
17.37582784543516 176.2600842820546
23.846761533260143 1.470349325897938
1.2928923453346066 3.0927202175081074
64.4209875342207 176.61183514545573
40.236500226100986 92.95433912826739
inf inf
50.831477299259035 134.24438092669905
18.102937124294204 2.12608758955393
55.16952292512791 81.84099218867652
2.540991166373435 0.5894413873335944
35.67103267031247 4.80126080736904
84.22232642203484 91.3080268177362
17.028721443503024 169.80343237323981
13.511036994877243 3.6609978398447214
69.54044902870712 176.3094169878771
43.11448875978955 33.6416503771836
20.080834607599147 105.54802128132955
20.931652491814315 100.11340977550532
5.056544328653455 2.4767816104140237
14.999555021783152 176.28751197849124
9.553365469642866 4.225658754941915
17.449673530656867 32.52775746383635
32.00767135326636 3.3131792522276498
31.682204881169763 3.6880065599833514
70.48534004773568 29.783591411014736
1.6102776377891737 0.3928058511828258
58.527221718904855 8.925892077928012
3.042530432850381 1.5084199575949768
inf inf
inf inf
70.5692005718247 163.54139772660923
inf inf
42.887285081155966 6.06018187444602
15.118108545290767 1.9718779565595068
11.065300778363484 2.046530089313044
7.367708333731684 0.49948380828917494
3.149840290318925 1.7814748499009736
87.37499820150713 114.52404245517981
68.00010169228253 145.28004520727131
76.64605039820661 64.67438509300177
40.41775703315001 100.31100447825158
46.36669945393019 13.955671808894829
76.01184297396725 170.6284128151014
inf inf
inf inf
9.024962182551555 0.9384952251788632
13.980030289838053 1.7431500873495511
inf inf
42.94242672672647 116.40967728764298
33.149138888420026 49.43223700132972
22.376545655403923 7.766211470012583
6.246692249184217 2.6941802727524755
25.837208698625734 2.659561917677834
63.56691187236007 10.236022147826354
1.7924531212044519 0.7060815167372768
84.64700722107034 127.95897885647568
nan 95.84919936777155
inf inf
inf inf
inf inf
83.62965311124256 34.44228153664147
84.8453123549162 5.482795050132498
24.191886999081124 1.6017901082886215
13.81360690120951 128.35723792875388
28.92793604947775 148.88346922098788
71.93511585655915 25.268698124220876
inf inf
41.34171900771716 146.4149423706416
51.86883053429406 147.37879203907963
58.52978774591516 115.57792219738597
22.994135042614584 154.96631513435307
79.19394305388586 118.46449795909678
inf inf
68.55976497308194 7.5039466723515424
21.90467910180432 165.43245747668843
68.58396625550809 154.54220087649338
5.41175112037325 2.382955547726047
41.115944808594264 3.373288887916052
25.034759293486957 28.574266663771652
69.11091178096301 71.7931239854941
48.05646684356461 133.22423653447532
5.071311390566531 89.5348107244853
3.9023742719769334 0.301763234095605
17.533061324921345 4.821902765279856
88.57623902148927 8.740223343315844
71.08252085175988 70.3389026700999
47.1390058973895 119.65980376988982
32.116133415150074 171.83037837929103
56.447809843012756 42.40320136788475
20.325721547448723 163.5686240452407
63.30965585960794 125.59643613535187
74.75106297422094 136.0493281569802
34.557623590756094 17.579520727793987
20.83683651851723 74.69275193885119
3.7142787869533125 3.0578963612577383
62.55375460681992 79.68021093568424
inf inf
44.58455895886251 17.754026632856203
34.02783852261921 4.12235740293588
39.55909706802199 18.379088510535375
14.986315172282875 5.9071143841086275
78.21416402864175 141.32705370497533
0.2340165640028929 0.3683992587249415
10.095912311767147 1.0082571328197745
15.579298408469693 1.6760872403321987
73.03807064467935 13.783731521810134
72.61932474055604 173.49866242285418
inf inf
31.122811610340108 103.50022811649498
28.34174509507767 140.47937205027816
nan 12.586986513826979
inf inf
67.27893346983139 16.079223341856622
85.09741603251294 1.4727644524251315
27.849258280417672 135.96687085622662
71.42199356633962 165.78275804133378
inf inf
77.03476450272707 79.35753630080744
43.95618269357425 161.3866692284813
inf inf
46.4489493304087 7.373542260135021
37.700970976069854 7.281286700393208
80.39476210190175 129.97795495451683
52.810365349507364 6.155133634361736
10.56587060636113 2.6452878523077383
81.79688625978216 155.80532482240045
29.88158286253234 2.595702540852101
43.306729350598744 15.193764116831835
59.70751484327137 12.171018691487625
34.08585423576194 4.253973544218608
24.481035252594843 11.366463066192164
17.752015022460412 5.814234427864214
63.543235370187574 93.39382911859211
inf inf
62.484976397709474 81.19718823200414
inf inf
44.158671332094556 87.68954972206704
35.497281838097 113.48650195913956
85.63317891827349 174.58126632893735
15.170443147421118 2.080595430671194
70.4976414009735 168.6267667462804
7.639101989748491 5.04079736696071
78.62349690387474 166.1321874695434
79.9348930397023 167.25407963733144
9.967200362039874 42.2642032033646
2.460742460525041 1.2601821712098855
65.27801727037718 168.58913753495327
inf inf
87.81804247015117 58.02262134450487
48.504516940953636 138.58309221779538
83.9653529812219 134.10744753893474
26.832135875742647 61.40287379828785
66.76242543304055 82.8886155762567
7.520670386526252 122.09167868315893
75.82368020222145 152.00093734968988
62.96413609259439 132.81225840607516
inf inf
52.70644352921019 129.06373466662473
32.785287479879315 157.82695270218903
45.18771963429094 158.25753318482268
46.44719245093336 126.21104962754292
39.2555210171538 169.5828209940689
51.77190157683012 127.94689865953318
inf inf
62.17235632351511 51.06125204816789
22.247380434157616 5.9575813821989625
inf inf
7.828260520723852 0.7028006168693578
26.35691843906859 0.5840109005664779
65.74750577659314 136.48110969841846
nan 39.417684328622
61.80251198381369 124.88526929170514
1.014329775184022 0.3085703484581494
28.175367653362905 5.7085463923112965
77.4421644919501 161.05925768607736
16.036172500189636 2.047213431858348
55.80669906407219 52.72159495208201
62.35451326103685 74.42487041005629
14.492042229764266 80.95039422360682
64.88161322078284 130.53530620084305
2.8551501484102753 1.9718453425149423
64.02276442648463 165.19860194843758
5.319449218097442 0.7415354943050456
inf inf
6.350695375865604 1.559717270684186
4.755907026922743 1.0825500038076576
6.754095439513041 2.758472799240712
30.286013768976545 2.866613586857144
59.91529572592112 165.2177681246334
2.137708996497968 1.357583540816116
2.654774160155065 1.1025246277411138
3.813926575911827 1.5242577338689487
48.26598016742628 38.85627932872618
39.2017031342451 10.616106392613883
59.3339903290523 67.39445620046305
2.2615040588790056 0.5467153924564876
12.832727482132851 2.713264155748923
8.769535247181192 1.503550004929656
inf inf
9.469111953023521 1.756592822896317
0.6143809637646794 0.6742207998533685
39.11625063999625 100.65315320451981
12.019044776449562 11.542770989175718
inf inf
65.21194973585483 159.156543815069
51.18772946013558 173.25584678127453
74.38248057732307 176.23615817929397
12.503842995426396 118.15011475662322
57.234491631186955 124.60701494183665
53.696801224647174 134.67440742952502
74.58212266357268 50.84440922630176
2.0083716573154864 0.45276952221364275
5.219115068575648 4.819380265263992
57.8440308349939 124.0815422596312
53.433629324712456 101.04196966888587
60.54510226326662 107.51650915634117
20.94575217040035 0.3977191961689738
59.14860704625483 22.009154833313193
39.118381705119035 24.05027137188551
74.3563543975376 176.56558841987248
8.967861952679803 67.59860458689936
36.08591899460446 17.798409858084316
inf inf
inf inf
inf inf
53.98796390099845 148.88714061535092
2.510241281277936 1.0315701990011605
7.517905804915628 1.3303253792081813
6.989522244158323 0.6685638237242008
86.08984118405655 91.36229418440884
23.326538231948433 6.522207325511071
42.312553365954855 28.592188242212604
8.51658320616628 3.152903025412525
2.0530034506977386 0.583695560153136
14.131997408721253 3.5161468929508453
79.81502876578223 15.605196454541566
70.61418168561883 28.238112381188625
7.075776647904613 1.8068768524879553
inf inf
28.17765105937798 37.973446925039276
9.91159692690507 3.252437020839089
53.98490899531772 14.27092639440036
65.4399478139608 4.628540549999771
36.00769085377471 167.80732031287508
5.567919628438897 0.4424465933760327
55.1475008485927 140.44787038199405
26.60517775828754 119.4907665885881
56.60302249254492 113.83176027308345
40.9144847757193 90.49564236586777
0.973256843532022 0.20474741069398064
2.507514603260169 0.662407099069507
37.86241772225015 43.79016938810072
3.7768191336724835 3.5343979155953806
1.005776766051019 0.9663320275837767
3.5343085395955254 0.8511112908787094
17.90889643823302 3.6628125184611346
64.56118436326344 13.847067133268155
17.984118531715055 2.4713449809594734
29.932286378074835 138.4590637667159
42.84266440526286 156.4599436571027
86.67966306196637 135.53195823127018
73.01693416841684 100.07804980265969
47.03045223215929 133.43343615288072
55.340551060757946 83.62576639479063
70.36889799690476 176.72169405023618
85.01188282324216 119.9110593213959
41.925375480081016 4.87221180751636
56.60396630244972 125.80629456592702
38.299223288185715 156.62063335973926
49.23724545550496 177.57157110584455
52.85415257016123 97.46696847365051
7.325422156631233 0.48229523681252207
29.233409819991476 3.102696432898181
2.0365225422385524 1.0870632948281562
9.799841551343238 1.5948586338683866
1.5796791421552725 1.0178078403658166
4.770527977473227 0.8092379419335131
73.32939805880058 126.41079089653637
77.38510326747756 152.60900235964138
28.050757073966015 2.2199353584760044
4.2109312001614905 0.6054403101400554
37.949817264638725 37.924521120648954
16.626329568441307 18.895887957099596
2.0689240300109852 1.6883141668388624
0.615953855587552 1.0798847369174172
1.4978476256960676 0.6767526555000166
0.8172913340218325 0.9242811571986452
3.9087385285874108 2.5620856835708787
52.80921500515075 137.55951051054384
38.668372828477544 112.02474478109595
56.00258541871017 164.04498752626856
19.480243574665394 118.49842317151429
35.03714033408884 124.77287514650256
52.63844178051927 158.65613927983202
37.929204261508744 130.1385045308739
18.385991904270583 145.80630802812763
41.55672979696237 160.29556998245346
65.90058419842391 174.84910175116744
67.23073702603921 98.5446157559242
83.08695614720551 127.67113811019324
inf inf
79.78920837589433 109.30105625995964
inf inf
41.82693607941706 167.67603121192923
13.920917882449316 93.80072328238589
49.37120623751787 144.1696619160949
62.696556546268766 177.93151668054094
29.687832294088935 154.98541171887172
47.22716308264302 161.27578472973454
79.9062271492978 157.32916483885222
46.61939126298017 53.28040578062852
20.239639553292196 13.236482972848476
65.13711994971868 173.99471147535536
77.95260444495678 159.11556492596122
37.54434296275116 62.67858084770417
39.3245610771117 1.3386634335016059
77.99610305160915 140.19621007192495
52.45067793579584 6.608713641497944
58.11284506001452 129.38322165642097
inf inf
65.27512317005339 112.9435486282161
inf inf
70.88680056800204 128.2662508780884
88.92000857648917 138.79696608093872
80.87696869229028 3.623991557582443
67.40874406103813 134.132243389159
9.472750385022009 1.5679258087255723
30.1562108596666 171.0872830829535
39.874601104746304 82.7158043463223
57.40743101358261 141.3837924483616
54.34226086332005 163.46736373843808
40.52311095854525 88.13926983672434
inf inf
43.94908645470602 29.200218533435596
12.666998425544106 15.20485068348602
4.088179273205686 0.539985287045312
26.69163465385849 37.882192766532505
inf inf
24.30019401653045 17.120161200102096
44.65772496515015 24.280984615832658
25.660284093935047 10.122456291943191
81.14360498926995 119.36079578279391
20.87983299134403 2.146566641841022
63.44913872257857 135.0293717155245
40.63507890440616 98.46412629987556
70.69520169644137 176.10071373013457
20.027390081075012 5.625568913111604
46.22701000067883 19.015480203668535
84.93592225973646 141.69005405862603
11.52991811223323 6.833725440302653
7.57186184894562 3.9786178549958415
76.72927147284388 126.76566366455512
2.5171451902649373 1.4087193211993303
inf inf
70.1885128367081 73.5950449058489
46.979305855973315 1.9505661677269128
36.86455208984583 59.083993722364426
31.036504666802585 173.2166044648945
2.9004137272861676 0.3267594603816144
2.4406575288593517 1.0773051737962698
75.86620530773025 154.3185101138847
19.40348539628505 13.613899775095089
72.45587382830946 2.7806398698525547
75.83593317431932 137.56885001046737
84.01869074629117 116.80601591934516
8.885367087753798 5.118931691806117
5.3244476525627995 6.385310865049462
39.900556952963996 42.498984335139426
inf inf
nan 69.05359048655099
56.02263402410523 148.49026989683009
inf inf
inf inf
inf inf
inf inf
28.25518256289316 0.5054926868213322
88.70795421459803 113.44297471363114
85.76903420878209 64.57233003722403
inf inf
27.40612158242314 164.30963842144072
28.325484120257805 1.4404640205520314
35.08492950183684 75.55686646127184
46.60276905201704 113.12943869830247
24.0605854546873 176.90428915969215
43.74727743657013 4.491904540313674
79.29234655430042 90.0117377109117
66.10773726171642 20.09863423395145
73.53057377076193 133.77401825991475
87.24729529864584 137.87685937845882
22.583055333240182 1.2591246462142678
12.143581173241326 158.88389804634076
39.69927019745408 61.190492793271325
61.6772536042187 73.69817271884637
24.141257886613754 83.39153748036166
20.529419781575598 21.541480690778933
10.94965709540482 6.164021181911962
71.69823034749915 117.45708617414348
85.23118243366605 150.31147400741875
5.440826055430084 7.036341101553071
59.13651550200889 24.229821138509223
9.155058938213937 1.4681939621718665
62.010323113474016 40.4249159748748
46.574351774053 119.8173993988199
17.562398870679644 17.59611165602115
35.40757592299416 175.50766414386865
64.91067475331425 110.22109649650287
89.29179398619159 12.404168938538474
13.39013389222802 5.4532514542588215
20.57017098961817 6.554746600789053
26.0187210950969 99.47331589829591
3.998260540173389 1.2590878041315934
35.634572357185704 128.35712157495342
7.538582627503788 1.4545713143385623
8.404706417546096 1.1720956715896784
78.84537441425957 156.30778278367254
23.83119400764358 2.739633433122596
30.938865839903883 4.780200128255855
30.649157604869576 7.608375066092174
51.549940556056185 57.55164511319084
8.106261998607806 0.7787673466131566
40.51981923500699 61.36853305049282
5.524245010678072 3.1896197263628947
39.09463782512326 2.2008880091682967
inf inf
85.03042259407962 154.82787872655047
5.573981171238061 3.4146678567962154
1.6008068563289681 2.426975570376577
55.2984766605115 172.2331577292041
10.33076381756459 8.4127996739856
47.41486763889493 97.61508968319535
15.825399272665374 146.83063091929967
nan 72.52442542399712
55.35076245844872 2.361170065509435
48.93134332312013 119.88869854647028
26.907966742864915 33.81565591391494
6.181382572677648 2.1803001700170475
83.08676801734805 4.580623390861588
83.05607917391086 35.747310443450154
50.16925102686467 59.15221555099237
26.75666557106947 7.3040518067733675
40.95814816534138 9.499952406745296
49.18861150223853 106.82803184424107
24.47286068200496 11.640675546775222
85.65353803016414 144.1395140590292
18.729169830643716 178.9975819712944
1.8577260599588357 1.3547452315347197
15.831427447762671 2.6992138285109855
21.062155047866558 129.72523450517332
20.95092944172359 25.73903809477707
79.45394299563051 32.50905093691984
36.843992762603534 84.31145776121302
31.043288982704727 9.154360964088866
30.696406477445077 13.56542131543933
3.095134583543056 1.3062630899605128
50.54859408311887 111.33354488362208
14.669113629177943 0.2390793410216286
63.04516753086541 152.7594380793771
89.62157198006716 36.510180650711874
21.54784673464936 25.0211398921709
13.69990087954566 1.2373735918977273
79.03732391188657 49.775777821405995
14.147092227937355 6.448545210257697
6.580468982133221 1.041651361708266
81.88703183430253 171.6779142445538
62.668152478427686 5.937990483875031
7.2290968340410915 2.237561222461117
16.173142030163195 60.46850764279582
23.181371781760642 2.965758974643937
2.5908737813516405 0.8039603782928425
3.6508004741532423 0.7474704087623004
83.77039763661219 143.2465094989838
7.747995406403785 3.8800954523762137
23.373237125488995 47.092187885748785
0.6147950604790221 1.6084855111828678
65.11010558898434 39.132801490078286
78.5649129704326 161.57423615354742
0.9563695417682327 0.9638746092885551
8.12034687076099 0.5320420958041421
8.103122516227662 0.6701052783427455
3.126536608605836 3.372808439964029
63.60488510625848 60.956065363532105
1.724596350889823 0.8292278061609569
33.478192650030884 66.89117344758395
21.68945336676978 9.113647184670473
46.77371896170317 7.228860372025696
31.694265324475793 46.49815841874831
25.738980601357852 2.6061649530757416
26.579905782818752 53.11473044585018
36.63740645547125 85.34845178345695
62.200845984191105 41.708255051804834
51.82243328628913 21.43074825509127
61.711487879607944 179.2849177786683
66.4415682188101 144.69569155259015
37.664108591886546 5.582761532719958
6.252971667185367 1.711113558845805
5.408596501326106 1.0691125944108921
inf inf
25.18654006222448 121.85565570788768
21.815317265954057 52.39793184509218
20.985467466685193 4.339657901545295
84.37318835321946 101.30331295917021
89.91174755552473 14.754489176726514
65.5931958734526 145.9015948532804
8.929435496857206 28.04660407391745
56.25941898436785 134.37417541963646
61.08717984890117 152.9729798060074
19.38267801424103 134.2785084583625
55.03363488255064 17.16155667145515
61.71197221245169 9.45751991590581
48.52389410266104 22.908529606082634
1.0724803137195382 1.5301091916873297
13.810086577383423 20.992837677611945
23.62194339135341 129.7381469335878
19.326599018368398 3.7862169849104266
inf inf
61.50770692983636 176.66151026855763
0.583219502082596 0.2440647443285584
10.30284949338946 163.8351100877611
inf inf
75.3530010015073 141.3120370769138
22.83507647634982 0.7851294276033192
inf inf
3.1053067241154615 0.8543749181283806
21.897257656946014 171.78953779543897
24.710433287960512 178.84655392572702
inf inf
inf inf
13.674488129381444 131.90251689274763
8.0007683472262 1.2115151676302234
3.6025905155159736 2.1831251741974675
21.085251166769275 116.94739281236505
66.81473476675707 5.339132928772697
26.92705989360053 127.99875105255373
1.3413163278778568 0.429161601069342
1.6105962724049294 0.4084878131284669
41.53964184788918 21.031935485915437
10.904067278314754 5.046431061908013
55.33563779425511 20.830787490406678
3.3434236748579713 0.5722547329959056
0.9367725084607726 1.5580353875762056
11.422884422048696 2.5169359387304637
9.714281301956788 1.4396111998961167
3.79807387700049 1.2372939977933282
0.9194828227303016 1.4137235339972924
50.84920021256401 24.451545195908444
2.8107889943815954 0.6351812050221458
61.35195274798911 37.966897811283935
4.983324063879079 1.9344038381390918
5.617128852651114 1.8265742693499556
18.35231404025654 3.74515280007063
3.8761386562272664 0.21928365775488468
77.0704641660285 65.99874285208512
58.467601930071304 48.48967034243322
9.37527656556233 143.501759982064
36.82587728765657 15.782774599071592
3.59797181093967 2.177475370418112
32.4656415045008 126.5742215170577
3.6949702371083237 0.527993059999521
10.550604332669025 147.86023567777877
80.86003908001086 119.8061119556477
30.434479410351543 138.17883343782938
44.22360079704802 94.32297610406337
9.784698805423078 3.7831605041293725
inf inf
inf inf
inf inf
52.26650875588858 114.21401689415491
33.992092540682435 88.05034346758032
15.960735546013186 33.80226309783825
22.698526152014498 170.2543860730098
74.1640687718906 24.996895137879825
75.38987858544914 6.331805462261217
66.17992291165007 4.119110125572923
56.03174830558835 69.58689579943969
inf inf
inf inf
inf inf
74.8704495796122 82.09629018530936
43.62110574224836 6.137556258795275
15.752234309498537 1.9375654303279755
61.88733456879105 153.32747990162318
3.2580092579292113 1.5390771777550407
41.6951308761183 140.00105919929393
30.859424588509807 55.24666694442246
2.427652401429074 6.142365694739536
4.563562993888199 9.194979868989527
3.2831009824821438 15.578156901501403
0.7327647088988426 0.4781069503933491
66.88855220537785 115.99787851904908
61.055303013296694 169.46085949543777
51.02158194325801 81.04145374217235
89.76334955263141 53.60250305537305
44.85782193027205 137.975509949172
13.037520129909698 1.0157309375568924
38.36566343159666 156.18350589408652
inf inf
63.339742603767114 19.968868845080216
68.89590881554953 165.24869842398292
62.575972163300875 113.77097601854818
13.258675958170642 101.73779367382856
51.512413239999574 18.120617167184964
81.39688501822812 152.12052476152306
60.91381718938865 9.859702617644393
69.77521617520814 53.041666332972675
13.728981236882305 143.92111565287914
69.34514557456832 112.72874176260545
46.33267175946355 130.83620166078018
61.12742619158894 60.36194004725731
77.25269863789083 61.56760467184016
1.5046618233909825 0.44705002651069636
80.69576758976005 8.646957640320453
77.00235264303475 118.80686834108775
22.27194489943122 152.4021511235794
63.10364737986325 130.72424241276514
20.896883006693788 10.02691933049179
29.47227006617399 160.97055239777447
83.92385852480324 17.035652367777367
inf inf
inf inf
inf inf
inf inf
62.480306326725184 169.73600656385062
11.01360679475808 13.416212043839016
76.47067826498252 6.914126064287518
inf inf
inf inf
34.242300104021524 56.82486316768121
49.11857988905061 57.82838937264994
49.79481315372627 97.93444992601353
67.75784566205087 75.25127508318738
52.262832629110605 3.086980461213952
inf inf
64.56446825684888 1.3652980246255413
62.916993669912415 49.678446517452606
inf inf
57.127538442882894 135.1713792488584
nan 25.57364256556525
33.946251621803526 102.56846799389557
40.2732873102013 53.54531659676255
23.08950258294654 9.646242721789285
3.767355019968966 2.0887987550288654
18.067273627865404 7.738551146441125
3.612711636966452 1.1391327410011274
15.464793553030518 66.53411882977102
15.626167044230371 1.913951222774464
4.916908299236781 0.7027367671166892
2.144362803236987 1.1499225252735399
2.5024108179250604 0.6836475686836042
87.39417496939971 48.33297437478427
17.49839659016521 3.7492141502772522
13.09145354201904 8.006371594671943
0.7566674441301183 1.276682473249173
84.48577906384752 128.91603595698334
7.57950050610234 3.226216322631323
50.508851667611566 163.26493872965003
74.8804742533916 153.34709848367305
3.5463882587134554 1.2743534023797138
27.917675964601703 54.24531238219602
70.23315194868661 70.84665661974473
6.718452286838881 2.4341669667350088
9.705609980120085 2.76965750307254
3.2219787781436326 0.6990884664268437
4.092774412902413 0.8550789791684461
7.347685878425678 3.1679411424891035
49.982714004559284 159.65113274426102
7.0445954909826485 2.137675228563145
33.136413753440344 149.20592771435125
70.3509138288187 22.579942752477294
61.78745134092528 152.98987072594866
84.2614310437589 75.84250302602571
55.971828136785035 30.7285634553684
6.877481817676457 1.0087363211751497
3.821847894347889 0.4718446420135792
21.51138360176229 6.551674669932286
9.757862845747292 1.2125606815813157
25.511959764377128 16.615482690227402
58.71013535079134 36.01536080968396
7.932054420548669 1.406105263059922
82.98894014857191 16.826582658735116
18.26510058463853 174.92396686042463
62.91069098475998 3.1191593575541705
29.15012078210628 8.574106594113918
77.59905320639582 68.68603474365278
8.659296520765855 2.6890570251017594
3.4854287238607613 10.996572709376643
66.63794438993592 148.87494508000017
34.43764860241263 4.330253417016404
inf inf
inf inf
inf inf
44.983165062201294 20.356827080992907
52.40017442354515 15.868781469009978
12.701038498865142 14.474398070050949
40.32466775284135 10.647862854847611
29.12333556372579 33.851269323637446
6.071870324939921 1.1645849276004125
1.8720053494542468 1.4480325149896842
33.37372295572932 45.752659307032225
49.65394541673938 128.27931805855317
3.8125158736711655 2.3925467996112966
inf inf
inf inf
inf inf
inf inf
inf inf
84.78317316230915 21.919656989528047
49.81622742862413 100.95160719810553
1.9057419278420036 0.9174113851826351
35.187564750106496 174.65593268747656
1.028624246503523 0.22944565859217203
1.5019640483217727 1.1933193960047384
1.6766682090334806 0.8731437372601305
35.591998202099916 4.617011976960545
17.85344147295592 114.60729334028694
47.73179783856267 143.57804422146484
inf inf
34.11172801125082 2.829045104577282
8.02134244668982 4.7898801365394705
60.91378716271193 75.97259066579728
23.230427953113008 167.79840517759405
67.8875680197482 80.35894134218398
6.044654861416597 2.382410348667956
59.34994643433939 1.462990357803679
7.164532488920779 1.650617228275138
1.7852485909359235 1.2160717902074225
12.683080479448886 2.712638610197436
66.88284355530784 130.71882874884054
19.920760026611944 3.212109792006926
12.513871758177297 26.58037726971148
10.134795361862489 7.775737906778893
59.00292808275185 143.95371348677764
64.25664256333863 178.90689978707996
42.59515305425762 152.84616764500214
nan 19.23518047663577
inf inf
inf inf
30.671494801640677 129.4162115634184
73.34071431358032 6.866641726735821
76.00493208257932 8.335646073843249
17.717678603203378 9.350847296768771
9.738009568239391 2.935476435522331
18.153720014871098 1.6721382768428723
0.8465989884388915 1.2710250050550704
21.922046739437317 23.661791236352297
28.542866064311 79.52454589039483
52.21902260155194 14.061162376564647
56.65303493747995 17.843437033670877
4.2150380749529495 1.2206651473988597
41.51647166241432 101.24377626888092
45.33471226101298 63.54715604619606
74.03644116530985 129.32315148143294
76.90572204500843 168.17381333559106
39.27004480615622 165.47972904303387
16.93417588867472 3.7518662066037
76.09783469182103 113.15796442825943
14.500901367852947 92.24371351354499
10.991253524477889 3.1108409900703227
59.83385712779676 71.13396833838137
50.279209490714095 138.9917735228881
22.99477208891568 171.5064445292203
inf inf
89.91709012526317 137.40590707650298
inf inf
22.822542697107444 50.18021949030883
14.254682511965598 159.726228062693
11.129748657292442 1.4379289340577517
40.14882019952998 3.398030346273119
inf inf
4.7977408099937975 2.9306411787921656
4.410643457753579 1.4697758753821193
45.53551145782481 68.66966944177364
6.617104483316564 0.9634770537832
10.762587048898952 1.4487630970465564
28.245575487298158 16.857372252690855
8.305411774260595 1.2975338516465338
29.458592397499597 3.219395215261739
14.685224627043363 1.0034534182947359
31.47150030651162 3.5471580842634967
79.82612094265359 39.774247138616836
21.702176071362743 6.449266880275663
29.146586422122496 4.911592846310362
inf inf
inf inf
44.583621899207955 144.8099433562211
16.85385838632778 4.773885869290472
79.47463463860227 178.9125607996156
83.98568217632251 6.326537982129867
36.54113176389959 31.569480532383196
86.35776064902645 10.7459529860737
52.876699422504544 35.10950665831709
inf inf
inf inf
nan 32.46073158979346
17.032048700966122 1.9435693922787336
23.357865843485403 5.1457106435227615
60.389217943563715 12.596424433688782
64.66341676499154 175.44302562706494
39.99382456232658 18.12212506003741
9.754413912797377 1.3418749508987164
4.553338246833074 2.0637800896373872
9.368706300135107 2.3071176302298335
6.119570113034065 7.4487946996713665
17.700470478574374 14.074251123041897
4.053533271347556 3.5275394660732675
13.063651429447253 13.357835962852766
81.56225818659343 61.118059108001525
79.35137838433137 71.90085269278562
10.145085047984042 1.1786316513738047
nan 71.70595524715561
30.382004795680245 25.632066976296016
14.264621769015701 2.557717725004712
23.648864042283666 18.87332531536533
6.953753859196845 1.4924746996900793
36.19607516565936 5.504972236222233
53.349901342140875 2.243051014391309
6.766429976059341 1.8567220209166395
8.423638479600529 22.319821408011364
1.4990736527270623 2.625934807540151
17.640936265387516 2.0237132124474773
89.53849310487287 166.58398233415295
7.815371083777675 2.859528667151899
82.25055476284435 159.49086051923553
31.056957914047814 4.414331079081271
9.800453111265433 3.360637872930639
42.35903716327144 71.45073074418559
7.303934911666214 1.7758774703364684
12.921322666636224 5.83896792379715
6.975424517946136 2.021732331520548
2.9132852741004034 0.9939741504475924
4.0300194420976165 1.5274303727506846
37.648758648893164 55.08519633095043
13.568825366847559 10.23164289022146
11.8488697282471 7.497318874946785
27.01776071650937 57.4350757050892
51.642018494385795 148.84570461731172
4.183553889568094 2.182248190905929
50.24073878370956 55.14360588066691
38.264623132733796 117.09909310030909
38.83399876029503 109.66631644404835
56.11055122601969 24.025388752077077
inf inf
85.19907891117397 4.595375585421687
7.031023934490427 4.503612612788499
39.55530173067717 178.5317948560602
7.823087951545013 4.447697857638349
4.449537162151744 3.0110482772337535
47.163278458426305 82.29437045258335
33.43505138637906 43.4269635893878
48.31961353657796 151.61984151986272
55.36256098245625 5.932430766742414
67.49434093561213 46.88770375863764
2.546276655593685 3.1918805543901954
16.246424428201266 13.825708241891101
3.9300509728945014 5.990211830639286
68.98647100819727 136.30388215559523
60.247283900627195 66.13272168484208
5.315317531491826 6.2427389563939535
24.82371876817947 9.887851857879257
42.58460273001188 126.71609442760467
inf inf
inf inf
inf inf
inf inf
5.580522936015046 1.0498968120128949
35.28580409212367 133.456495895913
15.202644255677644 4.156117537700054
9.93982404661939 145.0964754864781
39.73844849050011 16.826719840175798
9.212608958882326 1.4505764295642045
74.33753114544152 5.262131508340703
51.45105752705132 50.099649310382844
30.851613784207803 1.6005976223543588
67.55817701557847 6.6486781471103145
3.546758536802983 0.7111941008324107
1.3838901200675024 0.5809955692052894
12.535505682144779 2.0691271895271353
77.93822987228131 61.75856710509475
43.247725831124306 174.40626463072758
31.696065646532375 105.24855252237165
1.1384740182175954 0.7722864454114312
82.58507438160812 116.5537622036032
17.2148788617502 11.120849977032618
11.880532311454248 6.909436266094073
3.57163798301434 0.631424294423948
77.86685844877368 139.25241606519418
69.00606647302676 83.96582115793281
59.69535437461367 58.949863126494336
1.8244455523036125 0.5055634043953167
12.650288773445542 10.848699182115606
31.5076503794847 126.48176788665532
58.311024510027224 43.62355083832094
2.277890536523216 5.4010967657704105
17.329306321231847 6.858480347055353
33.92873834918086 154.20820046086547
21.988880866477004 6.35182939287484
inf inf
13.502296558953477 25.942599081669666
82.19838282670048 76.87522392934228
5.155598464573327 1.4766793211305604
69.09647638606434 167.6817186907499
inf inf
inf inf
inf inf
3.1689114714355098 1.7107574730892052
28.330470280056083 13.411235090325242
17.04802942673016 161.67925135363274
80.78682886783486 171.52257921902486
7.340432126363295 17.8110863259033
19.37570226609307 29.29686202521698
77.35944332798803 10.106346100188896
59.34936220562934 16.98052277585152
7.134765594573768 2.105514227639396
80.77683916869753 114.46989665986322
52.07369869833725 42.67770010754858
51.2394379365671 151.16028330679265
3.029127216887699 0.5959523097493924
12.056359340864306 1.32806815336715
16.890557121456762 11.497605939125423
12.55975616196033 0.7733070052502298
70.52598819739812 7.865136594092858
43.023499461034305 145.81561247047165
55.662305414749305 176.2858346067997
7.205970888542845 0.6299196729474633
43.466372452971456 53.10566812632981
6.159323848917643 0.7636240518348971
38.416118458126554 119.57086250635795
31.359298203012038 103.2009051273835
9.033870688878707 4.614157186660721
2.1392903015209273 1.3970361169405119
40.871148411538115 122.47268033006883
28.06393175505318 6.626632273665952
45.325758147820395 155.4755096385083
65.05600309555875 165.76057540792718
8.17424983093287 3.0249315979062685
5.031684309265641 1.950583401321655
8.626586953809268 1.6306921533364667
4.649963458905538 0.8130716775525761
2.5953040772270892 0.8989038446842933
14.50227842364583 3.9867654729234423
65.73674221454037 16.674969080201148
5.939250484105013 2.1791456381791763
49.696142289728755 121.81959167751697
3.2082266475895267 5.541609733714648
1.0170594910786888 3.6406094326788234
2.6589227873292804 2.4413552237259997
0.13770880480359288 1.1498763885254617
34.29444156508773 25.130014098097668
1.3391124926848428 0.3607668521723937
7.015322564532307 1.085385744037537
17.14914286647751 1.32372061225102
72.00441907320388 3.111547035776492
15.496373913189629 1.2097204660515417
3.2637974797289933 3.9479215274767214
4.6015561450063025 2.650854048398022
12.125938494544279 3.616936149861654
21.144731638716898 2.681502724801898
4.499760347557095 0.28583308721059447
7.305973833120313 1.4412456796129798
4.089043860388793 3.431500131254569
14.38173217768135 7.018384382831467
5.604982397230105 2.0978851175302795
52.71899375542616 13.946965072385389
62.21186956385489 3.7566505303626743
56.51633880449876 159.06916595281658
35.22818703566168 16.890996517699275
52.94527786335938 21.728297584921833
11.309481339500094 0.8336530437730607
8.132705917947469 2.270686523703971
49.800264925846754 14.356095742816793
40.68741150355904 95.69509974959787
12.170863801319914 4.545217167698227
11.634454689127011 176.87551682603794
26.872525546688824 41.963230920320704
87.27291566401118 66.43940922022702
13.395503669174941 4.454389682584158
2.6478026061357203 2.7547152449833705
11.466531000499295 1.9360968724642165
15.120046788275362 6.207377522760186
78.14122226567163 75.93298395685686
69.88004617149778 121.60504763288515
8.781778802740332 0.44645394262062177
82.04770958299754 26.846653957099342
3.360098774121786 0.8974692142585647
9.171569852038479 1.6552699605018046
7.207134920400087 0.828244278698575
23.67290788868073 179.38965059213783
55.26157479623897 148.63608191999518
57.127741957777175 112.1122290734339
84.95628481939438 132.87440463270556
81.57777421676667 27.383324795930992
77.02865047646374 18.577690319335566
88.61901940799645 33.36893105911521
5.700463119198198 0.5938533450470042
28.727724257262025 16.95067195355244
6.774928901797332 2.459014330616027
81.37428111097732 158.54893534203245
10.792182265748382 1.3399140827737632
8.783605170709736 9.684913314374763
9.107109665524854 8.824901487668768
5.458759950238467 1.5889878930362054
15.13539634555486 1.287543936873055
2.9884612701424493 0.8586486562909736
3.7834139674675558 0.2082491517165076
33.302865184233866 136.0240641702922
38.30858832864083 4.4979215841028655
1.6119062287887977 2.1560826606688908
13.643836416027249 3.961249247526015
4.7084693888798546 1.8427543994876867
3.186292079462484 0.6170589436729217
22.949338905038562 106.0307649003427
12.666359698259829 17.123514388373817
74.5710075460734 66.6720455887608
65.0097222104968 148.83647844330176
57.89856744312372 2.573489052111604
44.360230574882515 124.34657199896056
83.58274151901975 136.50647817188508
38.59436914393109 81.81944066891981
51.936960235182454 28.81738943199545
73.36931887379498 134.9102462132998
57.91909867382665 103.1465918460836
86.99038022585624 13.697007287601062
64.0248241663321 154.76425929391118
5.099741113474222 1.401621515347452
43.36351513378253 137.50372364537336
3.940371519622409 0.6755761769746819
78.3238049205135 129.15303483632565
88.85264628027394 145.00800971848693
67.92792796922195 115.04087854245432
26.05092151487733 56.22001221654918
43.92201540465194 172.23865075312227
5.5748778020056715 1.9407502690739264
87.31764276137211 93.5591788060905
60.626520744065246 125.82674971200296
3.718485607591949 1.076023117217126
64.52490724138427 26.19980973993256
66.1208771220044 70.72664945376
87.92504858379174 153.01847964450798
68.19904140612255 151.39604569702686
35.59224970007601 3.1803586699140283
72.9223749839948 88.01880668209854
19.81819562622445 7.466315863056489
56.07613364344968 124.56084835212827
47.45305124763144 123.49684967347076
31.149962073371547 44.56423683023949
50.05476357713627 117.1999095259028
70.75574624274624 123.13820509947142
57.23138111419997 76.55726240234611
81.61035357206191 95.73471423844569
80.1376736323518 43.33885314401659
78.48297662379477 160.18586846926166
5.933932014305523 1.3476805479931284
85.21080993090695 150.96913487879064
2.3601610980771373 0.7924330027677484
28.074713614393588 1.7682484550339002
6.7205018417126325 1.3783599806347762
32.59053713358287 1.2789984070683127
11.821802361526466 162.17433783171072
60.50109699985829 171.23908938217946
59.21760613033813 34.81033119435102
39.645082640413456 10.488664330757862
50.57850278182235 144.25454316430395
69.54843452560844 76.28475617717119
29.530877878054017 15.675786156095846
6.390506260764788 1.1124598959427605
45.13477843125299 11.527747824090763
33.61213124714273 7.2217649880290695
8.121544518366859 1.3514554135528642
71.01835307557062 8.666265031011564
23.166921105661324 18.11364950780691
8.389190076087836 2.907867858407001
1.4275571910153178 1.7918145171917468
2.1474011454429394 3.9772561657294543
8.504247863840035 2.527944599152432
46.81261120927985 8.280051453987944
25.55454073636373 13.026366048655465
20.759874182701616 3.5326822206831814
17.11962202430984 10.314376833192586
87.1248882132936 3.8703042957876947
3.4969964535173035 5.718129812795708
1.121551879650796 0.9732288791456506
7.192936648081163 1.1562244918559914
0.8399716750157633 3.4620367632948956
43.72581908056657 3.7514283687246888
4.312857726738327 1.128941827653218
27.937859529924243 128.850994675836
11.07040518751934 1.2274930228559353
23.87212482690947 26.751843081545047
5.079330976785276 0.39473895463073816
6.209496193912159 1.208243428305425
5.901995477269194 1.479831130656853
3.021156116078662 0.5980000022864576
15.87148899913165 1.7478711565420455
5.4347879939925905 1.12430299448032
2.690609656343794 0.9195042359283769
3.247786572329044 0.5913326721303179
4.250503178991793 0.9555542430413353
33.137748472953994 10.568397937005988
7.853040855757909 1.8497331083810464
2.408969098083951 1.0930943435011025
40.09998196885673 12.366108826138321
3.2612145646505644 0.3275912557379378
4.148866546711143 0.8573053439277523
2.496462606867333 1.0606528655536829
51.61992902680714 13.561034127830743
14.198115950544462 3.485997952556429
3.543062954749295 2.1969658150774602
10.104971097578622 2.041899475915609
12.852660365064581 2.577154626295806
7.227353736583849 0.45705516207308505
7.623504916243515 3.8558479978006086
8.299192683018685 2.3596247941343607
8.134238968969447 1.0471492320269429
18.40445332115242 0.8974126452781025
52.61290766867854 13.220075414371307
19.67613898437405 1.4338886059169602
74.11308482336477 109.14314442321029
inf inf
74.65559000190868 179.91196128104306
73.12472971131979 178.03926532203408
68.02076356457236 131.98902650860327
80.9695879077218 110.5287186249617
50.576611551855585 51.29351141542768
67.686932481216 117.5881061977806
80.48133218697711 96.1854243216083
58.30359081125803 122.20138986236802
77.64920112442223 170.57963205843095
9.71600922333773 6.882298222183358
63.37919369653245 46.63438329814387
11.876015453289648 170.8836294371343
56.53251368714885 151.53280806485176
8.84920436083404 3.7490818394143766
16.352886015231167 69.08685257538376
14.877287496315304 1.8192715558379253
45.032125879921566 121.2918749169924
75.69008850077859 140.1271203589791
38.12368099666994 88.20037018658469
42.533765001318464 168.65270744231574
56.09586323119654 175.96013470967992
70.22315184572432 22.46496011879942
81.28949084316336 37.968462260396734
85.35480916522084 179.41853538474416
2.924224533990945 1.3660515148766919
35.94554197893001 76.78000477130537
63.714141795416225 7.185129328705231
21.927400499834242 3.4648757222956386
39.66689713967227 144.99769069511143
82.47275204877444 85.09616289870358
34.55779241035851 77.45645269391696
13.71102228535199 0.8259864802528432
37.72346728529393 4.6366837361017685
4.5109863874125535 1.4771544723177072
42.27676503175431 173.9421144727079
4.98596608057277 0.6548515541600891
27.754396308924097 8.437160029971803
77.67524888659254 174.173063606206
14.361676180016437 0.5540294587320623
20.050623938207305 2.8252222247651555
inf inf
7.868042945684086 2.198654711465506
2.144786515126353 0.9539590241560062
21.765199195741385 3.84139927035837
8.814058568626171 2.321565236324616
8.855924787672398 1.837716891777498
74.77316275639645 171.10287202575083
64.33113182656093 88.54788427064258
8.501891657416508 0.7663615518014167
3.247747973917035 0.6654794993093027
36.19017597188263 5.626169865881328
14.410241191388856 1.6601421356553439
39.17951764853194 2.4995687712636263
19.578822980421887 1.8019056790465533
71.09940230267708 34.41966680825547
10.809965823975952 13.024798110114183
inf inf
inf inf
83.2493181261876 23.000538981456582
39.44027539030179 84.8348574971461
88.70404411042745 37.49370373933044
74.89452321354399 157.27761229997213
77.2818437476705 122.92727457159506
80.67081610760414 108.07721605196352
inf inf
28.093896842003517 8.749241488423849
33.75607170256444 154.11079837996252
19.819882953323443 3.3795196681775166
21.854445855958208 5.014985255692743
82.72494947679469 150.90473080809736
inf inf
26.969351012906767 48.47148959723019
51.51148175330178 128.13842103122718
8.891520895311345 126.69208097580679
63.350694110125055 109.25357803463147
74.31240550754552 159.78416262892196
inf inf
43.27111498404101 92.32681665491454
17.52643988372562 68.74251223884058
26.137108966799524 31.375975602939977
16.97517080431964 84.09532031847921
86.83737222334678 66.71450481262815
inf inf
39.32097455177436 142.75079194156265
61.60468456977651 35.771583831784504
5.865628610704607 5.801097421792235
