3.2810626163239687 0.8319972599764333
2.6786519484652183 1.9282947473259975
4.492162184242487 1.2109958738625886
2.7381572179680833 2.0351268894328327
2.2429074224602568 1.6910432882912734
20.15717133328906 42.603688261322866
32.62177563283456 2.325833709476395
3.7994687226373722 5.1409053647978595
2.1025860820579028 2.9991824857571796
3.7496011313144164 4.5600625752393285
0.3905692218568183 2.026497217631833
9.69358260665544 2.936270672676171
4.627581996333677 0.4992329245997708
1.4157769602862078 0.3263303643838128
46.30455853573849 2.6204803531760206
inf inf
23.512636245524057 149.3156232322426
nan 5.445625870726254
49.237852564501466 19.68661914017891
47.44225586229098 126.3597337125362
34.34293789036926 9.22341731101038
82.61168805849869 2.2773856924856846
1.940019710876586 1.147025101720313
8.083269588845706 1.4223416358007832
3.6308837171817254 0.5576284075137432
3.672086994271457 0.3488222451154073
5.330459771185191 0.5146309905461329
18.883751053482523 1.4686425310301587
32.383697482805104 1.2851729643377805
6.5094218382118205 1.3428959866255996
4.635677897702722 1.1423712416254301
8.131769755778006 0.746202068900563
6.667798305583765 1.4498217139388152
8.202960159484954 3.325744027938094
0.26948812683884465 0.46255475077111224
1.4447757458571457 0.9612155187467077
54.19750997694224 105.16677490011311
2.9119110780620954 1.2384994679186907
15.801647108263353 176.917412369407
14.354336399703612 179.46776358694905
3.2315901411150447 0.9465791280615673
15.84658132466322 95.56636601518973
8.42645881905253 0.5262589289809102
59.81472440780637 32.065925164190276
11.120361098398424 0.954350078726205
81.66592848887815 56.813201039757345
2.9057570980608682 1.3215204913373746
27.094131840975525 74.48404157670508
77.8079976886983 155.48482422363762
1.7382564680022827 1.0500946858528093
23.566634639631545 98.33566387522916
71.68486448047692 122.5896340204826
45.59435404231022 14.36727498439211
72.77642453698196 97.5336771583537
52.09204242655679 109.68247660927717
72.452108231145 14.655230190236432
31.67595461956341 4.731584948271826
9.260543264043582 0.42803677458652056
44.49983452776753 3.060825139921053
1.1325783295369352 0.7779127418040673
31.771348050087553 24.653845305176844
68.24394346743189 26.848521155827825
55.20019080804332 109.25675982547152
45.118605332579904 43.09177647245413
36.92623500074612 167.88393854582426
9.026642967017741 27.382207571609904
61.07570546209193 135.16539590825755
34.87469735884969 113.48835182421982
74.27413669060742 156.01969972385783
73.92052153184879 108.04153672135477
89.0419805780407 54.11239214946765
71.19493106123132 12.551552198210027
77.4688853012995 34.13569079620718
85.26881642334021 106.86101811327569
inf inf
3.26465530837536 0.7757286577440198
77.23760155151356 177.37630392923953
13.841013293502836 10.208197754765083
1.9525950504160519 0.6949247365024309
inf inf
33.88923672015298 177.8299774916595
75.92907311202771 157.4513058396017
68.50444718598263 142.70844495390565
3.815780248767908 2.362098063706547
51.53218630297914 118.1664810550679
36.086424259890144 54.41442018170384
34.144283269712176 3.700718575242013
21.31825226573297 35.77113981605646
18.900397567501802 6.139528776642956
72.87631677241659 11.719431850811675
78.70500972039741 75.13754679991963
73.91334311314048 162.0270943689341
75.08607354827936 115.95174919743653
37.18362750937562 74.86170969655097
inf inf
39.86455593212938 162.62659690635832
inf inf
29.316242340512787 169.00051992503936
24.121165339712544 2.464358574352049
38.44421482580722 178.82262687386776
65.81907657709482 151.90586245736824
17.21251180442791 9.448662182944323
inf inf
13.433021892332222 13.631012387218208
22.180230893663566 0.7593205118283517
88.2448979237526 21.79823106912421
43.882047784033915 160.38477412766727
77.91548289766655 177.95350211296113
inf inf
74.94397078494626 173.50862784813398
89.36128142612895 175.82246921146276
44.67521720659397 121.17536804065972
47.498280480830914 159.37702630087145
54.128478454324984 110.27924567916821
inf inf
37.52854321827789 39.18528221945515
77.43144846271616 106.81836265279627
2.428371467566641 0.25522564051977603
inf inf
57.65896111470866 56.94988724418155
3.3125011053296483 0.36227288300285826
inf inf
inf inf
77.84309347386544 14.346106339277965
11.38039497793373 3.6974350317384572
50.089189218545414 5.230177402608773
22.45451083296268 16.5025652965055
64.17437678236662 163.74830568986084
43.434868598820515 154.01508058938177
21.971813385962836 4.024379062018257
4.212505629744044 170.75848514700195
79.79096741253065 14.494891430303724
42.72039905301547 1.3396069195897151
49.76156630766633 2.546484597527153
10.64530635361399 106.06460288179755
6.079676417995185 1.1791920954758772
33.41606650675917 142.6584176847465
37.141538592101824 8.88294951868639
nan 21.726702739377483
33.44261662736146 110.00372195922701
11.179885693343788 1.8594435734499082
0.8614008959454551 0.2818008545949284
2.665117042636791 0.7655276847227184
6.828046058042929 148.18974178754843
47.07819385002099 5.3845292723156275
87.70337747071534 42.984851436895205
3.8601871946569286 0.38689539812705315
37.7031686857698 7.466278168250963
85.13944695757831 11.37552277345468
30.372003454160335 120.15843727496367
3.622809282526005 0.876462329129039
5.874409992835545 1.3197813911989704
12.795829689587315 1.9731344913084814
13.63525999053018 0.45664111063598484
6.270422808085741 1.7201234997745962
4.670687210088068 1.1534803178422042
3.5619339417481735 1.453922876983512
63.517953821458335 82.47651943011161
78.66354724509819 104.53970100315837
23.819228812500707 1.4873520769991326
6.120302225701195 1.2925893016747578
29.958122222358753 78.73584433471437
3.89852838973742 0.8013665937249835
13.266044502331786 2.071247658250402
18.387781083314525 0.5248059627752918
34.49047973167994 4.103520617625809
21.088450625218968 107.26627192322339
75.55774472501876 7.237128968003616
16.39661026057022 1.0652596666144736
40.806098605845676 43.74164109008752
79.98111949045082 8.469284150889665
77.38536797230043 16.290006725108345
27.168577774173155 3.2416149788224753
39.83088413304732 4.948126249865061
17.221101127701104 2.9016996213714257
16.40855757017652 2.2155401290071786
8.229854892291847 115.07610490637468
6.6004831380880375 113.67787497930843
63.25030938555914 3.38438658108568
88.69575578755233 6.460191889938705
54.64658105353732 5.540297472529274
9.381215699342157 6.029482785702857
14.63610726310312 3.5142466129706236
4.9752972227108145 0.8741571673949114
4.918207131327818 0.7983178441668926
6.903932502121527 5.395933927077968
11.639675654496472 2.0680478041565005
53.24490027685839 45.15965503921705
40.264324711603166 5.695536897240443
5.681393988080691 1.5145293165984588
24.346171676592007 154.07947123919936
8.658857799050047 2.567990995283513
25.834475118738396 159.42259956363898
0.78260824509252 0.30196585225765654
85.97362894538144 7.476045592911876
12.322289585087338 1.4839890043247064
45.425209346847616 113.88198704696718
34.36516700966741 7.428169676063318
24.69725475788654 1.9115140225990113
22.841616063534094 4.002726653707612
84.5201288968323 118.00585880009412
40.09644652571069 3.0771037274971365
48.220518814070715 54.84094422781828
82.90193419972584 136.09122036808134
58.47394161581635 24.334073321012482
20.850395451787573 3.749372296172292
71.28755692792711 157.46593849124542
34.71131453243461 153.24774467789877
85.07278474575804 137.61039086159911
nan 46.66499761932124
49.21657211242627 164.91383012670053
4.985659125148441 2.5009138120044647
81.50384773702075 73.05340240989098
72.40279756623768 21.547889949410973
inf inf
inf inf
36.56397117190763 147.5230705409024
81.17900345074605 98.79064579308371
72.15726938914382 151.86123489715894
53.676149145061515 164.41059511798102
inf inf
inf inf
63.83040458846981 13.76911461647293
33.18492541748947 176.24157638914988
24.10238251318902 84.83474875797236
88.9946552407577 53.33336389090646
3.231157470354295 1.3153333057139236
77.1625067323326 71.69504352200404
35.63224108440696 130.55415659805226
79.20881330649316 164.56874329514835
42.44970590857136 139.86003471393576
44.078300694082095 37.74846111802087
60.43501214438029 9.509167374169323
4.816402695874828 1.4894726029931165
1.977976342416068 0.8387226209305688
41.6323545757578 9.492475601682209
13.247090036021811 3.737751853570263
85.03321910872306 1.7434629410169815
51.37959611427894 123.30932506085668
inf inf
6.186566451267154 3.2667081121431445
16.61038746897678 1.6258914943904395
14.688824611796747 2.664659907404892
12.51815894438561 0.6071734880744396
5.351347425645301 0.5580458800635943
11.452100498876044 5.26514785756746
0.5096287987079422 1.61062166187273
28.250524100618065 33.415386884229115
32.716409806026974 156.29841287638007
2.4553340745912346 1.2469298847559567
23.098143787066505 164.64871907751746
inf inf
inf inf
58.43325159925959 162.4055199396195
3.4986213624487954 0.4766105385881841
14.498329232407144 144.52792463260297
inf inf
78.17803900169996 69.15720615662366
61.535830474284325 96.68162376095516
40.518314841838574 9.13187962143923
33.18106950663088 109.59385248882514
79.27130936732837 163.5548546287181
56.14503018826407 169.0058601984478
59.69154061433733 12.971052265435723
14.950673634029265 131.94284928142068
1.3552484754129042 0.8562670824670965
68.97051507608667 115.31056655965503
inf inf
4.806917866634094 1.5812582087822369
14.24724452668605 2.1540405077674376
16.411261958261782 7.251512168321583
2.4850048801419926 0.6384561913727245
48.716176246063725 101.8433415300971
inf inf
inf inf
42.64519227761223 3.3634724662149154
75.71079400966843 170.46941067924192
inf inf
inf inf
inf inf
12.302682514042383 2.9018509387879345
42.57491482226743 33.28571571036322
9.138306130050106 129.02718371917157
9.830012464775123 2.7293723833175063
55.5731375756824 36.747146894732936
52.28098785696767 123.12492343774254
45.36140936344768 97.09737478080405
70.31910566159735 117.2943791220439
58.54446608133529 44.84099056242633
60.84604377895869 46.22897757396769
37.23279013407025 17.124129646820887
12.380423471830404 21.854217707522572
14.043824029859028 5.243542809940294
1.7923536579578636 0.8274718383216855
55.15619675326532 141.10642366291617
14.099146342907119 13.508094444564048
12.893582418262184 1.5391681972427582
17.345465994741676 178.73198346503696
23.547667944021793 1.4187464424096203
1.638185060114526 2.346743805625827
64.41929495996757 176.59637797659417
40.23669934045952 92.95096974365866
inf inf
50.831477299259035 134.24438092669905
7.51236893830403 1.7832906167397944
55.17266185228981 81.92253695305511
2.581936957193968 0.585968760931139
8.090426030708574 2.580652476568852
84.19326058830642 91.35968905406163
23.577592396221995 170.79110646352228
13.860604177711156 3.7782623741821464
69.54061733766201 176.30749207608628
43.68189430604618 34.711498644057286
20.081363020020326 105.56019206847678
20.9329302307247 100.16601767678529
56.45076064902462 53.50560888741149
14.999045195581488 176.28942425771925
9.681937395923027 4.283349173821736
17.439441784370786 32.15421516454437
32.164925320855254 3.3375335382327633
24.817899691184163 1.9900980896835663
67.74815541737273 28.336211184964927
1.736114486431262 0.42217488357177285
57.876854979924104 9.184483546573984
4.078194969453576 1.2012693890097992
inf inf
inf inf
70.50808596096574 163.25449439350209
inf inf
80.2619007687809 50.43668192058907
18.39140726124153 2.921210554621311
8.619461756895557 1.6242452872029367
7.390285941738871 0.9723755328911032
3.591615773301145 1.835358995994004
87.3606964961912 114.57641269583479
67.98293284740284 145.28633276998875
76.6472933812248 64.67654970610475
75.57652431621734 10.05635404793636
16.24541084413198 4.241552839782245
76.01184297396725 170.6284128151014
inf inf
inf inf
9.057667573224998 0.7329641211540548
13.712121087066585 1.656936511617248
inf inf
39.33330011124767 100.08887772615373
33.11695434833143 48.89061353545936
21.21458116282209 7.551574500394989
62.860951142898735 8.675630491507427
22.48502276953566 2.2713121141323747
25.977873602491968 77.04571708366153
2.1244554620643363 0.8664976099982458
84.64700722107034 127.95897885647568
nan 95.84919936777155
inf inf
inf inf
inf inf
81.10409659779936 37.68972330999592
14.363733242525235 1.5359085854557781
24.74938075507452 1.601900102824828
13.885306439513897 154.3936390222515
28.274586428778093 149.6378538501254
41.754787245563264 5.25498377884433
inf inf
41.274503390264556 146.63388836949946
51.68450800386967 147.68271585059927
45.13357461254321 118.93149655603708
18.31342014518554 164.8735691201128
79.07491340048992 119.04011993395468
inf inf
68.20641476178406 7.383429108426339
21.90467910180432 165.43245747668843
43.98944443930047 121.38705680535273
5.588833072637577 2.218078758640959
60.16287600084025 9.009086851613125
25.04480751403062 28.691501517599615
69.17324920721005 71.5385412833299
50.33452853646523 152.6240458716074
6.753409111196658 103.71572418274707
4.2930577472540605 0.38941096057215646
18.91713889443276 4.808393908542091
68.2325342407553 62.838811623530674
71.58164277567657 69.82142264875755
47.13816976091524 119.65713210339997
32.1106595902767 171.82086775032522
43.102153011574586 25.70047713474903
20.243663504820127 164.2992160845717
63.30823752682413 125.60500972235226
81.08497023980561 118.09204829319579
34.562057561456264 17.372257848209024
19.74059118183581 126.78405657279002
3.0661221904083873 2.7669934945880543
14.52962740076126 12.43452335994912
inf inf
30.145121539668175 13.341930271080331
36.33758424426978 4.394727594624651
37.66129878820117 16.320725159539577
25.370157578238565 3.995018299612154
78.21416402864175 141.32705370497533
2.0067866646881565 1.7464301970798128
9.14778169234127 0.7115859823055685
36.950231970568346 4.136269018517311
72.98412159460122 13.63207620879423
72.61932474055604 173.49866242285418
inf inf
30.619403562837107 45.51228123649478
28.34174509507767 140.47937205027816
nan 12.586986513826979
inf inf
66.99927830117149 15.964888901036828
25.235068443771922 11.991688925592364
27.84800116828078 135.97438421792896
71.42425092467141 165.78215243567456
inf inf
77.08847505999819 78.63042823020034
43.95602064047884 161.3857156428047
inf inf
34.56990047239599 5.245874484225123
8.02246341780886 3.0996139067261916
83.04218434328651 125.67814829222232
52.81536788915019 6.149996897587505
9.075947639517551 2.2466631965048443
86.55723082837689 157.2734462419934
29.290714918339056 2.6114064973927307
43.09640774041412 14.697951834707503
60.024707792976045 13.508886365372101
33.48044097510376 4.192243356813209
26.986573093762612 18.577029958749204
17.383857211620224 5.357865250070276
65.09551369791697 81.93846832892427
inf inf
62.660176671299354 79.68290276112775
inf inf
44.16685770358317 87.74378249619451
35.497281838097 113.48650195913956
85.63317439532634 174.58125340729308
6.356654740722886 0.8534202827512029
37.256221248164614 50.34406900119635
3.3598811573658436 2.277707044210914
78.62543291382329 166.13274406523317
89.83845425296822 129.0046511626703
8.594172760137585 53.80097733249516
2.3952359603770024 1.2181720074886906
65.27717524998847 168.59152024125223
inf inf
62.708379185170145 124.25319165272474
1.7389923541879664 97.7773689785766
83.96296069988821 134.1261307363174
65.84670917370443 128.6737201788608
66.76381998397699 82.88971452097633
7.520571471446977 122.09144660149785
82.44214135603704 88.10040130121492
62.96374402958689 132.80675172637189
inf inf
52.708077767924706 129.07538336616318
32.78127059127078 157.63783289214393
45.17717775553032 158.33344806895676
46.451379794261214 126.2465098046587
39.25560256011482 169.58277633022365
67.60313227849419 144.64006108788212
inf inf
73.73732471491007 33.652085031768415
22.148201410577556 5.982504727531936
inf inf
6.708175494670528 0.6560496634063795
28.32971919137568 0.6361970756269819
65.74828362806771 136.48990600020073
nan 39.417684328622
61.802892289318294 124.88397591063992
0.5260931055600553 0.3192740031750932
71.01816335662589 15.503867602527329
77.44212599589719 161.05919632988977
17.45997362938698 24.82888626257235
55.72551322328245 52.60511972411639
62.32299358597304 74.37326873888028
14.489660076368542 80.94829133758137
64.88161251451432 130.53530590251995
5.653354028670774 2.938179088514302
64.02281063527046 165.1994475724112
6.334544515984069 1.0310811888069502
inf inf
6.431590492548795 1.5791496625700268
15.293879366663527 6.09932310387919
6.184840849094961 2.714756201289674
30.186121691089426 2.8054610004597227
59.76678262408314 165.0856673185147
1.9119388027295323 0.5311554248148771
2.323886239966529 1.0416788559277734
3.1952026554242328 1.29425147704699
56.32909890493529 44.287661241189824
34.79012041718102 14.926330291272187
68.61146324700802 87.72512202717905
3.54587572353959 0.6012858761701685
12.315182040260439 0.8695292926279334
9.983475537512536 1.1115358007156413
inf inf
6.022811351950479 1.1944238051814302
5.900272212266573 1.5503973097106536
39.116209938335885 100.65306105107396
11.965380765181923 11.250391323870973
inf inf
65.19546161231445 159.06926271143573
51.18772946013558 173.25584678127453
74.43358452615477 176.22674848100266
87.32817412455162 92.12645297863548
57.23527214639374 124.60347471411062
53.6160904263064 134.82128126415915
30.56117105276946 12.75854492858591
2.99257161272299 0.8552634739795774
3.692383689537172 3.578021259092575
57.83845081935555 124.07604421964466
53.433629324712456 101.04196966888587
60.545102263028205 107.51650910336751
21.37965451057552 0.39651171189292445
11.069656741154565 6.913431954509867
40.86950593265737 28.83647605352915
74.35636556467527 176.56561257402862
8.968649959545136 67.5983839428385
35.68088411757434 17.448819260520903
inf inf
inf inf
inf inf
53.98885606936782 148.8850985922871
4.956526391387755 1.5506791374290518
11.965169400503783 2.084208587491152
4.11975515155916 0.39186633881494237
86.1949865275266 91.15919308151749
44.44023265573918 68.03499441926739
40.3964332693616 26.60542283628915
5.3567144581141335 1.739111601396965
86.45628761047499 21.26032257022802
79.4266250009823 30.5117937873166
6.071976450107111 1.2315693191739019
16.842809706071854 4.464086221845162
7.073820257490829 1.7772324896026108
inf inf
27.154679871125268 41.4506013831616
8.066386983062658 2.793923409214108
51.3660580980975 14.043846572081579
64.87996148160119 4.579089184936097
40.11275347445759 155.15382384735497
4.821797976457235 0.3850849642989294
55.1475008485927 140.44787038199405
30.046960643142597 110.73737860986549
9.374531427845497 8.326099170332297
40.91490280065526 90.49686949880609
3.782269075643134 0.21651233132778824
2.7054637860668422 0.6920598228979054
33.5971722132868 113.34527107619114
3.913916628268675 3.62488827373794
1.8929164542447725 1.1499924235357597
6.029436531854747 1.9007656581199648
4.230062881464631 0.729517316325285
64.56657461541347 13.990756652733085
19.353348232215062 2.764192072716969
29.919600276887536 138.41614366787968
51.97061763496422 157.87006152749987
86.68265175958528 135.51437628553268
73.01695620857326 100.07808023690836
47.0276358152519 133.44821751674814
55.340229083685216 83.62684941056727
56.816581031755874 179.68077549003476
85.01188271571286 119.91105917350886
41.75500062598104 4.911293285411825
56.60396525392601 125.8062930393309
38.63998558860891 157.77802030884968
49.23724545550496 177.57157110584455
61.486651153951016 168.5199416317888
7.816396073325263 0.5286160094619421
48.092241110324004 4.753861197711414
2.024191109409519 1.0812880341987796
6.481240398220071 1.0301649910892692
1.6162542582247335 1.014960234941574
4.230205457305237 0.9234206490094458
73.31964500318284 126.39431471119738
77.38488702939695 152.60920793824494
27.966966071283725 2.1573222549610724
4.117986384882605 0.9467298839596751
38.80338235242998 36.789493214725994
16.617904558363286 18.9139482334327
2.1183050982932023 1.791498843119171
0.4891657287277442 1.011657238875559
1.5092377080340713 0.6453688223295034
0.969490895917474 0.9602591892944116
3.169674912453834 2.7153472165516317
52.81156665295333 137.5713431981136
38.89458301045909 111.60397035880519
55.996623362765604 164.03937455364024
18.506956048244035 118.41816957699847
35.03714033408884 124.77287514650256
52.638496844021375 158.65603517310075
37.915533734635886 130.26247298465702
35.53101785338711 40.88063061425078
37.67451401975049 137.06886737010717
62.215267209071555 142.51241170766048
67.23263353403111 98.5219279016017
88.43227107157486 156.0253078941357
inf inf
79.7887213575969 109.29973045264666
inf inf
41.75473974652318 167.74431331038755
13.920936922742499 93.80075470198273
87.76408460106917 97.13343879549791
62.699483396143975 177.93263227108162
32.46435685500131 170.87763298775886
46.54227423216986 160.52946150372657
67.73021404762926 102.21916150997522
46.61930319392931 53.2801352920031
20.229093904477278 13.16818910152094
65.13577384735432 173.99637427808003
77.96011988037226 159.16905155492358
37.54434296275116 62.67858084770417
39.81640920550528 1.5079533803403513
77.99697638354304 140.1954981736023
54.77408382600426 10.731715638696748
58.11297398019812 129.34471972238984
inf inf
65.27497701821203 112.94279980498838
inf inf
28.714012739255026 101.27556115448601
88.88345979244477 138.79825113562703
25.11828993720991 13.240728084910877
67.38092294121202 133.9366421709831
10.147895927726024 1.2318636478342646
29.885317835519743 157.15046855566035
72.17071781616326 164.2774688434987
57.40542887882238 141.3785554253427
54.34000199523103 163.42739674510617
20.657053086907062 66.29792331199953
inf inf
43.01920106802339 29.763436134353842
7.776499586987447 4.63754671216789
3.961721162209861 0.5359591727706298
26.594863330731712 37.395296241219214
inf inf
33.83750737154606 22.766244211850104
53.65989059910561 111.01061433388634
32.74311496902001 15.945246120008925
81.08594230830944 119.31463227864245
25.296725798650204 2.6847689963573527
63.449127546702826 135.02938960414042
30.253108081713922 135.38918591602382
69.51601678253434 115.24129786833517
20.824564074689224 5.681206137822678
46.209086744630724 19.046504995050377
73.68823600227822 90.39235875709674
10.336920897830037 5.797313673313276
25.12645949987241 26.91386957130884
76.72927147284388 126.76566366455512
2.1604505952291904 1.311686825618733
inf inf
72.62152351944773 68.08165327587321
46.95202082253533 1.9433717844117844
36.977600861954926 58.68483109605978
31.03655369112451 173.21557088862963
2.41022679384539 0.43485380690920283
1.7070072209193197 3.1463105657533523
1.8477121148307158 47.07018963910061
12.707079380162213 22.902288782013574
68.27645305962025 2.364881555282515
75.83848705348436 137.55771801982414
84.01805410581544 116.80825921517216
7.702395380545651 3.9972980265526865
5.388401280317727 6.503678986394488
40.004616330204996 42.5636376773596
inf inf
nan 69.05359048655099
56.023983287866585 148.4921346999881
inf inf
inf inf
inf inf
inf inf
27.997159702428256 0.5011673230962442
88.70797529316155 113.4429877134148
85.42533288107438 152.02011765434727
inf inf
27.406124828877182 164.30963972748646
27.735562608796553 1.4237831672671855
35.0849376645307 75.55687422074207
46.603744663625776 113.12647032485778
24.05335804492674 176.90476693409087
44.3975454541297 4.4535798311978105
75.43591811526373 95.34959999784323
66.10774771101704 20.098641418023472
73.84232716575815 155.84485649569712
80.37952818230355 125.1360511264436
18.69475100372036 1.0642183202238178
12.13829484881112 158.48866211626444
39.69852208599725 61.190305795169124
62.11009476984173 66.08121281951586
31.437468899789128 70.32209796765154
20.5019187780048 24.374177744406644
12.427508770644218 6.733866456986185
88.53027431601201 135.60284322984975
85.42656549855094 150.60131273807943
4.997029335399921 5.75854878788259
57.74023113745414 23.449185433781768
9.117418100360727 1.4484901627165032
75.59173411640248 10.997835293272734
46.54437754587809 119.7668020353678
17.514494428895375 17.47709829969036
35.744018369928554 175.2561545804488
64.91031966983714 110.22020660735721
89.14621721199558 12.332911545400217
52.04769997928547 70.05596847709565
36.01765797784096 22.89324178598784
27.99334065549085 17.656563671744596
3.682143189106605 1.1434843039195624
35.60176568843775 128.55675022133536
17.35620644901522 1.486438590175443
8.56948518835722 1.200356525308007
62.597903922149584 145.12052436864576
30.578642842071048 3.4915537327967536
28.27109023277973 4.4090903347359305
34.180298286793644 8.905976730796958
29.911112199527167 9.64006878407126
22.79745588059102 6.3903994987885495
41.11428937659096 60.83252066385083
5.035087455139193 3.7457197647675073
68.98238810214795 13.420361567414064
inf inf
85.07442865355728 154.1617656072131
5.4666851084163595 3.4526770955670325
85.47519298389616 32.80265038266137
55.299017758250216 172.23155233940716
9.6274296768979 7.817087587312151
50.1674782671123 30.87268894508178
15.03159533786936 137.8235928983506
nan 72.52442542399712
84.5104038429131 3.098425380589162
48.931489258406515 119.88807767956281
25.419529157963805 30.268627367581548
5.662860080653819 1.7008894463027442
78.27035009704237 5.21647646753652
84.61328786391232 33.922807077211054
50.18436032983702 58.85840826757802
26.76162405301859 7.308359694880337
26.63502723666933 7.217655774408291
48.96563688934214 108.01419518278652
27.15366833215511 13.263561276611647
85.58101335894555 144.66394244723406
31.914181856287016 70.76599689883066
1.9233485093954774 1.2872024771553037
16.145833316423406 2.6666818879407055
32.689656610439165 128.80777058733847
22.75778488800465 28.80373880190659
79.01254942551483 32.86214084154018
29.239249306213413 16.419966965304603
10.048051580638885 3.1869342080935876
27.50349787454239 11.922624354359023
2.872654842660636 1.4642535296898298
71.47303103022018 163.24344571153637
18.101213506701537 0.15633321119448362
63.043582439896134 152.7466563108126
89.84100921566039 36.71809281243368
21.41445511681162 24.39900678114595
14.912197164168084 1.3739822860417825
21.76066397449942 17.49465667002537
5.761557895005836 2.537793496289843
6.295101542476768 1.0183635172202847
81.88814513122716 171.66407851997968
4.9069596628953605 4.459094857922348
7.305812952129861 2.3680409208889586
17.039589725312215 63.20783011179877
20.709392696615023 2.7221406607597203
1.663268557079705 0.6417202492146932
3.5226321040854502 0.7630528960661005
10.292385660796784 10.009048043189827
7.691718769969863 3.4899150253233304
22.79280877553244 14.402640961175694
1.1181470704485794 3.1539729786867245
42.608454800509975 171.80735199279874
78.55757893970625 161.578019890905
2.756511001940364 1.3307386725952624
5.598421503429777 1.6152849998891061
8.257334181993626 0.6941380691608611
3.964313840522466 2.7272156702932264
3.9498141895457652 2.229881099949273
1.6615072152040962 0.8237270578194386
33.028077613649586 125.30276715198636
21.588674322453944 39.81995258763299
47.84435605528421 7.126010564204767
37.12369722249831 3.5493560968529647
19.157668544978435 2.0430570413162834
26.579905925152246 53.11473089098982
38.98064280498292 82.73990631883778
63.1796188579803 43.35624388111585
83.06982937142288 73.26046285252185
89.77126031705761 133.73360521394446
24.762771481697342 127.2185211963039
37.753092368611824 5.463406350515593
6.981731088988785 1.851915377321963
3.449196728812814 0.3958743349351456
inf inf
25.185395104996815 121.85256165809356
21.815377064818794 52.3979896525081
18.71442181816398 3.6440107856923625
59.78238563326494 171.7119771246303
5.924669583778051 2.8080928768603943
65.5932194806789 145.90163657705273
33.23113302910444 87.08633029847175
58.94831358316701 141.83221425070477
61.0872884800095 152.9734026336043
30.236904324715102 128.68960836868388
54.79224765228824 17.296886307438676
22.334907775107826 7.625607133968311
30.12069077367015 8.450433065455217
1.8336963012468215 1.7681668005332805
13.716082733115282 1.6275629382339043
23.62220932806591 129.73837633707157
19.633651955860245 2.957013621016111
inf inf
61.44262983451573 108.23899957082878
0.3646236022567187 0.18018450427401198
10.302848378202839 163.83510953228895
inf inf
75.35283404538924 141.31215861204535
22.933072907131585 0.7802768921736516
inf inf
3.1741404075668185 0.8886422155660502
21.924604180615706 171.76105876118834
33.978193478330354 162.7336447368483
inf inf
inf inf
14.135074014582386 149.35249882940235
8.18990769285218 1.2408262765232911
3.344926596367083 2.061518955024709
21.18877561985928 116.88839916484226
69.581012018624 5.954536384371824
26.92730886239579 128.00207476928952
1.3937537278622605 0.43584423184092375
1.628948243113791 0.4186330297610213
41.542091030839295 21.05562995640712
7.406969790005471 2.1244785988755424
23.572104942887815 17.928713884459484
2.2006772092469857 0.45986519895346434
1.0159186220215215 1.392155599942387
10.982849204366394 2.4095641479158627
9.229026771010345 1.418448491181297
3.6065622337687975 1.2072468806826475
0.7395938348556987 1.2990306327479715
12.416121911707766 4.931354137473685
3.29782131501809 0.7655815032914949
22.246464350122093 11.599213235840871
4.730033260044153 1.891808715223683
5.441180163986255 3.061958389213263
18.198995043110173 3.763393215406217
4.225224910563204 0.2981086088323844
34.164408717375856 5.511825842905848
59.16110270355091 49.37693707020694
19.966589238121237 14.681666099645831
68.17588595723126 22.320957490467364
2.5983886216840983 1.6888167358555144
32.46563706404989 126.57461321776066
3.7369296824667972 0.5818000235052391
86.3749395288262 51.62364154459374
81.07359846321519 26.091902704472997
36.5701355649576 46.26220501511163
44.20760013539379 94.39695221860804
23.035132100268193 10.47158979433883
inf inf
inf inf
inf inf
52.35333978681341 144.10942664825473
17.137582320100314 36.64244809416243
16.30586813168908 34.92914706472289
22.709590287543918 170.28284513158223
75.99880689642198 34.243916197465005
75.16137390863328 6.368818180590921
55.66726007068714 3.916840015649982
56.03174830558835 69.58689579943969
inf inf
inf inf
inf inf
89.40294654925101 164.9936500775613
43.54961429149583 6.18588065038392
14.843040715272652 1.7694225589603276
61.887352004310756 153.32723466026675
3.4918648411855413 1.7468237404282076
25.67473264612435 158.71758728968922
30.524759129010267 53.901681190712424
2.2988504873784037 5.687575410384807
4.428775285056686 9.304382698979339
3.6627332910787898 3.2747114433023845
0.64648127758006 0.46731590394937716
66.70203730826607 116.31015763111233
59.32210201757354 179.3033344707715
66.24873645594815 92.03808227741808
33.12033536918588 167.2982345325983
65.8743994728432 93.40811354075021
12.789531141313775 0.9935418505591592
38.366232187775935 156.1750192615056
inf inf
63.535107006788955 19.603160304712045
68.89391017740009 165.22437454372894
60.70171110733245 120.31565792126023
16.04816164118685 9.746117627817918
46.56327597004124 16.04876297934859
81.37634856961931 152.13901004953297
64.63779852589825 10.702207802908443
70.30964159735797 53.59939738094746
13.71411184015173 143.9461183261428
69.34515516895057 112.7288061987915
43.99277714378209 121.54190580050185
61.12742619158894 60.36194004725731
84.17943603502378 61.01358005053957
0.7438321054597195 0.968738919605472
86.0281776936139 7.519584473927805
66.15357319388484 137.66614040530325
22.27194489943122 152.4021511235794
63.01087495719574 133.72370103580744
56.91114278938439 33.71974777555728
29.47226833144967 160.97061551075598
82.34948772587182 17.47056070067829
inf inf
inf inf
inf inf
inf inf
62.65944119615089 169.5812795184176
10.29483780303127 13.575917443117083
64.44747260729409 26.97172143818352
inf inf
inf inf
34.35956520695984 69.44754796277554
50.84946820562763 56.3498232805811
31.04093170065238 118.76980758330423
67.75784566205087 75.25127508318738
52.262832629110605 3.086980461213952
inf inf
16.50039336016663 1.6149221779349816
85.33504849357881 120.93904458673595
inf inf
57.09629688301013 134.93110511785326
nan 25.57364256556525
34.7796358483381 103.70179543072727
12.970293545837734 3.6387034174768336
12.756368832108713 3.932980199341558
6.746173135762755 3.428190932981035
86.12430402314325 36.288368101344986
3.770712833743502 1.1925344010349965
15.572768403376898 68.45592633585267
89.24501177738907 4.963857745504758
4.65684716602324 0.6427400770571271
2.10259068089611 1.1313643388401966
2.808156491338079 0.7192995612869186
87.19467616450622 48.86050971773795
6.849635845382798 1.4103315025843706
32.2975963847742 128.18523338630501
62.73235999624031 49.52664315353087
84.49160806617982 128.87641344486414
6.800505798034801 3.081797209404003
87.64892661496957 93.84966736075566
74.88319441677882 153.34385433258882
3.4495245929596936 1.2571351542006397
46.055876656088806 50.69419533750669
70.16100238576429 70.91081578850903
5.887323753868914 2.6490415362927173
9.846067129093196 2.7037644369389535
11.186897047988744 1.2704303180150964
3.741578392340704 0.6872147872252222
6.948330715957761 2.874419369370584
49.98149038117276 159.6604886158592
7.037112273173383 2.1268943796551847
33.13641302032607 149.2059266779947
70.3518318782207 22.581109515882883
61.78745134092528 152.98987072594866
84.55975490689949 75.45787377512544
66.3942431973962 74.35542772539479
6.660303075965015 0.9674121123517472
4.093963114518338 0.35494812662840525
18.36492548794123 2.7009800708720273
8.276331212902619 0.9793575462227481
26.98465692956571 17.20704034569577
59.369675945539335 36.18838622646457
34.87678032493663 5.073062495504616
82.39117007548211 16.42149910489884
18.26478238315112 174.92323223933332
62.90398647749277 3.219549614918089
10.131473780570497 1.7153732413553942
81.98229907741214 26.80402220038685
19.878499723363667 2.2374509593366527
3.4167888963074793 11.331234537214485
66.58769224674872 157.8821850628149
36.633208457664345 4.699703277972425
inf inf
inf inf
inf inf
44.77314326353701 20.7268016085801
51.914402234930726 22.55267572235383
12.90117550048636 14.51218093663194
1.4108334416937767 1.5148742729569848
29.710575858771385 34.75188530413979
6.2430076714578675 1.1479120507889429
1.4999917379722199 1.5827520047769497
33.37374265188042 45.75269202914849
47.50134375934743 173.57150245274318
3.5354180849725854 2.2120621610871836
inf inf
inf inf
inf inf
inf inf
inf inf
28.19004618229266 59.78118491376826
49.81622742862413 100.95160719810553
5.130052947150863 1.1169468243082477
35.285248107525355 174.71660640429045
0.3545704842620634 0.3228728631097107
3.054205036196064 1.0825864302613646
1.252468973069257 0.9676223861132571
31.996939019173645 5.370337518111781
19.990656650033486 117.51015615312772
47.72750286481667 143.6243041414807
inf inf
32.816297489132936 2.6795239827838753
8.04897716218912 4.815160998379196
43.7408424821366 112.98656817441088
23.230427953113008 167.79840517759405
67.8862050695734 80.34054760981107
6.104947230543261 2.4358998124242466
57.374309094079464 1.5590955184822506
8.070351523409943 1.7526638043133032
1.7007417449027213 1.0477040148881074
12.600099698996384 2.6993746546201565
66.8828362749044 130.7188479287847
17.78975618312739 2.927081627698609
13.387414049768697 28.05223355950942
71.12068411131905 9.685097878747229
56.67445756461194 56.7363944068522
64.25665284290149 178.9066885917567
42.59992048953646 152.72521374102533
nan 19.23518047663577
inf inf
inf inf
30.7158458337465 129.42421596731467
73.33568699988963 6.809920255295875
18.96830918752246 1.1067470396140324
18.651083212190283 10.001721086398803
6.056375890196663 1.4498508426812138
18.235290413285707 1.6794336814038084
16.07347177966393 4.038456515488628
18.74669231967293 18.284776016130667
71.20485945971124 167.58374026663319
41.98821182789784 10.222344308357732
41.80791007454181 48.237288469949014
4.086108894504693 1.2062931837683857
26.553035456790926 13.542178381046492
82.29147983555005 107.1709798158509
44.38583368604911 92.6823481911617
76.9012760579433 168.17338648372373
22.994172398091166 72.08597548862065
15.925395584268434 3.442606547384031
76.09783469182103 113.15796442825943
14.700825758604253 91.93813319766075
11.316571668845299 3.1065553814583593
59.83385712779676 71.13396833838137
4.702041067239168 1.4117632288678308
22.99477208891568 171.5064445292203
inf inf
89.91710859271369 137.40585936227524
inf inf
22.822542697107444 50.18021949030883
15.780691346024156 162.4691516283667
10.42048509319501 1.3603484916451731
39.766506356627275 3.3886824329970517
inf inf
2.6888634480998377 1.0204271165583876
5.252088155064316 1.8188790605342817
44.98054515349409 69.79063351163339
6.726095381454664 1.0405641327874313
9.354480139980797 1.1512053854536883
28.06751927686928 16.35343461063607
8.361749074058308 1.303899833852965
28.84863206016519 3.228935583056729
16.294088061816595 1.0875709138405965
33.24417770189676 3.14473355240137
79.79222568113252 39.80476692397596
21.757863383615444 6.453018630735453
29.69538284050722 10.742753044034977
inf inf
inf inf
44.58811254320196 144.740582777343
16.86750148663293 4.780838168810834
79.39402675545584 178.85927167644923
84.25871777686432 6.2987060717712176
28.189321374994826 20.862934833523717
86.45728406450235 10.677264334548783
52.876699422504544 35.10950665831709
inf inf
inf inf
nan 32.46073158979346
16.371026312052347 1.9004876768420857
23.225225839571987 5.20989159380096
60.35957253688904 12.584832581883427
64.66354141269578 175.4429172955692
26.59707301612804 7.635628196113518
9.597626067496414 1.338571116851462
4.595900589466696 2.0103037093601572
9.58403655972225 2.3607391331329453
6.282840307642678 7.497716220351444
17.72719993841224 13.756585297613228
4.0654147083127645 3.4782693709552355
12.69175927027149 12.704310130300046
82.06028479002694 60.378278289933924
28.686196306971226 123.42139037481805
9.915108401885378 1.194215303158251
nan 71.70595524715561
30.40242797102119 25.64492501788319
14.377357134349326 2.4842706513488575
23.739799093365548 19.052030347102583
7.129613053368145 1.4928242182404683
36.15792539980339 5.069395495242914
54.11164954261785 2.2593375847875357
3.1976672325880955 1.4647580851219588
8.387374435558366 23.17848850601908
2.1415002294311547 2.4844555965538757
19.61464465885338 2.262312767740868
89.53857733821968 166.58405758243245
6.333630706281609 2.4465906564257573
59.1369211874183 148.5922811304333
31.040805693766785 4.374251749821387
12.923106296321277 11.857652431230708
41.8846728899415 72.3765073343198
7.563410138889478 1.910423243628471
12.921357278744505 5.829465000135244
6.14551961424753 1.9792883491477116
3.113071463082014 1.0476883804893016
3.930046108411867 1.4677965410645173
6.3900187077604045 4.1139767941210055
10.447169572343295 3.8694232093299985
0.5680647411590913 2.3675071599629387
26.897652519942866 57.262976925460386
83.86138313286625 170.74307155527575
3.662194023986173 2.4481748836374733
50.28690523123129 54.88409569944442
38.208924983925485 117.05669051114876
38.83039270939727 109.65748331118958
27.041468571506954 102.96510724889278
inf inf
85.32853115116194 4.487453664524688
9.63739839823669 2.55763228909843
39.55530219611229 178.5317941606594
7.278760499386297 3.8989723800472196
4.881821636095293 3.3464183583133003
48.22118880935935 79.50917819808012
1.0838927718260043 3.7809919483568732
48.31961353657796 151.61984151986272
55.357079889525814 5.927135875391126
69.65733287037025 46.21981848588383
2.752623696937719 3.6103505575125268
16.18428089416612 13.741703739852882
3.610672387112178 5.045086891164285
68.98647100819727 136.30388215559523
60.28829567306663 66.27993257329733
5.891322701371296 8.378604656792449
25.291585544949307 9.78046785393204
42.5854686203167 126.7134884970433
inf inf
inf inf
inf inf
inf inf
5.185648003641956 1.5164438233143018
35.2002821209788 133.53005954026733
15.21796680965072 4.17146518273893
34.33823181861758 6.996083605482794
34.57973234356784 14.345883310211775
8.326322681405808 1.3587356767862704
69.54756039709068 5.837587728833256
51.31564049187342 49.65948820227889
60.34078417545916 2.8968623461866736
67.55402752074106 6.637639702395861
3.704834061050866 0.6107113897508936
7.32281087323388 1.4094037588093165
30.981020309846095 7.342510374711684
86.91363884147363 56.097518567346555
43.2477277657518 174.40627344662911
63.730127488437745 163.8725208305913
2.1682437219859927 2.3887785605179257
2.28984039417629 26.4417415643798
16.032112197405404 10.420085609604168
12.021151686214093 7.342693144617052
3.6818060614223795 0.6293898507440723
77.86685966325398 139.2524186307219
40.79659906178574 163.62571935077167
46.499728465974044 85.458203504907
2.8292578335531715 0.8519530247193543
12.261579673020641 9.51150742502509
31.50706336463372 126.48252385301807
55.73003113909176 39.77300726274732
2.4809510731020867 5.20237089873275
2.360619953224066 24.594563968567794
33.94212511570988 154.20520453496076
24.901125808067228 7.3828791929960635
inf inf
11.348840009911747 17.121861727140285
79.1180233335352 86.95300067817026
12.060795285292562 3.619387465415637
69.0964764743544 168.27221419805167
inf inf
inf inf
inf inf
2.6347063072732615 2.2573343794527627
60.247424246335356 33.352595558512434
42.64256788438805 173.34111690348345
80.80101911185417 171.53629245286825
7.338560148724005 17.814758277777493
5.301845188508263 3.043257760889909
53.564945959002586 4.051436234165538
59.348166667823165 16.909034780600827
4.941215857978448 1.5712141931283627
80.82288861740207 114.67077912720318
52.13210465807534 42.76084684260045
51.2394379365671 151.16028330679265
3.5895253696828973 0.591733325591585
7.357777041800782 0.5911447356394459
16.873186433840267 11.483962421311785
12.500212182035556 0.79061457842893
57.04909196101394 9.37669564164377
42.999972094243844 145.87409579277394
55.70684988910499 176.27929412809277
7.927011158473098 0.6772287502858596
65.7610741080801 111.04369430065064
6.616917798578528 0.5824842807098701
38.415471466711864 119.57646064269656
31.76170878265432 101.40578487309165
8.652275056683004 4.383077129680037
1.411241387529323 0.9521645043814525
40.879530669862504 121.86859377003022
27.86962165876609 6.6092522172842045
45.27175719564647 155.36043331644933
65.07699074700751 165.54500172416508
8.60340604004228 3.184293256399868
6.369328792169484 2.2452918970665645
8.379165069785715 1.5732948620619125
4.9758934481843085 0.8521804161312859
2.5758681289904275 0.8977240889483631
53.9763040208469 101.94045377456086
67.94670869364462 16.842672005021246
5.754626442554584 2.1589180488636726
49.69567490724813 121.82089684236045
3.1577821937899655 5.673049521533756
74.49970314209804 27.091759840460284
2.6670814338233924 2.4487921210277888
0.08500928486565797 1.1075938497930296
48.10098513778784 37.82470017235387
1.465861756111499 0.28443616026723395
6.933111702078702 1.0798157260036592
17.13868476947216 1.3107806123601464
73.85561112128876 3.9468118542713753
19.83080667384653 1.7349211208610875
3.3722869678389107 4.116810215908914
4.479274841207237 2.578670974218426
13.218640498233254 3.8824445885772425
19.185301530211156 2.3971076859679803
6.278513018605029 0.5886670928112961
4.643636811787054 1.9526900526211124
4.073967520331837 3.4116177643830374
14.375383226240322 7.035376343751748
4.367763081522842 1.6893489296847353
55.75266433625574 13.527878203343352
61.45804796164682 3.7083893566640813
56.5153924863955 159.06780021134043
35.22814370803491 16.89099760228196
45.540656090834645 49.21838900106062
13.76456222825174 1.0434109438765073
8.487388732931974 2.247993963402865
53.256507387445836 11.02426003453576
40.69679723552996 95.93982001082776
12.49184321232074 4.68432948313595
14.316321905876901 6.057920537843507
26.872288491286415 41.962992877876786
75.8829567253991 48.24284201178333
13.531057125252008 4.492134761457931
2.750222844038856 2.6995256104024814
15.351160041851927 4.186594998598943
15.940586396230989 6.518871208755025
82.74884636057003 98.55626449976813
69.88206307458383 121.61142698308402
7.698421420309539 0.3999897612040903
84.99238700538385 25.86263991050166
3.9994959176441425 1.0556461684501832
8.72584420315803 1.4381312565900073
20.420557025448204 1.6185200998625298
23.67120384184249 179.3959475511586
20.012080576764568 112.09951277742312
51.40409970586566 133.04892812618206
84.92297391160905 132.93557962851736
72.22453354962114 17.212489407419334
75.22702550077607 17.127399616579417
68.35036346135381 18.678070750078675
12.417169642640674 1.3787112263862684
28.94751080907187 16.962285062553928
6.814657038750353 2.4872819638628294
81.37118389650273 158.5488193975437
10.685631706523393 1.3237246448460955
8.782873027873233 9.657922063353992
9.139006720247895 8.787614089116536
3.8054620144126563 1.28479468601688
14.611874273162668 1.1564198093653615
3.1469993158458793 0.8499957484972254
3.877352684758451 0.16277549906852093
48.30705246406901 114.20667548652919
48.5460862637093 5.3895761098299095
3.4244658554441396 7.111160543420043
12.512778594086061 3.734234856735019
4.946101194526362 1.9029884394815213
3.739915178291785 0.8331354818591467
23.578156871964662 93.42568676778296
12.803908234007112 16.306758789159026
73.67323433294793 121.82394215092098
65.00967148426778 148.83632667720462
4.278900567520747 1.0630325670186476
44.56499961347023 124.61598662995716
77.93767329555384 140.62056685799678
39.21125267222115 78.03180895983071
24.99451346634784 37.84748422980833
47.294992061264686 111.39691563622972
3.548179548925816 162.76269430769122
86.57950897972653 13.630251970555163
64.13892797178022 154.49346570579522
6.277648019828166 0.8252946665229189
43.36351497516699 137.5037240918142
4.046959193003639 1.1743010510032588
78.81738716928821 135.27328391863867
88.85264628027394 145.00800971848693
56.305487670999966 25.189261505065407
26.00519355172011 56.33655484672383
39.91286011444551 45.04126949443145
5.761919308681913 2.0123843394206133
87.28054745615671 93.4586312525812
60.62654788342192 125.8266995348945
3.6277761318096364 1.07070235496616
64.44159066157496 26.155095028478954
66.12040208154404 70.72677344605887
89.25411376630032 151.5679169030686
68.19928650827407 151.39605779683313
34.371410783205 2.8246565815650095
72.92231081964991 88.01824068458329
14.577794883304971 6.764018460127425
77.17103025851459 142.29084435588243
47.4530510015103 123.49684788451285
31.1493757854409 44.56545257193077
54.22718416289875 121.54265964246434
70.75537512662466 123.13649556028507
59.83647958035276 91.71881357393403
81.56796838559013 95.23606164178625
80.13756066828022 43.33491634820743
48.91422471467081 150.2319712024667
5.402312653334376 1.1266474022356867
85.21081150665908 150.96913773050306
0.871235081025262 0.5606004879792967
3.1448196292128303 0.6007004356444603
11.418678785769663 2.846641511010323
34.42817726174979 1.349258313420216
8.313099528368099 169.2121690825879
60.55057428609179 171.6984942753578
59.136959645758765 34.86140024209625
39.94261466001851 10.550660554951522
49.44967564529537 145.4455010580062
63.65453127970527 25.705727950735227
33.266789172500495 22.686334713987193
6.503043643960637 1.1452570203369243
19.99839932574972 43.552972021560294
32.363831094369715 7.0022195301043695
6.441013896066578 1.238405362460102
17.39561164629803 1.9840465055874423
23.111099462152122 18.290990911784487
6.959676499381562 2.4156610340197093
1.4371203664668954 1.7166581503732665
2.1757611205134815 4.084588367352636
8.314248760410516 2.5022813126656094
47.64765268326014 8.421253117109902
26.65726926688119 13.394665226218532
21.407977736534292 6.915793448878676
21.060999858464537 12.828113742806158
82.91820489640048 3.9959792450802807
1.840985452421177 1.5937514417341048
3.231503876849185 3.1207138081215806
7.18855960972532 1.1589098122851058
1.4186922152994401 3.887749421503654
44.13448410868202 3.795803930222895
3.6530287157430443 1.0194871703986985
27.937819876267767 128.8517212891945
8.422594257234843 1.2043369979616743
49.7486297932183 125.66318565545804
5.360628490228669 0.4293307672240048
6.077003150191639 1.1801841399549609
5.685307976579593 1.4082053874519627
2.9218490844507623 0.6489371195204597
17.235026694200464 1.9371912282419643
5.536386776492625 1.1276128493788184
1.7845363060227484 0.7687532213438074
3.337181501247406 0.5813733339121802
4.174144740072872 0.9467268502994639
3.191037954429779 10.986561022010072
7.009506260332118 1.5931944363298105
2.4145719355677375 1.1295960527393525
30.775831905709595 11.373918520941535
3.205866119518043 0.2889986824208404
4.223436072133591 0.8657797450733501
3.2131846186169417 1.1657762327742296
22.6545783327638 2.1313598431508973
13.741811758567126 3.57744437834727
3.048314692837033 2.076593683801664
10.64808722777937 1.9643528560698644
27.42926595324032 31.22174910919836
6.914920437682309 0.4675833533749703
3.1279500878062456 1.7270972915785976
6.781213656579085 2.2773756831290566
8.996460115326496 1.0617007017422981
16.273290931586132 0.8818170855013283
3.77068903002445 2.2023304525882006
19.316734978561797 0.878116867676752
23.39740112821666 6.983278180695468
inf inf
69.90941420267723 172.60820065921786
73.12472971131979 178.03926532203408
68.02076356457236 131.98902650860327
80.9695879077218 110.5287186249617
50.61718128904628 51.24059448211043
67.686932481216 117.5881061977806
80.49904692841076 96.07129127667594
58.29559444814446 122.19450209893374
52.94785751057 146.91455856770824
1.1752222351928645 2.854717602009607
54.775857825633494 19.839289685062383
28.51475860019653 162.49399048015297
56.51820862099581 151.5090713372839
8.675974937953029 3.682607596250734
16.331687894092678 69.12846130426406
16.67789862246923 1.7697622120824987
45.03212755704012 121.29187415149151
78.3271291213059 179.0354822101306
38.111640586496314 88.18388265399982
42.53376464015732 168.65270641335778
56.09653788028355 175.95642594311892
69.94054777964875 22.919308997993074
34.6693743292989 93.6835174265941
3.5531174110440316 1.910612045142812
4.3461701403028 1.836870697142663
35.91684330173542 76.73429022971226
35.630012132330435 11.030608389339168
59.60590248161876 15.621451718940971
12.717511881868063 136.4226003715703
6.9583448771521645 5.534357639612679
34.598882476093834 76.42167896678443
20.25717216628061 1.826937442515295
13.872056124172602 1.824493981247477
5.005876079751634 1.6017493200624955
42.41102611563562 174.37803145536543
5.025506774057948 0.9322815570439241
19.08203038433741 3.134885626008731
77.66095649529211 174.147031741115
3.1938005727267225 0.18180060222128974
19.837897265320844 2.768713521174801
inf inf
79.03387549303656 14.989526057171462
1.5519278977097313 0.8053142398830471
3.430220208549625 2.782118699083831
8.366623646703712 2.181632768393412
7.710423191643712 1.6167852110749779
74.8719280847981 167.3850291083695
33.64137778828507 11.240728806766871
7.006489108136502 0.6327021871050428
2.503731697864873 0.6893985872217518
38.94890134302462 6.084365772693949
14.230868847547272 1.637587979792426
59.423295427487304 14.518612826866622
19.725350263485236 1.8445420237235206
80.06087619434223 21.48470613803244
10.999140743688828 13.256168148288708
inf inf
inf inf
83.30610642804196 22.950385919109696
55.03612212959209 60.65878246051739
88.6984283647219 37.500274835566486
74.96670875017779 157.4507102514849
77.2818437476705 122.92727457159506
80.66685939562444 108.07586305469533
inf inf
4.330984612907057 1.3203155881408177
33.75607170256444 154.11079837996252
77.22616576332491 15.186287089960135
21.856410924729836 5.115572392374434
82.72496477973603 150.90479952374483
inf inf
26.969351012906767 48.47148959723019
51.51176240613725 128.13872088581917
81.78913045931779 128.35835097559826
61.84168542423231 104.30469602706053
74.31136250390621 159.78512461909264
inf inf
43.6644092657536 94.27120089858421
17.526439883726145 68.74251223885028
26.137108966799524 31.375975602939977
16.975355677623167 84.09798403940974
86.87509285254802 66.548651978417
inf inf
86.41773513119978 146.63095122537595
61.08757471828058 35.86263972102894
1.2050899352436915 1.0849089632374698
