2.6498522840191727 0.6872241916593619
2.7010276906542923 1.9570560276086884
4.326028728711964 1.1669461772321548
3.275735879890446 2.490860947136394
2.0802070496720133 1.5822398304061598
20.249853863741496 42.620345747877636
32.91168883852731 2.3668306704960083
4.047670209335948 5.458096794660635
2.1020998650089116 2.997202081235282
3.739472323435476 4.549681236371348
0.824299202403325 1.48986017084245
9.140777754624544 2.771358984388924
14.32346791547372 1.7203514565242004
1.4011121985917196 0.35146844356553125
46.334262903166405 2.6416216088865134
inf inf
23.512636245524057 149.3156232322426
nan 5.445625870726254
47.17771020843324 18.08482056843645
47.608610419080435 125.58214148369237
38.85249017821085 10.833414262365245
34.207068054748646 1.3730409769156466
3.8386914723365786 1.2624894813266945
72.13352908751459 15.641745058847038
3.7064588767093816 0.5506918123576358
3.320312357319734 0.31916691001700076
8.505493630437423 0.7922839578959548
15.059270690585944 1.2800916116175258
61.97194750396472 1.039566069509453
6.439889961449641 1.3008387495402425
4.651846862158062 1.161286300806097
7.828831819816157 0.7447204708008816
6.587192595920089 1.4335853607333424
7.61590195237575 3.004265197192262
18.422482458846805 8.759244214846806
1.5778068947061592 1.0301216063241585
10.368382960287079 14.870926759124723
7.51642233299453 4.116296794053353
47.23329522242685 131.75215633962432
14.539498476721917 165.12565731559494
1.7477006112487012 1.4240811526801507
15.610504051361346 96.55841213677837
8.442932436932761 0.5227559003422931
39.65705156083488 5.2850573180212725
10.844835575842627 0.9311405981674667
25.972925642100876 90.66137480605218
2.808777657826959 1.2596910578418887
27.09662782007454 74.48927115528278
77.94223708088515 152.09971715551234
1.6657604934319226 0.7519260475118832
50.79222547816192 49.825109202172136
71.68502112660843 122.5890955415906
45.59793127961624 14.439563613630758
72.7732697372301 97.56459096458612
52.28693455558488 109.87695658697093
72.32905279629519 14.643763819496716
31.19766664820338 4.566740712324897
8.85501027118604 0.3302603805200269
43.73020868488848 2.994836229240724
0.8152436944932892 0.6907428478158584
9.659961769737276 5.602165103172339
68.19751456362792 26.723961625473144
67.50926993434902 90.65503684789869
33.634917086401344 62.280893220299035
36.926234969681616 167.88393920464523
58.694226129156924 18.00006632219065
61.07173915703116 135.16052674172056
34.877122789078214 113.51013816586867
74.30693479439388 155.96780370351757
76.18574457309153 73.04396673044837
64.41485122360629 29.33801267451704
26.455133214987118 4.486258308629403
78.80098662607132 35.53431521643287
59.60570629331045 68.25022894146433
inf inf
3.2600443176250655 0.7989114564025735
77.23760155151356 177.37630392923953
12.56008054221109 9.172499064355842
2.2017291150661875 0.9969317439291381
inf inf
49.1107116915623 154.7298191262022
75.92907311202771 157.4513058396017
66.32788493625088 146.9307307968295
3.6441857937421247 2.226841247517469
51.66717387914977 117.7909020239707
36.93750667864196 58.52040999478419
16.776884377311806 1.6172680359111105
81.18535520528603 45.79670532072966
18.828895886777353 6.1212989818216546
72.88447069148744 11.70971934137538
78.7051092611934 75.13738561300728
75.66780407664001 169.3205535736124
75.08607367847868 115.95174783783433
37.20301618531033 74.78453068757263
inf inf
39.77930389256792 162.14537365703782
inf inf
29.338070003179325 168.98116893636882
86.1991648040278 9.869156159549172
38.44421482580722 178.82262687386776
65.40962460313052 152.1858644554147
81.33043744077298 25.84661168732877
inf inf
20.698209776180036 17.081138096889458
23.69912884082864 0.7243098549196594
88.284954436613 21.810727123756966
43.87872200607083 160.38280516332742
76.74919650002052 147.82428351301425
inf inf
74.93758851439506 173.50905529360003
89.35107975584019 175.86123812303546
44.67521720659397 121.17536804065972
47.500702240750456 159.3815386497015
86.63750498548748 174.5018092865572
inf inf
79.14427775018373 122.91156831712253
77.33822984881664 108.23140788603837
49.645246206738456 2.9893524229202924
inf inf
84.85801520815367 53.73604052365637
11.75021349000101 1.1308926107049995
inf inf
inf inf
71.7629871360984 11.496910295020154
11.154099667527102 3.3937060375364134
51.35752876341304 5.576158244550643
22.828760410413157 16.658572128086877
63.95954419341639 163.86143239675414
43.44124075753891 152.7263141664175
21.922272863770623 3.962971266311129
4.041851005633333 170.91901744019555
87.49455605952943 36.977807959906265
42.569593382146124 1.3117757560944792
16.23119019594531 0.7485792809749944
10.671700251771199 106.09198384349118
6.238917490645302 1.181918571836489
33.41606650675917 142.6584176847465
37.13341653933975 9.271501768483212
nan 21.726702739377483
33.44261662736146 110.00372195922701
11.568172953959413 1.9213487220488237
0.5224258159111612 0.2539968348958357
6.015607416292646 1.1504741333835138
6.8324557616453205 148.18339125291237
42.08014047711551 6.4148534730389715
88.04820472819476 42.707327709160644
3.420255042537924 0.368414997447079
37.18226023041376 7.34120246447935
78.2328150230413 6.4441251434089954
29.80208966349872 128.43584022858343
7.477307139756561 2.3261471692671645
4.6687511965480235 1.0000926926852405
32.994037504706 31.321550675594878
13.337571187843839 0.3889506891981705
32.95908543710485 14.837312717674783
7.054385353875287 1.6579433238978665
1.1235207971918726 0.8852066907401639
63.51555693219338 82.48022011717175
78.4880647015254 105.1550530267316
23.57483946667669 1.4603989092834346
6.417107982804583 1.3551732242129468
64.96876740551664 29.062074236979505
2.651604250194565 0.368069342244145
10.499127162270161 1.78075180765859
53.60247770382044 2.269242252137448
87.76385149485307 28.056213939547785
21.29434438229248 105.84928294727736
75.82019042394063 7.514011105229391
16.419132410564732 1.085082843579205
42.065332553354466 21.761129383892584
81.46140070688848 7.608333030408925
76.40251448735503 18.61504682351446
26.86285810005399 2.9404189402914263
40.41261698279614 5.692564143895922
17.016580037161877 2.88809836165303
17.413308945742024 2.3277133704818294
9.198396292124663 109.44214423126022
6.624971922743526 113.57485011644152
63.25030938555914 3.38438658108568
7.119570191653334 0.5697660355783876
44.28753145995512 6.1518819180002575
15.782746251444443 12.172401132211968
12.332393494858422 3.0680955295612287
4.849388532988639 0.8498396020986465
3.965558788706419 0.6504806585849139
6.61820370939974 5.306080468480907
8.203361416678312 1.397179744437312
86.01156798804307 28.385151059757234
28.50211977925147 1.5193804791788699
6.088751283911467 1.6821115761135847
24.343191708150783 154.10940590943565
8.696596508006541 2.592241395728973
25.834460940665082 159.42254987729345
0.7776951881518424 0.2982062949871134
87.87934621270031 7.62492881016475
10.529095582211742 1.1896126829789408
20.895764605800714 124.12006238130938
30.91689951841381 6.182356585253756
24.722742910392327 1.8244777513414334
24.489106799487928 2.2631265355276744
84.5201288968323 118.00585880009412
8.255809682372012 2.501255428074484
48.212979079356145 54.94115901083539
84.39782052556652 134.0004979972107
75.6780547664094 103.77292356749919
20.887060653040923 3.7713672209297795
70.54330685642863 112.22702604782684
34.711314204380955 153.24770313118717
85.07278474575804 137.61039086159911
nan 46.66499761932124
49.08425699706151 165.06126296688868
4.94019141684631 2.4914857259860654
81.50384773702075 73.05340240989098
71.74899592492285 22.41165204018756
inf inf
inf inf
36.56397117190763 147.5230705409024
81.17900413420675 98.79064447060135
72.15726938661577 151.86123489261146
53.67592000535518 164.543996486132
inf inf
inf inf
74.90997475673629 27.84376147055393
25.008107952937735 137.3385950578429
45.292426771970185 128.35993183207984
87.30389265076113 55.26042415228907
5.83028125898631 2.12260812472162
78.60495018436114 69.58353491856354
35.64641878395659 130.4482337469324
82.85699526775578 131.5117985261529
42.44970590857136 139.86003471393576
43.51832764010222 26.434488645577634
59.71776549899688 9.309280005721494
4.4733356807036655 1.368798142152952
2.0972895731735552 0.8196949642825145
43.27385087853542 10.026013388670739
13.421598702247433 3.5244795873643526
75.53227047287348 1.6749269352860083
31.889638402791746 134.80404598922155
inf inf
19.426465887290973 11.078075052682102
16.653834513828667 1.640980006109238
14.887258877155743 2.860725214494534
13.147527635715775 0.4960052950426849
5.015830656539353 0.5395527905966057
11.456684245437843 5.27997588139403
0.6050928473116133 1.7474731893914044
19.20208624026759 112.89289740771473
82.51546489161728 31.918013072170087
2.417792925332715 1.2810001326920752
46.59687756253345 161.43391172912865
inf inf
inf inf
58.43192528548629 170.11845965355036
3.4259755106729024 0.46861824663470264
14.479989143988831 144.2814738447758
inf inf
79.01739948227412 67.69605244466281
61.225413958592966 97.08441020154986
30.72795478812704 9.987469688155276
33.25223841556988 109.43602002396179
79.25277751190788 163.34325639034887
56.14503583324775 169.0058513197537
60.32888739560451 13.033604424954165
14.9262513788992 131.88331573635503
1.4038778276479833 0.9077028919678606
68.18003135472249 115.51628131096962
inf inf
9.182942453760862 1.4423328470041479
7.481439236210766 1.1227865315435943
13.026299802108493 5.842031610821486
2.6267763174203522 0.6630315195515534
48.61273871071418 102.05634742595417
inf inf
inf inf
42.656438663762145 3.36363022417572
75.68973694299675 170.53175523639186
inf inf
inf inf
inf inf
9.947554649779562 2.1703907348075093
42.57041194228135 33.2669167603268
33.33968788713579 123.01641177778848
9.758677289917701 2.741605540075971
55.80537765497268 39.274449906461996
53.47987432006754 115.16106750571673
45.36151270571739 97.09836034748915
70.31911140332795 117.29445314006858
58.54152875322622 44.85932587628794
60.85830503340979 46.22427019779085
37.23279013407025 17.124129646820887
11.70215977806536 21.24581286597388
24.0900384434452 12.264741159006832
1.2337893248095348 0.8388487857543256
53.89265138346154 147.68048548366124
14.165694056622693 13.532335918452416
12.266095601560185 1.4646760173573758
17.343847933010114 169.69118754034963
23.536271202101414 1.3967496939234207
1.9477737089663787 1.6865540168084552
56.62704975415806 149.34116612121844
40.23675178168165 92.94906836758311
inf inf
50.831477299259035 134.24438092669905
4.618616657358856 1.3800766044026913
57.166874632424516 165.4735660955227
2.457537878287004 0.5842756444441151
19.80458125614578 5.906197203881784
84.18083108843373 91.37706528958482
23.5870905876689 170.7140380343167
72.62480043824104 24.617517791461204
69.5406716339797 176.30686828422614
43.79446834380565 34.93044617981197
35.73946132551342 124.03115781113715
20.933705277786668 100.1812393755189
25.465926046393193 14.114223532271472
14.998866030760865 176.2900936977638
18.323776370668654 8.240911681430378
17.44049124372927 32.07018294492762
31.762033836585267 3.319109419511171
23.91761395236471 1.7993970751971948
66.31148604608188 27.59567967149565
1.8160344328603852 0.44231669696677367
50.01026159752971 4.368755462313715
4.271780098910365 1.124476869537774
inf inf
inf inf
70.48472960105798 163.1436573185948
inf inf
79.40277771427276 53.08195653940716
84.55730974939972 11.559472633838794
6.87159880982094 1.2863819358378117
6.3410853894893355 0.6446736054615035
3.4942497054298833 1.8037504105430315
87.3535540568317 114.60221035049443
57.46873035818018 134.56327967378607
76.81710237990816 116.54986338322007
75.55244625260485 10.026618137459081
16.082484011218003 4.206458139104855
76.01184297396725 170.6284128151014
inf inf
inf inf
27.36456988679737 3.7557485831326094
63.87058651144332 11.4089738161982
inf inf
39.28512062874083 99.75071618589402
33.08036243268057 48.82883623195883
1.528049649530752 0.7110259081364609
62.6401661055053 8.666929553343362
8.074602887868028 1.1332449873569777
26.023904813278392 76.98559769455782
4.320707842173478 1.281917849832184
84.64700722107034 127.95897885647568
nan 95.84919936777155
inf inf
inf inf
inf inf
84.88361627850736 33.15545783157552
89.12268524987199 5.103740974117608
24.930821907812796 1.6055363029131362
13.855615147826114 154.07242797287282
28.28090023201341 149.64656053049822
57.71031501469025 100.88015863214495
inf inf
41.270550114237636 147.16746752862343
51.84083250647572 147.46492064956215
62.84719924207123 36.907104257383985
85.52291895996783 129.50547290484513
79.08634990057465 118.88504400576451
inf inf
5.127446068964073 1.0107899787481323
21.90467910180432 165.43245747668843
43.99044095061408 121.37479995226242
6.529101478040098 1.3273288835475054
61.95702205577742 10.619006665360601
25.162370370821183 28.923898666758177
69.20570065978535 71.41985886216472
50.337920394123046 152.6571179245555
6.7547565062503825 103.68289530580176
4.4992811141606275 0.432743243307353
19.23719435272795 4.829222938031493
67.7954807774803 61.04906899629844
76.29120935024957 89.66620694935914
47.137911131025376 119.65630784925489
32.109251001929465 171.81840127102674
57.233606200656524 22.96319460594703
20.208712653539063 164.65458191309557
63.30758461192521 125.61798511533759
81.09311001036708 117.45226695549246
15.881178573605533 4.861183350282042
22.613894563844866 163.47002240688948
2.8838239032594277 2.682489512038052
10.53818363301666 7.764237747424584
inf inf
32.00478760610955 15.330992008084952
36.2719057335047 4.324865038962
15.845883101942642 3.5254601595907844
25.420867942996022 4.011900110442669
78.21416402864175 141.32705370497533
1.5307012740292463 1.2654533371512326
14.798428435372493 1.4270768187762206
56.05948688330834 5.732252109257084
72.96327109056384 13.57650928979716
72.61932474055604 173.49866242285418
inf inf
30.614140689022236 45.525949100664256
28.34174509507767 140.47937205027816
nan 12.586986513826979
inf inf
66.90933631137388 15.929025014584555
18.44824334430882 4.14103057897922
27.898964462416235 136.2617045386411
71.42493736040552 165.78184338916068
inf inf
77.3104757220323 82.89187222217657
43.955957446912834 161.38537297082803
inf inf
34.565016588868424 5.236008447009068
7.2688230571030985 2.7220193695709987
50.99248793040037 12.540118505759628
52.815788544799574 6.153246887508592
5.742289731727859 1.2807694198967483
86.55833431616831 157.30157441600008
31.023285083654056 2.7008253672008706
17.16928765711697 1.8909616835101766
59.98682423655872 14.450516985790014
33.21281154716947 4.162995885130732
26.98277613122286 18.674470771943657
17.14749450158233 5.0307082069810605
65.34233064078974 80.70219116268508
inf inf
64.07023334288449 72.61003982023152
inf inf
45.373139807669794 93.43935182199782
35.497281838097 113.48650195913956
85.63317310292524 174.58124938998833
7.201988728427765 0.9553564433614983
37.27364693109575 50.460185726451094
2.579675919113748 0.8884626312455272
78.62601966563598 166.13290475106254
52.91398008909442 139.612904173529
31.01457885071824 16.228366728404847
2.3592353099673087 1.1987707380260864
65.31428420388198 168.226652463557
inf inf
62.917448253446075 124.21678329377703
1.735231048329654 97.7103307767841
83.9625510063765 134.12885151732954
64.2205630783141 122.73954340682134
66.76402353888662 82.8901301597702
7.520537432057179 122.09136673854074
78.94152943052009 129.28045958038155
63.00094608044886 132.80788183319208
inf inf
53.775011611618666 141.23809260160232
32.780736437571335 157.5618144851767
69.65899180945826 22.594646328269093
46.452716602130806 126.27362179826447
39.02010361263379 147.4632113533022
23.691273049938644 164.88085713951273
inf inf
85.60208209749656 102.41931178043238
87.04613807301381 29.377467943106893
inf inf
6.682769671396721 0.6644058735058255
29.055943169992055 0.6497431691801047
65.74858347690699 136.4928431384421
nan 39.417684328622
61.80301890937177 124.8835448714007
0.24764683094590323 0.3523016256058506
78.7293266594157 17.480304728865413
80.42949917357656 145.3921129054722
17.500649941759317 32.54720779568224
55.71084314643478 52.58253290662578
62.29438840642801 74.32518937006466
70.17401766852731 172.9112766278034
39.57957533499644 108.30382786587484
6.331687634250856 3.0250358916992846
62.35253319800018 62.56566651851833
6.331580169322855 1.0208262215289383
inf inf
6.468710644002892 1.5886713131433428
15.625298769541303 6.171894987825523
5.3195038122595895 2.363704788876224
59.25233865143327 1.7372609236407484
51.29538142418611 158.42885408073624
1.9256397827089442 0.5285085365083749
2.1809139214353737 0.9303281684074396
4.010426070901486 0.7679438486872013
82.82164762437583 64.8369424841676
35.927918804153194 15.747561801981217
68.71105803229108 87.43727758333742
1.8348039861162648 0.38539055252937227
65.78254907507086 6.468257545301195
11.004843743869346 1.0441627579780846
inf inf
5.554070964080942 1.1544382509055988
5.488064466603286 1.4785077090414365
39.1161968272655 100.65303105848061
75.74845196217572 23.763163334878243
inf inf
65.18970287491024 159.03870427740387
51.18772946013558 173.25584678127453
74.45755808033337 176.2226319121938
87.34146015642689 92.17004620308596
57.47062156984019 123.16518878865732
53.55427674080259 134.93832662698122
30.04318031730919 12.551322033987065
2.0292741775419096 0.508102536968991
1.4149956895969618 2.042466956410881
57.83844250540575 124.07603251720157
53.433629324712456 101.04196966888587
60.545102263028205 107.51650910336751
68.18524110411919 3.2848666859115454
11.473635178469047 7.071917842908422
42.32554034180597 32.12295841159281
74.3563692110708 176.56562046106387
7.168059611597181 69.21584805636331
35.35560082808045 17.098223166275822
inf inf
inf inf
inf inf
55.97150492050458 142.27642655037246
7.57263296627598 2.3887249213698016
12.478217325894208 2.17089949901026
3.781043441685723 0.3387265533536716
64.41604524966662 50.62983301812368
44.53519359212788 66.87261666032013
77.68730275432011 20.731923838298098
5.545227017558994 1.8197844805976737
16.062575680944946 5.789008091414276
79.80915439284188 31.015536443540753
21.93627483591683 4.086685857505194
69.31556787169133 26.755129986484082
6.957287861617931 1.808966920253623
inf inf
19.739896620398103 3.239813895893365
7.609501877047612 2.686602795096207
51.30288991540858 13.921929587124316
64.56270925119402 4.551555703220815
40.10682358233451 155.5133100427906
4.413387456384081 0.350292555316139
43.319427373983906 166.3907989225097
30.06282546128554 110.64137778824619
1.4076686291541283 3.683318149011703
40.915069943901635 90.49735509560936
10.331072301182918 0.7048341942702042
2.1947557329027303 0.5979236458562168
29.391100061336147 130.73352908364316
1.8552899056208605 2.1569603367367067
1.8668171669346165 1.053804781877544
6.401293309330972 1.9856705315816818
4.632734807001598 0.8580989207643341
64.58001466429468 13.731639490856855
20.064350596873933 2.699057718964204
29.911929659015303 138.39764043630908
51.93067298097038 157.8532089861685
31.599327107916764 167.62166100169412
73.0169691388413 100.07807513719032
47.14522441142299 139.2022763119559
51.672349937987946 109.83946329943353
56.73397467714406 179.79864214200526
85.01188268127939 119.91105912615177
44.097793372761316 4.87687247879711
56.603964917043605 125.8062925488476
38.70150520321499 157.77031739871154
49.23724545550496 177.57157110584455
27.416729916942515 54.16195711596164
7.8047830622464005 0.5244324353700465
49.11634980430709 4.853563905447884
2.9936889914072937 1.814208466847985
5.6839306974129915 0.7626940847562372
1.645311495553417 1.0161265604158247
2.0048967880553388 0.7788110623625882
73.3162425706115 126.38841551034834
77.38482329625757 152.6092755994666
26.29648254913142 2.832581105434437
4.096142441636221 0.9485270765578058
38.87707721672788 36.69356819988051
16.617029454274125 18.951246566023038
4.221266722887093 2.9740796005700965
0.4670287518276264 1.0379157514719322
1.5637113003648666 0.6480625158968177
1.1413100876716136 1.0299253704828732
2.940377900469111 2.743741837818775
52.95420874363593 136.97335728588004
39.45694203263167 112.38255026557836
56.01220837974957 164.14951415955613
18.536650030244175 118.54087534195725
35.03714033408884 124.77287514650256
52.638514815000505 158.65600107318625
27.897375167634806 113.50148500917723
35.46093380392875 40.90019115579469
37.67406646353007 137.0708222753482
62.22319099086107 142.53314209157097
67.23322872327161 98.51472774110965
88.43287402433869 156.0371556641934
inf inf
65.70470331002129 160.5679626162545
inf inf
41.7303685003581 167.76520074149704
36.38464996068421 162.1593489784082
38.66377540559404 149.74628070780903
52.7924410236386 154.85754443523274
32.346361472875884 170.686617774532
46.906663365787836 161.23939610406006
63.93604196762631 94.80808509793144
46.61927230189062 53.28004302179727
13.807694691649981 3.210404477644741
60.23692162172509 134.21392459868974
78.10773520206018 158.9445495693798
45.50424185521689 106.68446007527031
34.172487026131726 1.5599607944457368
77.99729811121934 140.1952385157378
53.661074524921304 10.716361168253405
60.75622102009888 87.58720598800895
inf inf
66.29495315909195 119.85164243339162
inf inf
28.925745728042756 100.7410235647968
88.87370787779491 138.79955075793745
22.5250784886926 6.416192910680042
88.23498327557131 120.56449351237727
10.848892470753833 1.7585684857932447
29.843559125891318 170.48528878553935
72.16496864366643 164.30382330065848
57.574046955414175 142.57041779228734
54.33928880909474 163.41467060887902
22.05372381803492 69.73819942885072
inf inf
39.42138087558493 24.808412531015456
7.049069866911816 5.214383376497577
3.7686940373356954 0.5059635700214757
65.55277783890887 171.8228244550238
inf inf
25.234156145364363 23.499802875321507
50.59172247243734 25.564142762642398
21.374923558125914 7.479068955851351
81.06700769047183 119.29495413574818
26.63673766802679 2.769830091294005
63.44912363477512 135.0293955031352
30.25642880335091 135.39546984683608
87.89019801487467 67.60873970587038
26.65826114468102 9.245014664058639
46.20561103050426 19.053598010915792
73.66342749920919 138.3247047457386
5.368811066151511 2.0696849884003394
10.946721313902808 6.798947462557897
76.72927147284388 126.76566366455512
1.763664870761449 1.1328098526723387
inf inf
40.653149301581614 24.83416127544602
37.40795331620562 1.4233128198875333
37.02910337479308 58.52179794324067
31.036573526158662 173.21516390099805
1.7046453130232952 1.0690215282348974
1.8564900184232476 3.5005374785660943
1.847352488679441 47.06631277028169
35.29282949984474 48.72224314758414
33.72403630533306 10.41016364354898
75.82874904155004 137.99340916857733
46.972984448544 84.45765482152747
7.50246378380161 4.315396425599267
7.229291859305519 9.567363204134548
40.07179611211673 42.608161239981584
inf inf
nan 69.05359048655099
56.02449073227818 148.49286410595371
inf inf
inf inf
inf inf
inf inf
27.9145152136186 0.499917954273845
88.7079820914904 113.44299190615249
85.70606575108818 174.63059857745594
inf inf
58.919040997899174 113.18423292429554
27.8980841282872 1.4259501799589533
35.08494033515308 75.55687664196743
46.604150609855225 113.12547234309055
22.89513275604321 176.87466910143596
44.268895173267026 4.418059051269065
75.46974451192645 95.23033207861054
66.1077510662396 20.098643724796492
73.83708837464464 155.85973983418586
80.39927906096682 125.22153928764858
16.932097060396767 1.0787065271947955
12.136198578177218 158.3273927880222
39.69832420808307 61.19032672760322
64.41966814563865 33.51680318958964
26.905568609878788 99.92262522975791
20.97102408057014 24.303199397714497
44.446772194612514 39.82531361906189
67.17303799801391 114.75409430464978
85.44460293140855 150.62745613095322
7.573159709721159 10.313846095721274
2.617724635908222 0.7342188874944038
8.508351474304746 1.3380218703640214
24.352714597276854 22.609713153555827
46.66645319720482 119.7245189614957
51.94774691874043 9.982112499303259
35.75625908762384 175.22855220020395
64.91023208092494 110.21999094771334
76.25432540237068 11.742655018192108
52.29969712416326 70.03265233908512
37.79850072356448 10.295418126401545
28.408504665044376 19.53837166548458
3.366610564470704 1.0219832852852242
35.59153914905776 128.61943791488696
17.05087693599841 1.3206257239656425
8.772882056382805 1.2369189343616163
71.3510856139492 115.84083971808529
56.980200327471415 8.66694116907529
26.14127917026241 4.1528703067592
55.859105269025775 19.48433666560989
29.720974683676086 9.623557050426639
27.649533834100076 8.331724268885383
44.02436095081973 50.19023169997183
5.013504881540976 3.692350707973285
40.85384848835579 2.47650435741936
inf inf
85.0883442191605 153.9304760812744
4.680089588675451 3.12051215346686
85.21662543295577 32.66764605305579
55.2990219467397 172.23102764906736
5.3257164846810765 3.9023486272950993
50.16615560184668 30.7329200226403
15.212281508232747 168.70456409672946
nan 72.52442542399712
85.07752784916012 2.9862219143122415
48.931531413148946 119.88789806261126
24.464481866462602 28.081641464357617
8.08078226072531 2.443398176622453
87.86078415221947 91.63483878079396
85.55714971689494 32.868619121923146
50.17190742696001 59.087252866806324
28.712872389471073 7.749512196510478
22.29648483115916 6.314617009541413
45.63033107660502 139.51749731656014
26.728477693384228 12.964813899798243
49.00688696436452 64.55746625585618
31.89772665003939 70.80423409973768
1.7896758528249677 1.2868773612282574
11.437516953822133 1.962399959532054
32.905912736455804 128.4877664344892
23.342159752237535 87.40184076066093
78.88974515791735 32.96160921196324
30.086996646315367 16.372250351209942
11.819352079689626 3.4406334387259054
23.819192340128087 10.07894466250776
2.9215510556585436 1.8566166487455478
71.4456620503912 163.19691773931234
18.517817107551988 0.1708801661000236
63.04288284319158 152.74105967518483
89.89306323475353 36.766609010173646
21.664164626343716 26.676428002506434
15.643551680072463 1.4659829915396132
4.8022573765710925 4.282527753591076
25.017869147616263 11.461797461064592
6.192455426179764 1.0162847420005874
81.81348846297759 171.34059987464212
2.6015212854416068 2.4893687513166696
7.4624815874149535 2.4579414992269366
42.28964938167853 99.90558976922095
20.583963666316983 2.706494659489795
0.8292877836111441 0.41437001482613206
3.4431968009623084 0.7754953633475027
11.831723434467598 20.326929260783107
7.724522292540377 3.5185516881390533
22.653031388973957 14.329745231058194
1.4179713979900928 3.4284688149221307
42.61249296425606 171.78100044502398
78.55353895525387 161.58036329663653
3.0129715840673024 1.2660919138458782
6.290156430507343 1.8815313969503122
8.426730149951934 0.7151452361208801
2.29307978831051 1.343209730454711
84.97556930283206 28.49863953287194
1.6692699592367983 0.8468845351286531
35.97177068551294 104.89357471243115
21.528467131855045 39.6551572700423
5.985538031070924 0.7639061456594846
37.04138723120186 3.6312324849997424
19.863812557465078 2.1517414138314948
25.2875570371189 38.58172748609737
39.93053929406037 81.72118798579976
78.01689939328601 51.66993611756908
49.96978534291529 76.18671616643468
61.66889586967888 178.24388896195893
24.22775879288693 126.64156902766442
37.98664082329525 5.1960501535915355
6.927404324125977 1.829991348557905
6.61284943670738 0.3224603471423659
inf inf
52.77590501177478 154.6076774719433
21.81539628412351 52.39800857281696
18.060993388539078 3.4855468196527872
59.78046166260509 171.71423856128138
44.65631430146137 12.341152748335524
65.59322723950464 145.90165044587508
33.30523216642575 87.2378930045993
58.89327583873094 141.36841911228905
60.31775230516471 175.84825609580454
29.86684828393427 129.41911837875747
17.16930255828857 2.830831449409941
21.825215232366777 7.432738531401288
56.57976621025969 11.20784522530714
2.589887004298349 2.044902089903376
12.803881497273952 4.989167505540032
22.87450705434563 94.89702016401668
19.622326855467556 2.5609459530120824
inf inf
61.363710919539386 172.77674944109827
0.34005567177720114 0.17649950347026389
8.161212988015762 48.116624125257566
inf inf
75.35278626208198 141.31219880736901
22.93621268383616 0.7755864181650788
inf inf
3.204917545015938 0.8950949768206432
21.933034716408716 171.75227706457105
27.776484367224697 168.3662598828249
inf inf
inf inf
13.976496124227822 144.96486949226784
8.183006439593736 1.2458781326486672
3.2824743735866897 2.034588662280039
20.547918261812043 119.48626966296236
69.6189751445888 5.953234544990304
70.17655060017765 93.2716955537621
1.465678733968507 0.4479670422879606
1.6261774121819081 0.41771233440373073
41.54379554790595 21.06778127421921
9.10436394599966 3.2808295042287017
7.393514460596859 4.079493428092083
1.7762675146360845 0.5832640038265356
1.1626381957377594 1.3081934959332466
10.798632700185053 2.3646771219758045
80.5917631222787 14.535381621726188
3.3633001633943946 1.1747373799105745
1.3250160183033342 1.4985875275294702
29.173912966984616 13.26529101435146
3.35144971470024 0.7772726030232191
52.55770438879894 120.73333561185669
4.8213436218095795 1.9572539099317188
5.329565305257231 2.4327368158153613
39.8876603187653 6.472034284847192
4.5463963638155045 0.31404092495033575
34.48899729386681 5.598152365022913
86.75566887972428 91.00843994267106
24.61641214927206 18.484117763712145
3.3525892543340334 0.7640520217640548
1.967509473120245 1.2621389966386307
32.46563647117522 126.57473850580857
4.070229309450257 0.6848659790834838
78.17160120959275 68.6422487957257
81.10394708011034 26.087596351780363
36.56950006563017 46.26752950673353
44.201400294674414 94.42513532119591
22.2793294667 10.029072897742756
inf inf
inf inf
inf inf
52.230058774135486 143.86681313719512
17.10082506840753 36.464114240252336
16.43628422140978 35.37774963041763
21.79168786578901 162.8685462829815
76.08701392157052 34.0974367143051
75.02832718463007 6.391596180848865
55.71795703729219 3.945836232569862
56.03174830558835 69.58689579943969
inf inf
inf inf
inf inf
89.39200631310587 165.34017389096607
44.56932929905519 6.77503979531954
12.91419314833213 1.484379553407977
61.88735783322136 153.32715492572686
3.2921921844546382 1.4165198340280754
25.679363252610848 158.72688889793298
30.596609070083396 54.06070911561749
2.2228041919161274 5.428718155809994
3.2231493948587095 8.277907926325502
4.074902039010322 3.3789093500289336
0.6304061389713359 0.4385400838036043
87.73362604466718 40.31425255496245
59.326485702857866 179.31566367876255
66.22602107927031 92.03112605120667
33.13298594413476 168.00108229289253
65.82574424653106 93.44386020331623
12.444929555113077 0.9623572817977436
59.42463583988152 148.3686127755376
inf inf
52.13557064556905 115.13698439245843
68.89209122478304 165.19956743273696
58.520102163214915 130.20613206012544
49.02343480727225 52.38804093345766
38.6023307516763 12.934902022204145
88.77514575118761 151.26211821989574
64.67362966534992 10.63093192803625
70.48196103473076 53.78079945091241
61.598799523662294 65.27032711862653
69.55074677405696 159.97073796036418
47.71568398068547 135.21367641236134
61.12742619158894 60.36194004725731
45.684870840022626 34.15202896080628
7.174313336348787 2.754805066581418
85.20633977371259 7.518027172640769
76.90836352625068 151.97381063453392
86.91629498045224 169.1061473477092
63.036988677433484 133.64504692125178
35.78528238868603 12.139532624336786
29.47226779244542 160.97063532069893
64.93938667469185 72.30979032639101
inf inf
inf inf
inf inf
inf inf
62.65040495164251 169.58932145767102
10.341886317814179 13.49137280739049
64.60445366176297 26.720360109898543
inf inf
inf inf
34.257952278227066 58.22463185604485
51.00790174955003 56.21472852386668
43.80224366199573 102.64442583062738
67.75784566205087 75.25127508318738
52.262832629110605 3.086980461213952
inf inf
13.012320553956084 1.6777754312001134
50.658409414251096 86.17756890664543
inf inf
57.102910678737636 134.9822083545102
nan 25.57364256556525
36.33760713444735 105.75557985186109
15.124677599139458 3.1428536810688765
12.13678969613038 3.0836955914798905
8.222569663264064 3.907877888679457
87.50348120640142 40.067073127627744
3.8345234000449033 1.208882879416728
66.74135909841188 6.1761543318093475
84.77793141152343 4.623368149549464
4.453367938175938 0.5953870876857731
2.066661262428801 1.1055397615036628
3.2137997919350125 0.7644706974476866
85.4364565107763 33.38235491330407
6.848002714985294 1.412978082504793
32.18065327344046 128.44365008212145
62.710958924825405 49.41447152543915
84.493689866922 128.86951157600424
6.431048429882852 2.9877417527107264
87.55792778741365 94.25649486138929
74.88428814484772 153.34480410559902
3.3925685460490103 1.2504144721365316
65.28574144022069 44.38346538775186
74.78933745027899 26.983859582739463
66.1220155541316 15.154407811320306
9.380278389007426 2.552133245212726
10.988111747424325 1.1774294838382784
3.4614322493105734 0.5267612839017238
6.893594375662969 2.816859611103282
49.98112272638522 159.66335687117314
7.010964414186421 2.117789812232134
33.13641302032607 149.2059266779947
70.35213210579478 22.581491778645262
61.78745134092528 152.98987072594866
84.87752826965485 74.9641831815427
66.3749638053387 74.31065092378041
6.571361183373772 0.9512589771887751
2.2346486677561295 0.7064041930045635
72.82187389203058 9.358354998941106
50.140633563955454 11.102530232623486
27.271501084322498 17.3226758865185
24.180567225824664 45.47745765902923
13.686454789003987 2.5032587370744293
82.22033999838939 16.307376042242918
18.26467993290285 174.92299541591424
62.88745771084375 3.2656304671752108
27.708482365617325 11.16078650049233
32.001825859691 11.996788697078955
20.097398399858275 2.2986708104382965
3.4573972858245288 4.797983397295787
66.55757809370127 157.97668033961367
25.598649692469188 3.192932247127137
inf inf
inf inf
inf inf
44.703319844863415 21.0370270328231
50.98381457133544 26.90893293182522
13.013706547709074 14.603378979162867
2.2121605412390752 1.9091033629951109
31.538153555285533 6.209109217917207
6.463085695991616 1.1461537589108959
1.1809611260407507 1.5950118894982976
33.37374894921898 45.7527024504115
47.60923887939883 173.42215647039896
11.800029260879477 2.1531820275586107
inf inf
inf inf
inf inf
inf inf
inf inf
28.433981305475072 59.42223690035716
49.81622742862413 100.95160719810553
6.669414510811942 1.309755704332462
35.325239391147626 174.7442876041501
1.0541848892284589 0.45263249084690044
2.8279795316408887 0.7345299487620789
1.5057524229847106 0.7461284030005747
17.193010124804545 2.2554656445197465
20.183464528866665 117.91188789046073
47.726540631643275 143.63099786340823
inf inf
10.694479382307469 0.9817434312359735
15.37879347584234 6.843308811801819
43.26869006027543 19.75516247392887
23.230427953113008 167.79840517759405
5.166648292976108 5.783784101884073
5.989937272049813 2.4118525381784086
56.845054739606866 1.5876749703291506
8.548633472795737 1.8152642228609683
1.7885410838014646 0.9318249622459589
12.494183383221733 2.6792240087559867
66.88283393422036 130.7188540955849
17.780275704952583 2.953524302269805
19.840162747249654 3.5432086634755824
31.86044995739516 14.883818066106905
57.87823105550078 146.95197721189484
64.25665611763091 178.9066212131031
42.603676241129676 152.62803510689847
nan 19.23518047663577
inf inf
inf inf
30.73027343958617 129.42678454342408
73.33175613991162 6.810663752459162
19.30477353954827 1.075242860032969
21.18236141923751 11.90901549179416
6.346744551719752 3.1218858997882557
18.690315394630726 1.7140891483291676
3.679815504624829 1.5106750927294756
36.50947520985791 2.841254062165173
71.23293587680841 167.55285650765478
41.38167639954188 10.001380816202866
40.00600755821338 50.21727555350393
3.5422697670088046 1.0579728553906178
50.65594373738982 28.561159320489182
5.604612910151019 83.93735539608383
75.72556641329395 144.3936787092132
40.22877123750764 135.7839584151727
22.988678523794846 72.14494742402708
15.390486344836198 3.267075693920562
76.09783469182103 113.15796442825943
14.8019994212099 91.78011973132894
70.7317677013827 19.79805304766551
59.83385712779676 71.13396833838137
5.359558417270386 1.5573529774446104
22.99477208891568 171.5064445292203
inf inf
89.91711441149766 137.40584455765807
inf inf
22.822542697107444 50.18021949030883
15.853972983681444 162.59773002834834
9.876566803255406 1.3183614120166012
39.88787769505076 3.4264687203391073
inf inf
2.632765660495109 0.9978509733481822
5.545661173001201 1.873016793229569
49.641582861625096 57.300560005769015
6.6249904669915125 1.0403478117872067
9.074151777724758 1.0991948073872149
28.046764212086504 16.47106159210759
7.523795455287675 1.1864971153730144
28.49264559639234 3.229263097720292
17.262625572770407 1.1415213721011785
34.22287169132915 2.944930559852296
51.14030768083745 166.5792068578514
21.78385307307863 6.454730349779877
29.419834794556152 11.042531409071085
inf inf
inf inf
44.58884331978105 144.7206358717486
16.873814757017296 4.7832209777746755
79.36451401267209 178.8382644177541
74.56161950639498 6.888535654379136
27.912428656900587 20.421546489008755
75.87723622013498 13.918454192097029
52.876699422504544 35.10950665831709
inf inf
inf inf
nan 32.46073158979346
15.19718446897079 1.8048099710869796
22.98736676344496 5.280550448144997
7.2942918177770215 2.1066277334187604
89.04620150904606 93.7735900622751
26.6361936401816 7.5013921545327005
9.386946591757775 1.3204307634774268
4.609123328658109 1.9966735767122181
9.668924309890786 2.3849601694602955
6.408410762585525 7.408936288887043
18.268274991817293 11.08338496305487
5.0012840227475115 2.3188908862690503
11.135531464284146 10.498545740301994
88.40053465950393 52.40683824803148
14.546459683864374 9.632738724364476
9.408105927313036 1.2063461814474252
nan 71.70595524715561
30.41428494772253 25.65070715183727
13.63697960312894 2.4389582350261634
23.805131225942695 19.18470470136891
7.677367599485016 1.5372016344076482
36.13569517533664 4.812287346644716
55.050110708390775 2.451238793376582
3.253580437532017 1.56114788941738
30.743501461427137 74.393140004277
2.1676575063996664 2.513119891159446
16.556439365344772 1.9624933156853892
81.0607035564747 158.6030848646259
6.453638861452065 2.4995937959352954
33.97993749079375 74.84490074727044
30.993009219362776 4.3446804380733015
12.222104640674406 10.648187810556427
53.359269097591195 55.12413305078425
7.54136593892097 1.8723065569146204
51.13731385906656 23.629518446700118
6.200715537566027 3.0089560242451014
54.74325335199838 12.068790066610097
3.745393290174917 1.3510654696835047
39.98522212710346 26.935509171571915
13.07622779220749 6.507583575792788
0.5939288063193612 2.4006343278703954
54.43223263416283 99.34441287356651
84.05143075819672 170.42627689840592
3.439900316047077 2.630527247143696
49.18470440503438 52.89626584442554
51.78774696321797 133.6495840113441
37.09203337937677 109.96245856120711
26.941141833361826 102.86891289092122
inf inf
85.41770848941019 4.419581324391614
12.11285689634198 2.4874201644221077
39.55530234427082 178.53179393937432
67.3434049455313 10.385242918267757
4.8541290351820905 3.4330062932202856
48.30923078637693 79.22821147008334
56.71539688310472 132.80864553992157
48.31961353657796 151.61984151986272
55.93064500094798 5.974309297616619
3.261267036587011 3.3089373596364533
2.853766274752632 3.8370442758838967
30.975933474320815 38.15911994988668
3.554052187133961 4.866781115429801
68.98647100819727 136.30388215559523
59.43745376105396 65.59183422442419
6.185798181243357 9.435457869997398
66.37160599909356 11.115166943023368
42.58595716930034 126.71265874303114
inf inf
inf inf
inf inf
inf inf
4.525400853070064 1.2403907975058515
35.173987535087534 133.55317414069125
15.748245234540747 4.363280653334395
34.324304754613856 6.962662790194961
33.45261840002601 13.556569193224703
8.078338871112505 1.339823253362622
81.00616122312692 3.433233499233536
33.41630369255195 9.383622110848789
50.932560921096304 2.2513788607412044
67.5510282375643 6.6279017290286415
3.689157742350963 0.6186979250405515
7.411894918825682 1.5056279478686476
29.6843306803907 6.557387207138422
86.91312978191556 56.09598369412195
20.95907780337544 11.559773758335451
31.71278010863103 105.5154765017962
2.065389420721371 3.157425375133053
89.64773248403031 36.04611878708724
1.4076654736828766 1.4012895860631391
11.28743265674116 6.956632722635972
3.749015415584097 0.6459140759784222
77.86686023954948 139.25241984649884
40.79697728869226 163.6095486938738
14.286750885872635 116.24664130389472
2.6837772297731872 0.9046960794533381
12.118237617933815 8.817916619742151
32.76844345371189 130.53302426833974
48.42986408243717 32.14922332712101
5.954358635039456 4.8476838529745985
11.089039349232227 13.022593149114115
37.184528403752296 149.50362607178164
24.880700436207654 6.871563454171445
inf inf
45.58429072510356 26.113162767303788
78.52414589533225 89.39937850423283
12.135824032132795 3.6854231585862216
69.09647636648621 167.852261028284
inf inf
inf inf
inf inf
1.4730148613271583 6.978768087042698
18.72223577980649 10.86835731644536
42.782275525407165 173.4367671325416
76.8333023015114 163.18869581249396
36.911297324290636 148.1745326306548
5.280728522278735 3.064188188689998
53.580630994174065 4.101804743792407
10.929208151433368 1.1019302349104099
5.9854032998894375 1.791564797217755
81.57736342784114 115.92893617093343
52.164149387909816 42.807240215561514
37.85149477247364 147.10931123486012
3.8404485495804894 0.6035351146254367
7.369767441997598 0.5881679138546102
20.705468551221276 12.368596461934843
12.309730565942408 0.7435400384878519
57.28336566666569 9.16502396972755
42.99303114020083 145.89069646954954
54.630957649046074 169.75136428846122
21.482451796252562 2.3400936623866957
66.1250568204998 110.3282875957835
7.767270677386961 0.6186594783253335
38.384810559094575 119.59361188369299
29.696136645415802 110.47377165838876
44.630932133885196 29.218819482046612
1.329114611935798 0.7877423834097617
40.89059824003491 121.89365038211795
27.540710450446042 6.9300157358219385
13.03659283809842 43.8428609394751
71.40119089654247 70.29585047573782
8.768916341471842 3.236744136033859
6.972064017603589 2.0507947762774053
8.387366074803312 1.5841783260741649
4.967028957039093 0.8523215925491121
2.46718524823293 0.817443647091522
53.98393213152154 101.95650109045465
68.0159203164972 16.825150781457435
76.77097192920465 39.48291338053299
49.69544885509973 121.821439130223
78.21141477863468 59.77310625286263
80.35097965111265 30.80764213655725
2.6717407596358416 2.450656362228654
0.14643552560008757 1.095498403217985
59.74474322799924 99.13571745152767
1.4609768424200211 0.2751508297980292
6.847859978156287 1.075387953860379
4.130009555219103 1.5758817218388212
68.95097444418474 4.444126946193365
23.360663040091765 1.9050783671674234
3.451742386206634 4.203308740520716
3.6731332690053464 1.8808624389502606
7.678533109538883 2.785367951775762
36.4650149511894 4.41349079977867
9.660069252292052 1.2427000682040978
4.665422848679634 2.0082203889845633
4.109732078459451 3.4843838481109004
14.397564355840862 6.965478069712591
3.875317233901466 1.53048997034043
53.086922339004374 13.836402585489735
60.92813721179505 3.685839414330385
56.51509073592244 159.06736644612548
20.208545118083414 29.68340537866346
14.709638428837422 10.4366087421107
18.93573276816683 1.4688981964603194
8.848817014603476 2.2516268666442256
60.66785385134844 13.107168893717798
55.74760990814589 149.14541584089406
8.27272876082094 2.7927682602216404
46.16815506461695 26.527747803092772
26.861146471878296 41.954753850970505
75.81499496094872 48.18616550816204
54.80090168277315 28.076773065659886
2.804535028296351 2.6794341834687256
14.909066401346891 4.071642574353874
23.937047604905263 9.255316689900207
88.40873983574974 103.93151380232266
38.631531184478156 21.722629734873333
86.03203112970769 7.27459607684417
84.98869789474206 25.797339987962577
4.351410636030597 1.1456083689482344
9.801595400970692 1.6634547645353532
1.0780831250841734 0.6748393200744244
23.670519318742908 179.39845465336717
43.709999452221645 65.0080607987725
64.20955430006087 58.91060558772342
84.91594032251948 132.9506302195747
88.3435712651294 36.59481040541002
75.30795538729858 17.23824314065644
67.02161222569241 17.94999303110814
81.49599247398747 12.182536504821016
0.2783319517613707 2.2885302041200113
2.940912333078426 1.7387193894044897
32.28271510880424 51.018807869901146
10.547846704188368 1.2843873111879753
8.782834314615283 9.64744872173087
8.97695862137512 8.716497940237458
3.710177903749674 1.2543429737853953
14.455799160690855 1.4822275187764724
2.3766333334821064 0.8469654845129861
3.018312930780068 0.5035971555607947
48.23053901817844 114.1749376405106
11.345809518980499 1.8947034231347437
5.524141577252397 8.298577412888775
12.654311051002411 3.7960610349921375
5.361337634789759 2.0180216318880664
3.854092049851353 0.7639245613388443
23.610338017632696 93.3972027911399
12.86177679458035 15.931360669948353
72.42964629203871 121.59536308616426
76.43033318616392 150.76753567209056
7.647034475201501 1.1495877592840509
76.31942719702435 29.055778836322418
77.80024596992115 140.9572844673685
66.06354098181735 118.78789951995273
24.771533810439646 35.00568276060647
47.30070838749475 111.45067667205728
54.01050475609371 79.49866657520668
88.6358350255624 13.980953514686949
64.15480285210477 154.44981752874432
6.731071715042469 0.7924098620871456
43.36351492200495 137.50372424144462
4.454909162486246 1.1114840320635886
78.82846466598227 135.27454403920038
22.11063059061442 120.53648264055012
56.399302618964775 25.14079034594995
26.243819740817003 55.824899733803555
40.07512972576954 44.56368414241672
5.83157990436982 2.0325608240315236
87.27517051146879 93.43426167908447
80.12641614613592 159.08737062606994
3.6566732217691476 1.0773771737089572
64.39812618504635 26.133111014314057
75.3454782671349 173.84310326239776
89.28352394110945 151.53384284161643
68.199358362437 151.39605791881132
33.48158863192757 2.6432274165900678
72.88083047002117 88.01447766734093
23.305030311937347 6.762333336136468
77.14540402123005 142.27005491786068
47.4530510015103 123.49684788451285
31.14920539074122 44.56583582740882
54.295477518842034 121.56030118792778
70.75535618328945 123.13609569062407
59.87210330806664 92.48478013794424
81.55371705128516 95.07054286265554
58.55473047230763 130.2505220065513
48.897333092108425 150.22904662027486
4.4385165296401015 0.8919220775429045
85.21081218789936 150.96913896758298
0.835764575329921 0.538815178347661
2.820073657836446 0.6036407706070751
11.408848955592422 2.848983337584438
34.47655165435471 1.3530308853444093
8.379189526065943 169.21865107543218
72.82360422323879 114.80618830491433
59.10483145864058 34.88049785083738
30.366038909940507 17.091303875018276
26.544856193060667 133.27901261922307
85.50056434586867 38.4070597368565
29.30618623669369 15.417886403912851
4.628741991905189 2.3565614895087394
19.326993101874415 45.92502903190522
37.85130862942187 8.372388302090839
1.981636349873232 0.7666576659587472
17.454186034100875 1.9751121085841126
23.070586841549037 18.208194933007306
16.789510548369538 6.128121212355985
1.4421502788528398 1.7478210191131482
2.3335398320791687 4.432508383523385
8.13629266494406 2.5013726248163874
6.051889355020502 1.4559842732187132
7.691311966210045 0.8583810564272285
21.256818359948227 6.569418709252207
21.069438807185286 12.906580330968984
15.520765553815638 1.0570678654589436
1.1062940162988693 2.1083115136441557
1.137808294176319 3.682549905630898
7.189602761868925 1.15041146494713
1.613922860673604 2.203968509961029
5.756013696561839 0.8121326121359862
3.0703612201384414 0.9312167768635745
26.932388879755223 127.0783795096868
6.113141660796777 0.9477699831204055
50.30618125159367 118.2556235328557
6.086941933114748 0.5001055561800706
5.995775132689208 1.1671783618682634
5.715444272910957 1.4120583365640984
2.832559134242357 0.65790043926341
17.537429599492928 1.9848425116660455
5.585267983489131 1.129548660303523
1.772661718507466 0.770884938338768
3.379462766769233 0.581344793119524
4.211486587493057 0.9311651250847818
3.5440797967693243 13.740388522615946
6.776947215991034 1.4935238957442418
2.378623200542538 1.0573930166312244
30.52400778977884 11.387242356553353
3.131599273484775 0.26610522022255834
4.258658516846938 0.8663187044079814
3.5755568378908067 1.2238935797471215
23.327373566185805 2.295487516954033
13.723753508932946 3.5797296120805413
4.84802018089083 1.7632428759752046
10.688348549899128 1.961709676219867
26.33995013490694 39.87188873656031
6.32145722696555 0.49416577006978085
2.493747038972792 1.441999995631629
6.036030951588287 2.246849054964702
9.47644376952781 1.0733510562797768
40.73481303850978 1.0546505524616152
5.554820293820439 2.723540543208692
17.83542145102539 0.8331758423696002
21.48038387449555 7.119152444850906
inf inf
63.29893954043294 160.17230994476137
75.15508402394944 82.46164254525377
68.02076356457236 131.98902650860327
80.9695879077218 110.5287186249617
50.16040737893014 51.238586254752214
67.686932481216 117.5881061977806
47.200355191234024 139.93574402550823
58.29534006197419 122.19527970955895
52.94793842014437 146.91423048870104
1.7408316794793615 3.1571582896239594
55.6009095144536 20.684057591386363
87.02717839351598 178.50877918155732
59.36449431222093 92.82008476817427
68.9422218741175 31.24256926519588
73.41025119436254 34.808101920158556
17.450857696204224 1.764581386253504
45.02968174718838 121.44052595879818
78.34072005552254 179.01114924845206
38.03054368966656 87.98224976227726
43.865072988907045 158.23878741776826
69.67351310007645 163.8559660627018
69.84976108781461 23.031823459969456
82.14838443530257 63.62083278403938
3.4206448577962636 1.858644519322489
4.27418094968068 1.7700562452956976
35.8969222842657 76.77111815584415
37.84296929196214 11.957050120079355
30.776631618914852 4.75837452326266
44.175477223667 121.77795615108393
82.79769406097003 84.27384725940236
28.129733395135226 97.04052372091414
15.610194571300354 1.5786801279722524
13.87786397203565 1.8061686522547766
5.537813692225309 1.7051112466878189
42.51913505767615 174.67460848241143
5.381618748674539 1.09231263336246
18.862422042366237 2.9464788107097406
80.49211263667749 173.58130896281054
6.476072925343463 0.2242234885665819
19.814250209213846 2.7624121769562504
inf inf
7.915150493858049 2.1458346053188313
1.280475161887733 0.7282390759223956
35.12413154873798 7.18540500978584
8.10942082202252 2.0635537020567463
7.062819632779643 1.5846793497353024
74.94764300439353 170.8691488747976
76.9756535401423 153.8178941644854
17.09411728339997 2.3353569427684095
2.6361504424015454 0.7071781193856294
42.58316023128624 6.710466374628302
23.495686327248517 2.933285457792825
68.24520349592768 10.402714222938856
23.436793201572755 1.7592892243600744
79.6353634662731 21.8074106638833
17.852015175355536 21.467046538843125
inf inf
inf inf
29.275564447246353 8.603504742641373
55.12664861384795 60.71775413001038
88.69642275977328 37.5026294970136
74.97063114187662 157.45992948047754
77.2818437476705 122.92727457159506
80.66539955053133 108.07539945369619
inf inf
4.495261403265685 1.3071328494493255
33.75607170256444 154.11079837996252
5.4814938864826415 0.3485102236149075
22.498902890233108 1.9378162804634835
82.72496991495585 150.90482226590964
inf inf
26.969351012906767 48.47148959723019
51.51185339852421 128.13881802277427
76.42639732150164 89.20045950764786
61.79618652788476 104.03696146036096
74.31147614991917 159.78530898636382
inf inf
43.844998876680755 95.15144841859086
17.966294612078705 68.92292004090105
26.137108966799524 31.375975602939977
16.975531892438237 84.09839881457502
28.974283717654416 53.8864295661127
inf inf
85.8470539043773 145.886446056908
60.4764268204557 35.96571380943313
0.4921306120796944 0.5274881578246301
